expocode: 316420091215
vessel name: CCE1_122W_33N
"PIs: Sutton, A.; Send, U."
vessel type: Mooring
Mooring Name,Latitude,Longitude,Date,Time,xCO2  SW (wet) (umol/mol),CO2 SW QF,H2O SW (mmol/mol),xCO2  Air (wet) (umol/mol),CO2 Air QF,H2O Air (mmol/mol),Licor Atm Pressure  (hPa),Licor Temp (C),MAPCO2 %O2,SST (C),Salinity,xCO2  SW (dry) (umol/mol),xCO2  Air (dry) (umol/mol),fCO2  SW (sat) uatm,fCO2  Air (sat) uatm,dfCO2,pCO2 SW (sat) uatm,pCO2 Air (sat) uatm,dpCO2
CCE1_122W_33N,33.43,-122.48,12/15/2009,4:58:00,350.4,2,4.07,389.4,2,3.79,1026.3,15.2,99.32,14.826,33.204,351.8,390.9,349.3,388.1,-38.8,350.6,389.6,-39
CCE1_122W_33N,33.43,-122.48,12/15/2009,5:28:00,349.4,2,2.61,390,2,2.47,1026.6,15.6,99.41,14.813,33.204,350.3,390.9,348,388.3,-40.3,349.2,389.7,-40.5
CCE1_122W_33N,33.43,-122.48,12/15/2009,5:58:00,349.3,2,2.46,390.2,2,2.14,1026.9,15.8,99.61,14.805,33.203,350.2,391,347.9,388.5,-40.6,349.2,389.9,-40.7
CCE1_122W_33N,33.43,-122.48,12/15/2009,6:28:00,348.9,2,2.48,390.1,2,2.15,1026.6,15.9,99.71,14.778,33.203,349.8,391,347.4,388.3,-40.9,348.7,389.8,-41.1
CCE1_122W_33N,33.43,-122.48,12/15/2009,6:58:00,348.6,2,2.31,390.2,2,1.98,1026.8,16,99.85,14.774,33.201,349.4,391,347.1,388.4,-41.3,348.4,389.9,-41.5
CCE1_122W_33N,33.43,-122.48,12/15/2009,7:28:00,348.3,2,2.32,390.2,2,1.99,1026.6,16,99.9,14.771,33.201,349.1,391,346.8,388.3,-41.6,348,389.8,-41.8
CCE1_122W_33N,33.43,-122.48,12/15/2009,9:17:00,346.8,2,3.54,389.3,2,3.26,1026.7,15.1,100,14.726,33.195,348,390.5,345.7,388,-42.2,347,389.3,-42.4
CCE1_122W_33N,33.43,-122.48,12/15/2009,12:17:00,347.7,2,3.63,389,2,3.53,1026.8,14.8,99.95,14.625,33.174,348.9,390.4,346.7,387.9,-41.2,347.9,389.3,-41.4
CCE1_122W_33N,33.43,-122.48,12/15/2009,15:17:00,349.4,2,3.65,389.1,2,3.54,1027.4,14.9,99.95,14.669,33.174,350.7,390.5,348.6,388.2,-39.5,349.9,389.6,-39.7
CCE1_122W_33N,33.43,-122.48,12/15/2009,18:17:00,349.5,2,3.7,389.2,2,3.6,1029,15.1,99.9,14.726,33.183,350.8,390.6,349.2,388.9,-39.6,350.6,390.3,-39.8
CCE1_122W_33N,33.43,-122.48,12/15/2009,21:17:00,348.1,2,3.86,388.7,2,3.58,1027,15.8,100,14.925,33.169,349.4,390,347.2,387.5,-40.3,348.4,388.9,-40.5
CCE1_122W_33N,33.43,-122.48,12/16/2009,0:17:00,346.4,2,3.91,388.8,2,3.8,1026.8,16,100,15.223,33.155,347.8,390.3,345.3,387.5,-42.2,346.6,389,-42.4
CCE1_122W_33N,33.43,-122.48,12/16/2009,3:17:00,347.1,2,3.87,388.3,2,3.76,1027.7,15.9,100.05,15.13,33.164,348.5,389.7,346.4,387.4,-41,347.7,388.8,-41.1
CCE1_122W_33N,33.43,-122.48,12/16/2009,6:17:00,347.1,2,4.02,387.9,2,3.73,1027.9,15.7,100,15.166,33.168,348.5,389.4,346.5,387.1,-40.6,347.7,388.5,-40.8
CCE1_122W_33N,33.43,-122.48,12/16/2009,9:17:00,347.5,2,4.05,387.9,2,3.76,1027.6,15.9,99.95,15.256,33.159,349,389.4,346.8,386.9,-40.1,348.1,388.4,-40.3
CCE1_122W_33N,33.43,-122.48,12/16/2009,12:17:00,348,2,4.09,387.8,2,3.81,1027.5,16,99.9,15.24,33.153,349.4,389.3,347.2,386.8,-39.6,348.5,388.2,-39.8
CCE1_122W_33N,33.43,-122.48,12/16/2009,15:17:00,348.2,2,4.09,387.9,2,3.98,1028,16,99.9,15.113,33.146,349.6,389.4,347.6,387.2,-39.6,348.9,388.6,-39.7
CCE1_122W_33N,33.43,-122.48,12/16/2009,18:17:00,346.6,2,4.14,387.4,2,4.03,1029,16.3,99.95,15.065,33.148,348,389,346.4,387.2,-40.8,347.6,388.6,-41
CCE1_122W_33N,33.43,-122.48,12/16/2009,21:17:00,352.1,2,4.12,387.3,2,4,1027.4,16.9,99.95,15.497,33.144,353.5,388.9,351.2,386.3,-35.1,352.4,387.7,-35.3
CCE1_122W_33N,33.43,-122.48,12/17/2009,0:17:00,348.2,3,4.08,387.4,3,4.15,1027.4,16.7,100,14.862,33.14,349.6,389,347.5,386.7,-39.2,348.8,388.1,-39.3
CCE1_122W_33N,33.43,-122.48,12/17/2009,3:17:00,345.2,2,4.05,387.1,2,3.95,1027.7,15.9,100.15,14.288,33.167,346.6,388.6,344.8,386.6,-41.8,346.1,388,-41.9
CCE1_122W_33N,33.43,-122.48,12/17/2009,6:17:00,344.9,2,3.79,386.9,2,3.86,1027.4,15.5,100.19,14.597,33.184,346.2,388.4,344.2,386.1,-42,345.5,387.6,-42.1
CCE1_122W_33N,33.43,-122.48,12/17/2009,9:17:00,343.2,2,3.8,386.7,2,3.87,1026.9,15.5,100.24,14.663,33.193,344.5,388.2,342.3,385.7,-43.4,343.6,387.2,-43.6
CCE1_122W_33N,33.43,-122.48,12/17/2009,12:17:00,343.6,2,3.99,386.5,2,3.88,1026.2,15.6,100.29,14.69,33.191,345,388,342.6,385.2,-42.6,343.8,386.7,-42.9
CCE1_122W_33N,33.43,-122.48,12/17/2009,15:17:00,344.7,2,4,386.3,2,3.89,1026.5,15.6,100.29,14.731,33.193,346.1,387.8,343.8,385.2,-41.4,345,386.6,-41.6
CCE1_122W_33N,33.43,-122.48,12/17/2009,18:17:00,344.8,2,3.85,385.9,2,3.91,1027,15.7,100.29,14.788,33.2,346.1,387.4,343.9,384.9,-41,345.2,386.3,-41.2
CCE1_122W_33N,33.43,-122.48,12/17/2009,21:17:00,344.2,2,4.05,386.2,2,3.94,1025.2,15.8,100.34,14.867,33.2,345.5,387.7,342.7,384.5,-41.8,343.9,385.9,-42
CCE1_122W_33N,33.43,-122.48,12/18/2009,0:17:00,344.3,2,4.05,388.9,2,3.94,1025.6,15.8,100.39,14.752,33.163,345.7,390.4,343.1,387.4,-44.4,344.3,388.8,-44.5
CCE1_122W_33N,33.43,-122.48,12/18/2009,3:17:00,343.8,2,4.04,386.9,2,3.93,1025.9,15.8,100.39,14.804,33.193,345.2,388.4,342.6,385.5,-42.9,343.9,386.9,-43
CCE1_122W_33N,33.43,-122.48,12/18/2009,6:17:00,344.4,2,4.02,386.8,2,3.92,1025.8,15.7,100.39,14.833,33.207,345.8,388.3,343.2,385.4,-42.2,344.4,386.8,-42.3
CCE1_122W_33N,33.43,-122.48,12/18/2009,9:17:00,345.1,2,4.02,387.1,2,3.91,1025.1,15.7,100.34,14.77,33.202,346.5,388.6,343.6,385.4,-41.8,344.9,386.8,-41.9
CCE1_122W_33N,33.43,-122.48,12/18/2009,12:17:00,345.4,2,4,386.9,2,3.9,1024.6,15.6,100.34,14.695,33.187,346.8,388.4,343.8,385.1,-41.3,345.1,386.5,-41.4
CCE1_122W_33N,33.43,-122.48,12/18/2009,15:17:00,346.5,2,3.98,387.7,2,3.88,1025.1,15.6,100.29,14.624,33.181,347.9,389.2,345.1,386.1,-41,346.4,387.5,-41.1
CCE1_122W_33N,33.43,-122.48,12/18/2009,18:17:00,346.7,2,4,389.6,2,3.89,1025.5,15.6,100.24,14.575,33.174,348,391.1,345.4,388.1,-42.8,346.6,389.5,-42.9
CCE1_122W_33N,33.43,-122.48,12/18/2009,21:17:00,348.3,2,4,390.2,2,3.89,1023.4,15.6,100.24,14.558,33.156,349.7,391.8,346.3,388,-41.7,347.6,389.4,-41.8
CCE1_122W_33N,33.43,-122.48,12/19/2009,0:17:00,346,2,3.99,394,2,3.89,1023.1,15.6,100.24,14.615,33.174,347.4,395.5,343.9,391.5,-47.6,345.2,393,-47.8
CCE1_122W_33N,33.43,-122.48,12/19/2009,3:17:00,345,2,3.99,385.8,2,4.06,1023.5,15.5,100.29,14.635,33.188,346.4,387.3,343.1,383.6,-40.5,344.3,385,-40.7
CCE1_122W_33N,33.43,-122.48,12/19/2009,6:17:00,346.2,2,3.99,386.3,2,3.89,1023.3,15.6,100.29,14.576,33.183,347.5,387.8,344.1,384,-39.8,345.4,385.4,-40.1
CCE1_122W_33N,33.43,-122.48,12/19/2009,9:17:00,346.2,2,3.97,387.7,2,4.05,1022.1,15.5,100.29,14.557,33.185,347.6,389.3,343.8,385,-41.2,345.1,386.5,-41.4
CCE1_122W_33N,33.43,-122.48,12/19/2009,12:17:00,346.8,2,3.97,387.1,2,4.04,1020.9,15.4,100.29,14.551,33.185,348.2,388.7,344,384,-40,345.2,385.4,-40.2
CCE1_122W_33N,33.43,-122.48,12/19/2009,15:17:00,347,2,3.96,388.6,2,3.86,1022,15.4,100.24,14.557,33.187,348.4,390.1,344.5,385.8,-41.3,345.8,387.2,-41.4
CCE1_122W_33N,33.43,-122.48,12/19/2009,18:17:00,346.9,2,3.93,389.9,2,4,1023.4,15.3,100.24,14.539,33.186,348.2,391.5,344.9,387.7,-42.8,346.1,389.1,-43
CCE1_122W_33N,33.43,-122.48,12/19/2009,21:17:00,346.9,2,4.12,390,2,4.02,1021.6,15.3,100.29,14.586,33.185,348.4,391.6,344.4,387.1,-42.8,345.7,388.5,-42.9
CCE1_122W_33N,33.43,-122.48,12/20/2009,0:17:00,345.9,2,4.16,392.1,2,4.06,1021.4,15.5,100.34,14.598,33.18,347.4,393.7,343.3,389.1,-45.8,344.6,390.5,-45.9
CCE1_122W_33N,33.43,-122.48,12/20/2009,3:17:00,345.7,2,3.8,392.7,2,3.87,1022.2,15.5,100.34,14.541,33.173,347.1,394.2,343.3,390,-46.7,344.6,391.4,-46.8
CCE1_122W_33N,33.43,-122.48,12/20/2009,6:17:00,346.8,2,4.14,389.3,2,4.03,1022.2,15.4,100.25,14.561,33.188,348.3,390.9,344.5,386.7,-42.2,345.8,388.1,-42.3
CCE1_122W_33N,33.43,-122.48,12/20/2009,9:17:00,347.3,2,3.73,391.7,2,3.62,1021,15.1,100.29,14.569,33.2,348.6,393.1,344.4,388.4,-44,345.7,389.8,-44.1
CCE1_122W_33N,33.43,-122.48,12/20/2009,12:17:00,346.6,2,3.64,390.2,2,3.7,1021.5,14.7,100.25,14.498,33.164,347.8,391.7,343.8,387.2,-43.3,345.1,388.6,-43.6
CCE1_122W_33N,33.43,-122.48,12/20/2009,15:17:00,346.5,2,3.83,390.2,2,3.73,1022.7,14.9,100.25,14.534,33.186,347.8,391.6,344.2,387.6,-43.4,345.5,389,-43.5
CCE1_122W_33N,33.43,-122.48,12/20/2009,18:17:00,346,2,4.09,389.5,2,3.99,1023.9,15.3,100.2,14.513,33.141,347.4,391.1,344.2,387.5,-43.2,345.5,389,-43.5
CCE1_122W_33N,33.43,-122.48,12/20/2009,21:17:00,347.5,2,4.18,391.1,2,4.08,1022.3,15.6,100.25,14.645,33.104,348.9,392.7,345.2,388.4,-43.2,346.4,389.9,-43.5
CCE1_122W_33N,33.43,-122.48,12/21/2009,0:17:00,346.8,2,4.21,392.3,2,4.11,1022,15.7,100.29,14.653,33.102,348.2,393.9,344.4,389.5,-45.2,345.6,390.9,-45.4
CCE1_122W_33N,33.43,-122.48,12/21/2009,3:17:00,344.8,2,4.02,388.4,2,3.92,1023,15.7,100.29,14.58,33.101,346.2,389.9,342.7,386,-43.3,344,387.4,-43.4
CCE1_122W_33N,33.43,-122.48,12/21/2009,6:17:00,345.1,2,3.76,385.2,2,3.65,1023.6,15.3,100.29,14.522,33.1,346.4,386.6,343.1,383,-39.9,344.4,384.4,-40
CCE1_122W_33N,33.43,-122.48,12/21/2009,9:17:00,345.6,2,3.86,385.1,2,3.76,1022.5,15,100.29,14.486,33.104,346.9,386.6,343.3,382.5,-39.3,344.5,384,-39.4
CCE1_122W_33N,33.43,-122.48,12/21/2009,12:17:00,345.4,2,3.85,385.6,2,3.75,1021.9,14.9,100.29,14.621,33.144,346.8,387,342.9,382.7,-39.8,344.2,384.1,-39.9
CCE1_122W_33N,33.43,-122.48,12/21/2009,15:17:00,346.2,2,3.87,385.7,2,3.77,1022.3,15,100.29,14.526,33.123,347.5,387.2,343.8,383,-39.2,345,384.5,-39.4
CCE1_122W_33N,33.43,-122.48,12/21/2009,18:17:00,345.7,2,3.89,385.7,2,3.79,1022.8,15.1,100.24,14.693,33.158,347,387.1,343.4,383.1,-39.7,344.7,384.5,-39.8
CCE1_122W_33N,33.43,-122.48,12/21/2009,21:17:00,346.9,2,3.97,386,2,3.87,1020.4,15.4,100.29,14.763,33.129,348.3,387.5,343.8,382.5,-38.7,345.1,383.9,-38.8
CCE1_122W_33N,33.43,-122.48,12/22/2009,0:17:00,345.2,2,4.01,386.2,2,3.91,1020,15.6,100.34,14.537,33.089,346.5,387.7,342,382.7,-40.7,343.3,384.1,-40.8
CCE1_122W_33N,33.43,-122.48,12/22/2009,3:17:00,344.3,2,3.98,386.3,2,3.88,1020.9,15.5,100.44,14.627,33.14,345.7,387.8,341.5,383.1,-41.6,342.7,384.5,-41.7
CCE1_122W_33N,33.43,-122.48,12/22/2009,6:17:00,344.9,2,3.94,387.3,2,3.83,1022.3,15.3,100.44,14.724,33.166,346.2,388.8,342.4,384.5,-42.1,343.7,386,-42.3
CCE1_122W_33N,33.43,-122.48,12/22/2009,9:17:00,345.6,2,3.87,387.7,2,3.76,1022.5,15,100.29,14.587,33.171,346.9,389.2,343.2,385.1,-41.8,344.5,386.5,-42
CCE1_122W_33N,33.43,-122.48,12/22/2009,12:17:00,345.8,2,3.77,387.3,2,3.5,1022.4,14.6,100.24,14.503,33.179,347.1,388.7,343.4,384.6,-41.2,344.7,386,-41.3
CCE1_122W_33N,33.43,-122.48,12/22/2009,15:17:00,345.4,2,3.54,387.1,2,3.44,1023.7,14.3,100.19,14.403,33.162,346.6,388.4,343.4,384.8,-41.4,344.7,386.2,-41.6
CCE1_122W_33N,33.43,-122.48,12/22/2009,18:17:00,345.8,2,3.54,387.4,2,3.44,1024.9,14.3,100.19,14.374,33.15,347.1,388.8,344.3,385.7,-41.4,345.6,387.1,-41.5
CCE1_122W_33N,33.43,-122.48,12/22/2009,21:17:00,346.1,2,3.55,387.4,2,3.61,1023.2,14.3,100.15,14.333,33.141,347.3,388.8,344,385.1,-41.1,345.2,386.5,-41.3
CCE1_122W_33N,33.43,-122.48,12/23/2009,0:17:00,345.8,2,3.68,387.2,2,3.58,1023.6,14.2,100.15,14.267,33.13,347.1,388.6,343.9,385,-41.2,345.2,386.4,-41.3
CCE1_122W_33N,33.43,-122.48,12/23/2009,3:17:00,346.9,2,3.68,387.6,2,3.58,1023.9,14.2,100.15,14.222,33.126,348.2,389,345.1,385.5,-40.5,346.4,387,-40.6
CCE1_122W_33N,33.43,-122.48,12/23/2009,6:17:00,347.9,2,3.53,387.7,2,3.43,1024.2,14.3,100.05,14.209,33.125,349.2,389.1,346.2,385.7,-39.6,347.5,387.2,-39.7
CCE1_122W_33N,33.43,-122.48,12/23/2009,9:17:00,348.8,2,3.52,387.5,2,3.58,1024.6,14.2,99.9,14.171,33.124,350,388.9,347.2,385.8,-38.6,348.4,387.2,-38.7
CCE1_122W_33N,33.43,-122.48,12/23/2009,12:17:00,349.1,2,3.62,387,2,3.53,1024.2,14,99.85,14.155,33.125,350.3,388.3,347.4,385,-37.7,348.6,386.4,-37.8
CCE1_122W_33N,33.43,-122.48,12/23/2009,15:17:00,350,2,3.58,388.1,2,3.49,1025.2,13.8,99.81,13.993,33.117,351.2,389.4,348.7,386.6,-37.9,349.9,388,-38.1
CCE1_122W_33N,33.43,-122.48,12/23/2009,18:17:00,348.9,2,3.59,389.6,2,3.49,1026.5,13.9,99.76,13.983,33.12,350.1,391,348,388.6,-40.6,349.3,390.1,-40.8
CCE1_122W_33N,33.43,-122.48,12/23/2009,21:17:00,349.8,2,3.61,390,2,3.52,1024.8,13.9,99.76,14.038,33.119,351,391.4,348.3,388.3,-40,349.6,389.8,-40.2
CCE1_122W_33N,33.43,-122.48,12/24/2009,0:17:00,347.6,2,3.81,388.8,2,3.71,1025.6,14.1,99.81,14.11,33.125,348.9,390.2,346.5,387.5,-41,347.7,388.9,-41.2
CCE1_122W_33N,33.43,-122.48,12/24/2009,3:17:00,346.4,2,3.67,387.9,2,3.57,1026,14.2,99.81,14.078,33.13,347.7,389.3,345.4,386.7,-41.3,346.7,388.1,-41.5
CCE1_122W_33N,33.43,-122.48,12/24/2009,6:17:00,345.6,2,3.67,387.4,2,3.58,1025.5,14.2,99.85,14.051,33.134,346.9,388.8,344.4,386,-41.6,345.7,387.5,-41.8
CCE1_122W_33N,33.43,-122.48,12/24/2009,9:17:00,346.7,2,3.68,388.6,2,3.58,1024.6,14.2,99.85,13.997,33.134,348,390,345.2,386.9,-41.7,346.5,388.3,-41.8
CCE1_122W_33N,33.43,-122.48,12/24/2009,12:17:00,347.1,2,3.67,388.5,2,3.57,1024.3,14.2,99.85,14.039,33.133,348.4,389.9,345.5,386.7,-41.2,346.8,388.1,-41.3
CCE1_122W_33N,33.43,-122.48,12/24/2009,15:17:00,348.4,2,3.8,388.4,2,3.54,1025,14.1,99.76,14.042,33.131,349.7,389.8,347,386.8,-39.7,348.3,388.3,-39.9
CCE1_122W_33N,33.43,-122.48,12/24/2009,18:17:00,347.1,2,3.67,389.3,2,3.58,1025.4,14.2,99.76,14.053,33.133,348.3,390.7,345.8,387.9,-42.1,347.1,389.3,-42.2
CCE1_122W_33N,33.43,-122.48,12/24/2009,21:17:00,346.9,2,3.91,388.8,2,3.82,1023.5,14.5,99.85,14.045,33.131,348.3,390.3,345.1,386.8,-41.7,346.4,388.2,-41.8
CCE1_122W_33N,33.43,-122.48,12/25/2009,0:17:00,346.8,2,4.04,388.8,2,3.77,1023.2,15,99.9,15.113,33.141,348.2,390.3,344.6,386.2,-41.6,345.8,387.6,-41.8
CCE1_122W_33N,33.43,-122.48,12/25/2009,3:17:00,343.3,2,4.02,389,2,3.92,1023.8,15,99.95,14.816,33.141,344.6,390.5,341.4,386.8,-45.4,342.6,388.2,-45.6
CCE1_122W_33N,33.43,-122.48,12/25/2009,6:17:00,342.8,2,3.96,389.6,2,3.86,1023.6,14.7,99.95,14.774,33.126,344.2,391.1,340.8,387.3,-46.4,342.1,388.7,-46.6
CCE1_122W_33N,33.43,-122.48,12/25/2009,9:17:00,344.2,2,3.89,389.6,2,3.8,1022.1,14.4,99.95,14.567,33.12,345.6,391.1,341.8,386.8,-45,343.1,388.2,-45.2
CCE1_122W_33N,33.43,-122.48,12/25/2009,12:17:00,345.1,2,3.85,389.8,2,3.76,1021.8,14.2,99.95,14.456,33.116,346.4,391.3,342.6,386.9,-44.3,343.8,388.4,-44.6
CCE1_122W_33N,33.43,-122.48,12/25/2009,15:17:00,344.1,2,3.88,390.5,2,3.79,1022.1,14.4,99.95,14.574,33.122,345.4,392,341.6,387.7,-46.1,342.9,389.1,-46.3
CCE1_122W_33N,33.43,-122.48,12/25/2009,18:17:00,341.1,2,3.96,390.2,2,3.86,1023.2,14.7,99.95,14.699,33.13,342.5,391.7,339.1,387.8,-48.7,340.3,389.2,-48.9
CCE1_122W_33N,33.43,-122.48,12/25/2009,21:17:00,343,2,4.21,390.5,2,4.11,1020.7,15,100,14.41,33.11,344.5,392.1,340.3,387.3,-47.1,341.6,388.8,-47.2
CCE1_122W_33N,33.43,-122.48,12/26/2009,0:17:00,349.4,2,4.24,392.5,2,3.97,1019.4,15.1,100.05,15.181,33.142,350.9,394,345.9,388.4,-42.5,347.2,389.8,-42.6
CCE1_122W_33N,33.43,-122.48,12/26/2009,3:17:00,349.5,2,4.1,391.3,2,4,1020,15.3,100.05,15.305,33.148,350.9,392.8,346.1,387.4,-41.3,347.3,388.8,-41.5
CCE1_122W_33N,33.43,-122.48,12/26/2009,6:17:00,349.8,2,4.26,388.7,2,3.99,1021.2,15.2,100,15.377,33.155,351.3,390.2,346.8,385.3,-38.4,348.1,386.7,-38.5
CCE1_122W_33N,33.43,-122.48,12/26/2009,9:17:00,351.7,2,4.3,387.9,2,4.2,1021.3,15.4,99.95,15.571,33.161,353.2,389.5,348.7,384.6,-35.8,350,385.9,-36
CCE1_122W_33N,33.43,-122.48,12/26/2009,12:17:00,353.7,2,4.35,387.9,2,4.26,1020.2,15.6,99.95,15.658,33.17,355.2,389.6,350.3,384.2,-33.9,351.5,385.6,-34
CCE1_122W_33N,33.43,-122.48,12/26/2009,15:17:00,351.9,2,4.34,387.8,2,4.24,1020.5,15.5,99.81,15.673,33.168,353.4,389.5,348.6,384.2,-35.6,349.8,385.6,-35.7
CCE1_122W_33N,33.43,-122.48,12/26/2009,18:17:00,352.7,2,4.3,387.8,2,4.38,1022.3,16.1,99.85,15.767,33.17,354.2,389.5,350,384.9,-34.9,351.2,386.2,-35
CCE1_122W_33N,33.43,-122.48,12/26/2009,21:17:00,356.1,2,4.6,387.9,2,4.49,1021.2,16.5,99.81,15.963,33.21,357.7,389.7,353,384.5,-31.5,354.2,385.9,-31.7
CCE1_122W_33N,33.43,-122.48,12/27/2009,0:17:00,356.4,2,4.67,387.6,2,4.56,1021.1,16.7,99.81,16.036,33.211,358.1,389.4,353.3,384.1,-30.9,354.6,385.5,-31
CCE1_122W_33N,33.43,-122.48,12/27/2009,3:17:00,355.6,2,4.65,387.5,2,4.55,1022.3,16.7,99.81,15.939,33.192,357.3,389.2,352.9,384.5,-31.5,354.2,385.9,-31.6
CCE1_122W_33N,33.43,-122.48,12/27/2009,6:17:00,352.2,2,4.63,387.3,2,4.53,1023.1,16.6,99.76,15.783,33.171,353.8,389.1,349.8,384.7,-34.9,351.1,386.1,-35
CCE1_122W_33N,33.43,-122.48,12/27/2009,9:17:00,349.3,2,4.6,387.3,2,4.5,1022.6,16.5,99.81,15.152,33.142,350.9,389,347,384.7,-37.7,348.3,386.1,-37.8
CCE1_122W_33N,33.43,-122.48,12/27/2009,12:17:00,346.2,2,4.21,387.3,2,4.1,1023.5,15.7,99.85,14.279,33.099,347.6,388.9,344.4,385.2,-40.9,345.6,386.7,-41.1
CCE1_122W_33N,33.43,-122.48,12/27/2009,15:17:00,346.3,2,4.14,387.2,2,4.05,1024,15.5,99.85,14.775,33.115,347.7,388.8,344.5,385.1,-40.6,345.7,386.6,-40.9
CCE1_122W_33N,33.43,-122.48,12/27/2009,18:17:00,345.5,2,4.17,386.7,2,4.07,1025.3,15.6,99.9,15.054,33.131,346.9,388.3,344,385,-41,345.3,386.5,-41.2
CCE1_122W_33N,33.43,-122.48,12/27/2009,21:17:00,347.6,2,4.41,387.3,2,4.31,1023.5,15.8,99.95,15.223,33.14,349.2,389,345.6,385,-39.4,346.9,386.4,-39.5
CCE1_122W_33N,33.43,-122.48,12/28/2009,0:17:00,348.4,2,4.34,387.4,2,4.23,1023.3,16.2,100.05,15.289,33.14,349.9,389,346.3,384.9,-38.7,347.5,386.3,-38.8
CCE1_122W_33N,33.43,-122.48,12/28/2009,3:17:00,349.9,2,4.47,387.4,2,4.37,1023.2,16,100,15.372,33.149,351.5,389.1,347.7,385,-37.2,349,386.3,-37.3
CCE1_122W_33N,33.43,-122.48,12/28/2009,6:17:00,350,2,4.45,387.3,2,4.34,1023.3,16,100,15.311,33.147,351.6,389,347.8,384.9,-37,349.2,386.3,-37.1
CCE1_122W_33N,33.43,-122.48,12/28/2009,9:17:00,349,2,4.39,387,2,4.29,1022.9,15.8,99.95,15.164,33.14,350.5,388.7,346.7,384.5,-37.7,348,385.9,-37.9
CCE1_122W_33N,33.43,-122.48,12/28/2009,12:17:00,350.3,2,4.4,387.4,2,4.3,1021.7,15.8,100,15.126,33.134,351.8,389.1,347.7,384.4,-36.8,348.9,385.9,-37
CCE1_122W_33N,33.43,-122.48,12/28/2009,15:17:00,350,2,4.33,387.1,2,4.23,1021,15.5,100.05,13.984,33.056,351.5,388.8,347.4,384.3,-36.9,348.8,385.8,-37
CCE1_122W_33N,33.43,-122.48,12/28/2009,18:17:00,348,2,3.81,387.3,2,3.7,1021.7,14.7,100.05,13.73,33.015,349.3,388.7,345.7,384.6,-39,346.9,386,-39.1
CCE1_122W_33N,33.43,-122.48,12/28/2009,21:17:00,351.3,2,4.12,387.2,2,4.03,1019.6,14.6,100.19,13.708,33.054,352.8,388.8,348.4,383.9,-35.5,349.7,385.3,-35.7
CCE1_122W_33N,33.43,-122.48,12/29/2009,0:17:00,349.5,2,4.04,387.7,2,3.94,1019.3,15,100.24,13.716,32.982,350.9,389.3,346.4,384.2,-37.9,347.7,385.7,-38
CCE1_122W_33N,33.43,-122.48,12/29/2009,3:17:00,348.2,2,3.77,388.5,2,3.67,1019.9,14.6,100.34,13.65,33.035,349.5,389.9,345.2,385.1,-39.9,346.5,386.6,-40.1
CCE1_122W_33N,33.43,-122.48,12/29/2009,6:17:00,346.7,2,3.88,387.4,2,3.78,1021.6,14.4,100.29,13.647,33.013,348.1,388.9,344.4,384.8,-40.4,345.7,386.2,-40.5
CCE1_122W_33N,33.43,-122.48,12/29/2009,9:17:00,349.3,2,3.71,391.6,2,3.61,1021.9,14.3,100.24,13.556,33.053,350.6,393,347,389,-41.9,348.3,390.4,-42.1
CCE1_122W_33N,33.43,-122.48,12/29/2009,12:17:00,351.1,2,3.65,393.2,2,3.55,1022.9,14.1,100.24,13.47,33.056,352.4,394.6,349.2,391,-41.8,350.5,392.5,-42
CCE1_122W_33N,33.43,-122.48,12/29/2009,15:17:00,349.1,2,3.59,391.7,2,3.5,1024.9,13.8,100.15,13.456,33.079,350.4,393,347.9,390.2,-42.3,349.2,391.6,-42.5
CCE1_122W_33N,33.43,-122.48,12/29/2009,18:17:00,347.2,2,3.62,389.2,2,3.53,1027.3,14,100.1,13.6,33.064,348.5,390.5,346.8,388.6,-41.8,348.1,390,-41.9
CCE1_122W_33N,33.43,-122.48,12/29/2009,21:17:00,346.4,2,3.68,389.1,2,3.58,1025.5,14.2,100.1,13.724,33.064,347.7,390.4,345.3,387.8,-42.4,346.6,389.2,-42.6
CCE1_122W_33N,33.43,-122.48,12/30/2009,0:17:00,345.3,2,3.86,388.3,2,3.6,1026.4,14.3,100.15,13.689,33.062,346.6,389.7,344.6,387.4,-42.9,345.8,388.8,-43
CCE1_122W_33N,33.43,-122.48,12/30/2009,3:17:00,345.1,2,3.65,388.5,2,3.55,1026.9,14.1,100.14,13.592,33.064,346.4,389.9,344.6,387.8,-43.2,345.8,389.3,-43.4
CCE1_122W_33N,33.43,-122.48,12/30/2009,6:17:00,347.1,2,3.62,388.2,2,3.52,1028.5,14,100.1,13.471,33.078,348.3,389.6,347.1,388.2,-41.1,348.3,389.6,-41.3
CCE1_122W_33N,33.43,-122.48,12/30/2009,9:17:00,347.5,2,3.65,388.1,2,3.55,1028.3,14.1,100.1,13.476,33.075,348.7,389.4,347.4,387.9,-40.5,348.7,389.4,-40.7
CCE1_122W_33N,33.43,-122.48,12/30/2009,12:17:00,346.9,2,3.86,387.9,2,3.77,1027.1,14.4,100.1,13.538,33.058,348.2,389.3,346.5,387.4,-40.9,347.7,388.8,-41
CCE1_122W_33N,33.43,-122.48,12/30/2009,15:17:00,345,2,3.94,387.7,2,3.84,1027.5,14.7,100.1,13.569,33.059,346.3,389.2,344.7,387.4,-42.6,346,388.8,-42.9
CCE1_122W_33N,33.43,-122.48,12/30/2009,18:17:00,344.6,2,3.97,387.6,2,3.87,1028.5,14.8,100.1,13.578,33.06,345.9,389.1,344.6,387.7,-43,345.9,389.1,-43.2
CCE1_122W_33N,33.43,-122.48,12/30/2009,21:17:00,344.5,2,3.83,387.2,2,3.89,1027.5,14.9,100.14,13.625,33.061,345.9,388.7,344.2,386.8,-42.6,345.5,388.3,-42.8
CCE1_122W_33N,33.43,-122.48,12/31/2009,0:17:00,343.7,2,3.96,387.4,2,3.86,1028.4,14.8,100.19,13.639,33.059,345.1,388.9,343.7,387.4,-43.6,345,388.8,-43.8
CCE1_122W_33N,33.43,-122.48,12/31/2009,3:17:00,343.9,2,3.72,387.5,2,3.62,1029.7,14.5,100.19,13.608,33.064,345.2,388.9,344.3,387.9,-43.7,345.6,389.3,-43.8
CCE1_122W_33N,33.43,-122.48,12/31/2009,6:17:00,343.8,2,3.68,387.5,2,3.58,1030.6,14.3,100.24,13.589,33.063,345,388.9,344.5,388.2,-43.8,345.7,389.7,-44
CCE1_122W_33N,33.43,-122.48,12/31/2009,9:17:00,343.8,2,3.68,387.6,2,3.59,1030.9,14.3,100.24,13.561,33.05,345.1,389,344.6,388.5,-43.8,345.9,389.9,-44
CCE1_122W_33N,33.43,-122.48,12/31/2009,12:17:00,342.8,2,3.68,387.4,2,3.58,1030.5,14.3,100.19,13.535,33.059,344,388.8,343.4,388.1,-44.7,344.7,389.6,-44.9
CCE1_122W_33N,33.43,-122.48,12/31/2009,15:17:00,341.9,2,3.68,387.6,2,3.59,1030.9,14.4,100.1,14.136,33.072,343.1,389,342.5,388.3,-45.8,343.7,389.7,-46
CCE1_122W_33N,33.43,-122.48,12/31/2009,18:17:00,339.9,2,4.16,387.4,2,4.06,1032.3,15,100.14,14.396,33.082,341.3,389,341,388.7,-47.7,342.3,390.1,-47.8
CCE1_122W_33N,33.43,-122.48,12/31/2009,21:17:00,343.4,2,4.19,387.5,2,4.09,1031.3,15.8,100.14,14.28,33.167,344.9,389.1,344.3,388.4,-44.1,345.6,389.9,-44.3
CCE1_122W_33N,33.43,-122.48,1/1/2010,0:17:00,340.5,2,4.17,387.6,2,4.06,1031.2,15.7,100.19,14.324,33.067,342,389.2,341.3,388.5,-47.2,342.7,389.9,-47.3
CCE1_122W_33N,33.43,-122.48,1/1/2010,3:17:00,340,2,3.84,387.7,2,3.74,1031.7,15.1,100.19,13.652,33.03,341.3,389.2,341,388.9,-47.9,342.3,390.4,-48
CCE1_122W_33N,33.43,-122.48,1/1/2010,6:17:00,337.9,2,3.75,387.6,2,3.65,1032.4,14.7,100.19,14.463,33.077,339.2,389,338.9,388.7,-49.8,340.2,390.1,-49.9
CCE1_122W_33N,33.43,-122.48,1/1/2010,9:17:00,339.3,2,3.96,387.8,2,3.86,1031.6,14.8,100.19,14.567,33.087,340.7,389.3,340.1,388.7,-48.6,341.4,390.1,-48.7
CCE1_122W_33N,33.43,-122.48,1/1/2010,12:17:00,341.3,2,3.99,387.7,2,3.89,1030.1,14.9,100.19,13.797,33.067,342.6,389.2,341.8,388.3,-46.5,343.1,389.7,-46.7
CCE1_122W_33N,33.43,-122.48,1/1/2010,15:17:00,343.5,2,3.74,387.5,2,3.64,1030.4,14.6,100.19,13.46,33.087,344.8,388.9,344.2,388.2,-44,345.5,389.7,-44.2
CCE1_122W_33N,33.43,-122.48,1/1/2010,18:17:00,340,2,3.93,387.3,2,3.83,1031.3,14.7,100.19,13.509,33.088,341.4,388.8,341.1,388.4,-47.3,342.4,389.9,-47.5
CCE1_122W_33N,33.43,-122.48,1/1/2010,21:17:00,343.2,2,4.01,387.1,2,3.91,1029.3,15,100.19,13.651,33.094,344.5,388.6,343.5,387.5,-44,344.7,388.9,-44.1
CCE1_122W_33N,33.43,-122.48,1/2/2010,0:17:00,341.5,2,4.04,387.2,2,3.94,1028,15.1,100.34,13.639,33.095,342.9,388.7,341.4,387,-45.6,342.7,388.5,-45.8
CCE1_122W_33N,33.43,-122.48,1/2/2010,3:17:00,339.9,2,3.77,387.5,2,3.67,1028.5,14.7,100.39,13.803,33.121,341.2,388.9,339.9,387.4,-47.5,341.1,388.8,-47.7
CCE1_122W_33N,33.43,-122.48,1/2/2010,6:17:00,340.4,2,3.87,387.7,2,3.78,1030.1,14.5,100.39,13.781,33.119,341.7,389.1,340.9,388.2,-47.3,342.2,389.6,-47.5
CCE1_122W_33N,33.43,-122.48,1/2/2010,9:17:00,339.7,2,3.88,387.6,2,3.79,1027.7,14.5,100.43,13.782,33.113,341,389.1,339.4,387.3,-47.9,340.7,388.7,-48.1
CCE1_122W_33N,33.43,-122.48,1/2/2010,12:17:00,338.1,2,3.73,387.5,2,3.79,1027.2,14.5,100.43,13.774,33.105,339.4,389,337.6,386.9,-49.3,338.9,388.4,-49.5
CCE1_122W_33N,33.43,-122.48,1/2/2010,15:17:00,339.3,2,3.73,387.5,2,3.79,1026.8,14.5,100.43,13.75,33.099,340.6,389,338.7,386.8,-48.1,340,388.3,-48.3
CCE1_122W_33N,33.43,-122.48,1/2/2010,18:17:00,340.2,2,3.87,387.3,2,3.77,1027.9,14.4,100.48,13.764,33.113,341.5,388.7,340,387,-47,341.2,388.4,-47.2
CCE1_122W_33N,33.43,-122.48,1/2/2010,21:17:00,337.8,2,3.92,387.3,2,3.82,1025.2,14.6,100.63,13.737,33.111,339.1,388.8,336.7,386,-49.3,337.9,387.5,-49.5
CCE1_122W_33N,33.43,-122.48,1/3/2010,0:17:00,336.9,2,3.77,387.3,2,3.67,1024.9,14.6,100.77,13.651,33.093,338.2,388.7,335.7,385.8,-50.1,337,387.3,-50.3
CCE1_122W_33N,33.43,-122.48,1/3/2010,3:17:00,339.3,2,3.73,387.4,2,3.63,1024.9,14.4,100.82,13.527,33.083,340.5,388.8,338.1,386,-47.9,339.3,387.4,-48.1
CCE1_122W_33N,33.43,-122.48,1/3/2010,6:17:00,339.3,2,3.86,387.4,2,3.76,1025.1,14.3,100.82,13.502,33.086,340.6,388.9,338.2,386.2,-47.9,339.5,387.6,-48.1
CCE1_122W_33N,33.43,-122.48,1/3/2010,9:17:00,341.2,2,3.85,390.3,2,3.75,1023.5,14.2,100.78,13.436,33.081,342.5,391.8,339.6,388.4,-48.8,340.9,389.9,-49.1
CCE1_122W_33N,33.43,-122.48,1/3/2010,12:17:00,343,2,3.85,391.9,2,3.75,1023,14.2,100.73,13.278,33.074,344.3,393.4,341.3,389.9,-48.6,342.5,391.4,-48.8
CCE1_122W_33N,33.43,-122.48,1/3/2010,15:17:00,349.5,2,3.65,394.7,2,3.55,1023.1,14.1,100.63,13.048,33.029,350.8,396.1,347.8,392.7,-44.9,349.1,394.2,-45.1
CCE1_122W_33N,33.43,-122.48,1/3/2010,18:17:00,348,2,3.58,395.6,2,3.65,1024.3,13.8,100.58,13.049,33.033,349.3,397,346.7,394.1,-47.4,348,395.6,-47.5
CCE1_122W_33N,33.43,-122.48,1/3/2010,21:17:00,348.1,2,3.71,392.8,2,3.61,1022.4,13.6,100.58,13.165,33.04,349.3,394.2,346.1,390.5,-44.4,347.3,392,-44.6
CCE1_122W_33N,33.43,-122.48,1/4/2010,0:17:00,336,2,3.79,394.1,2,3.7,1022.5,14,100.68,14.069,33.008,337.2,395.5,333.8,391.6,-57.7,335,393,-57.9
CCE1_122W_33N,33.43,-122.48,1/4/2010,3:17:00,335.2,2,3.92,395.3,2,3.82,1023.1,14.5,100.63,14.145,33.003,336.5,396.8,333.3,393,-59.7,334.5,394.5,-59.9
CCE1_122W_33N,33.43,-122.48,1/4/2010,6:17:00,335.2,2,3.93,394.5,2,3.83,1023.5,14.6,100.58,14.132,33.006,336.6,396.1,333.5,392.4,-59,334.7,393.9,-59.2
CCE1_122W_33N,33.43,-122.48,1/4/2010,9:17:00,336.3,2,3.94,394.8,2,3.84,1023,14.6,100.58,14.089,33.018,337.6,396.4,334.4,392.6,-58.2,335.6,394,-58.5
CCE1_122W_33N,33.43,-122.48,1/4/2010,12:17:00,336.5,2,3.92,396.7,2,3.82,1023.1,14.5,100.63,13.89,33.085,337.8,398.2,334.7,394.5,-59.9,335.9,396,-60.1
CCE1_122W_33N,33.43,-122.48,1/4/2010,15:17:00,336,2,3.91,397.1,2,3.81,1023.6,14.5,100.63,13.864,33.132,337.3,398.6,334.3,395.1,-60.8,335.6,396.6,-61
CCE1_122W_33N,33.43,-122.48,1/4/2010,18:17:00,335.2,2,3.81,395,2,3.7,1025.1,14.8,100.53,14.017,33.028,336.5,396.5,334,393.5,-59.5,335.2,395,-59.8
CCE1_122W_33N,33.43,-122.48,1/4/2010,21:17:00,336.1,2,4.21,394.6,2,4.11,1023.7,15.1,100.58,14.281,33.053,337.6,396.3,334.5,392.6,-58.2,335.8,394.1,-58.4
CCE1_122W_33N,33.43,-122.48,1/5/2010,0:17:00,334.2,2,4.1,395.9,2,4.18,1023.4,15.3,100.63,14.286,33.06,335.6,397.6,332.4,393.8,-61.4,333.7,395.3,-61.6
CCE1_122W_33N,33.43,-122.48,1/5/2010,3:17:00,332.4,2,4.05,393.8,2,3.95,1023.9,15.1,100.73,14.373,33.092,333.7,395.3,330.7,391.8,-61,331.9,393.2,-61.3
CCE1_122W_33N,33.43,-122.48,1/5/2010,6:17:00,332.9,2,3.79,389.5,2,3.86,1025.1,14.7,100.73,14.237,33.076,334.1,391,331.6,388,-56.4,332.8,389.4,-56.7
CCE1_122W_33N,33.43,-122.48,1/5/2010,9:17:00,334.5,2,3.68,387.4,2,3.59,1024.7,14.3,100.68,14.373,33.101,335.7,388.8,333,385.6,-52.6,334.2,387,-52.9
CCE1_122W_33N,33.43,-122.48,1/5/2010,12:17:00,333.4,2,3.69,387.7,2,3.59,1024.2,14.3,100.68,14.289,33.101,334.7,389,331.8,385.7,-53.9,333,387.1,-54
CCE1_122W_33N,33.43,-122.48,1/5/2010,15:17:00,335.7,2,3.84,387,2,3.75,1025.2,14.2,100.58,14.153,33.082,337,388.5,334.5,385.5,-51.1,335.7,387,-51.3
CCE1_122W_33N,33.43,-122.48,1/5/2010,18:17:00,334.6,2,3.86,387,2,3.93,1026.2,14.3,100.53,14.174,33.085,335.9,388.5,333.7,386,-52.3,334.9,387.4,-52.4
CCE1_122W_33N,33.43,-122.48,1/5/2010,21:17:00,337,2,4.23,387.1,2,4.14,1023.9,14.5,100.58,14.205,33.073,338.4,388.7,335.4,385.3,-49.9,336.6,386.7,-50
CCE1_122W_33N,33.43,-122.48,1/6/2010,0:17:00,333.3,2,3.99,387.6,2,3.89,1023.7,14.9,100.68,14.194,33.063,334.6,389.1,331.6,385.6,-54,332.8,387,-54.2
CCE1_122W_33N,33.43,-122.48,1/6/2010,3:17:00,333.6,2,4.16,389.6,2,4.06,1024.3,14.9,100.68,14.179,33.071,335,391.2,332.2,387.9,-55.7,333.4,389.3,-55.9
CCE1_122W_33N,33.43,-122.48,1/6/2010,6:17:00,333.2,2,4.15,388,2,4.06,1024.5,14.9,100.73,14.105,33.055,334.6,389.6,331.8,386.4,-54.6,333.1,387.9,-54.8
CCE1_122W_33N,33.43,-122.48,1/6/2010,9:17:00,334,2,4.17,387.2,2,4.07,1024.2,14.9,100.68,14.114,33.066,335.4,388.8,332.6,385.5,-52.9,333.8,386.9,-53.1
CCE1_122W_33N,33.43,-122.48,1/6/2010,12:17:00,334.9,2,4,387.2,2,4.07,1023.2,14.9,100.68,14.086,33.06,336.2,388.8,333,385.1,-52.1,334.3,386.6,-52.3
CCE1_122W_33N,33.43,-122.48,1/6/2010,15:17:00,333.8,2,4.14,387.2,2,4.05,1023.7,14.8,100.63,14.079,33.035,335.2,388.7,332.2,385.3,-53.1,333.4,386.7,-53.2
CCE1_122W_33N,33.43,-122.48,1/6/2010,18:17:00,333.4,2,4.18,388.2,2,4.08,1025.4,15,100.58,14.108,33.029,334.8,389.8,332.4,387,-54.6,333.6,388.4,-54.8
CCE1_122W_33N,33.43,-122.48,1/6/2010,21:17:00,334.4,2,4.21,386.8,2,4.11,1022.8,15,100.63,14.144,33.031,335.8,388.4,332.5,384.5,-52,333.7,386,-52.3
CCE1_122W_33N,33.43,-122.48,1/7/2010,0:17:00,335.7,2,4.04,386.8,2,3.94,1022.3,15,100.68,14.171,33.059,337,388.3,333.5,384.3,-50.8,334.7,385.7,-51
CCE1_122W_33N,33.43,-122.48,1/7/2010,3:17:00,335.3,2,4.02,386.7,2,3.92,1023,15,100.73,14.228,33.072,336.6,388.2,333.4,384.4,-51,334.6,385.8,-51.3
CCE1_122W_33N,33.43,-122.48,1/7/2010,6:17:00,334.6,2,4.02,386.8,2,4.09,1023.4,15,100.73,14.141,33.071,335.9,388.3,332.8,384.7,-51.9,334,386.1,-52.1
CCE1_122W_33N,33.43,-122.48,1/7/2010,9:17:00,335.4,2,4.03,386.5,2,4.1,1022.3,15,100.68,14.137,33.057,336.8,388.1,333.3,384.1,-50.8,334.5,385.5,-51
CCE1_122W_33N,33.43,-122.48,1/7/2010,12:17:00,337.7,2,4.16,386.5,2,4.06,1022.2,14.8,100.63,14.213,33.074,339.1,388,335.6,383.9,-48.4,336.8,385.3,-48.6
CCE1_122W_33N,33.43,-122.48,1/7/2010,15:17:00,336.5,2,3.97,386.4,2,4.04,1022.6,14.8,100.58,14.104,33.076,337.8,388,334.4,384.1,-49.7,335.7,385.5,-49.9
CCE1_122W_33N,33.43,-122.48,1/7/2010,18:17:00,333.7,2,3.97,386.5,2,4.04,1023.9,14.8,100.58,14.127,33.078,335,388,332.1,384.6,-52.6,333.3,386,-52.7
CCE1_122W_33N,33.43,-122.48,1/7/2010,21:17:00,333.7,2,4.16,386.5,2,4.06,1021.8,14.8,100.68,14.166,33.077,335.1,388.1,331.4,383.8,-52.4,332.7,385.3,-52.6
CCE1_122W_33N,33.43,-122.48,1/8/2010,0:17:00,333.1,2,4.13,386.6,2,4.04,1021.7,14.7,100.78,14.153,33.084,334.5,388.1,330.9,383.9,-53,332.1,385.3,-53.2
CCE1_122W_33N,33.43,-122.48,1/8/2010,3:17:00,332.7,2,3.96,386.4,2,4.03,1022.4,14.7,100.92,13.877,33.084,334,388,330.6,384.1,-53.5,331.9,385.5,-53.7
CCE1_122W_33N,33.43,-122.48,1/8/2010,6:17:00,338.2,2,4.08,386.4,2,3.99,1023.1,14.6,100.92,13.513,33.086,339.6,387.9,336.6,384.5,-47.9,337.8,385.9,-48
CCE1_122W_33N,33.43,-122.48,1/8/2010,9:17:00,337.9,2,4.08,386.9,2,3.99,1022,14.5,100.87,13.621,33.092,339.3,388.4,335.9,384.5,-48.6,337.1,385.9,-48.8
CCE1_122W_33N,33.43,-122.48,1/8/2010,12:17:00,335.2,2,3.74,386.6,2,3.64,1022.3,14.5,100.87,13.884,33.109,336.4,388,333,384.1,-51.1,334.2,385.5,-51.3
CCE1_122W_33N,33.43,-122.48,1/8/2010,15:17:00,332.9,2,4.07,386.4,2,3.98,1023,14.5,100.83,13.91,33.104,334.3,387.9,331.1,384.3,-53.1,332.4,385.7,-53.3
CCE1_122W_33N,33.43,-122.48,1/8/2010,18:17:00,331.5,2,3.95,386.7,2,3.86,1025.1,14.7,100.87,13.92,33.1,332.8,388.2,330.3,385.3,-55,331.6,386.8,-55.2
CCE1_122W_33N,33.43,-122.48,1/8/2010,21:17:00,331.9,2,4.11,386.7,2,4.02,1023.7,14.7,100.97,13.918,33.095,333.3,388.2,330.3,384.8,-54.5,331.6,386.2,-54.6
CCE1_122W_33N,33.43,-122.48,1/9/2010,0:17:00,330.4,2,3.93,387.1,2,3.83,1023.2,14.6,101.02,13.921,33.093,331.7,388.6,328.7,385,-56.3,329.8,386.4,-56.6
CCE1_122W_33N,33.43,-122.48,1/9/2010,3:17:00,330.4,2,3.85,386.9,2,3.75,1025.6,14.3,101.11,13.909,33.085,331.7,388.4,329.4,385.7,-56.3,330.6,387.2,-56.5
CCE1_122W_33N,33.43,-122.48,1/9/2010,6:17:00,332.4,2,3.85,386.8,2,3.75,1026.1,14.3,101.06,13.791,33.073,333.7,388.3,331.6,385.9,-54.3,332.8,387.3,-54.5
CCE1_122W_33N,33.43,-122.48,1/9/2010,9:17:00,332.5,2,3.78,386.4,2,3.69,1025.8,14,101.02,13.707,33.086,333.8,387.8,331.6,385.3,-53.7,332.9,386.7,-53.8
CCE1_122W_33N,33.43,-122.48,1/9/2010,12:17:00,334.8,2,3.7,386.7,2,3.61,1025,13.6,100.97,13.639,33.092,336,388,333.6,385.2,-51.7,334.8,386.6,-51.8
CCE1_122W_33N,33.43,-122.48,1/9/2010,15:17:00,335.4,2,3.72,386.6,2,3.63,1025.9,13.7,100.82,13.659,33.07,336.6,388,334.5,385.5,-51,335.7,387,-51.3
CCE1_122W_33N,33.43,-122.48,1/9/2010,18:17:00,334.5,2,3.79,386.3,2,3.7,1026.9,14.1,100.82,13.768,33.031,335.7,387.7,333.9,385.6,-51.7,335.1,387,-51.9
CCE1_122W_33N,33.43,-122.48,1/9/2010,21:17:00,333.9,2,4.09,386.2,2,3.99,1024.9,14.6,100.92,13.813,33.003,335.2,387.8,332.7,384.9,-52.2,333.9,386.3,-52.4
CCE1_122W_33N,33.43,-122.48,1/10/2010,0:17:00,332.6,2,4.28,386.1,2,4.18,1025,14.7,100.97,13.821,33.042,334.1,387.7,331.6,384.9,-53.3,332.9,386.3,-53.4
CCE1_122W_33N,33.43,-122.48,1/10/2010,3:17:00,332.3,2,3.94,386.3,2,3.84,1025.7,14.7,100.97,13.817,32.976,333.7,387.8,331.4,385.2,-53.8,332.7,386.6,-53.9
CCE1_122W_33N,33.43,-122.48,1/10/2010,6:17:00,332.7,2,3.77,386.6,2,3.83,1026.2,14.6,100.87,14.068,32.963,334,388,331.8,385.5,-53.7,333.1,386.9,-53.9
CCE1_122W_33N,33.43,-122.48,1/10/2010,9:17:00,332.7,2,3.86,386.6,2,3.77,1026.1,14.4,100.87,13.795,32.999,334,388,331.9,385.6,-53.7,333.1,387,-53.9
CCE1_122W_33N,33.43,-122.48,1/10/2010,12:17:00,333.6,2,3.76,386.7,2,3.67,1024.7,13.9,100.82,13.732,33.014,334.9,388.1,332.3,385.2,-52.8,333.6,386.6,-53
CCE1_122W_33N,33.43,-122.48,1/10/2010,15:17:00,333.4,2,3.73,386.8,2,3.64,1025.5,13.8,100.78,13.734,32.982,334.7,388.2,332.4,385.5,-53.1,333.7,387,-53.3
CCE1_122W_33N,33.43,-122.48,1/10/2010,18:17:00,332.5,2,3.72,386.5,2,3.79,1026.4,13.8,100.82,13.946,32.978,333.7,388,331.7,385.6,-53.9,332.9,387.1,-54.2
CCE1_122W_33N,33.43,-122.48,1/10/2010,21:17:00,332.1,2,3.96,386.4,2,3.87,1024.8,14.1,100.82,13.892,33,333.4,387.9,330.9,384.9,-54,332.1,386.4,-54.3
CCE1_122W_33N,33.43,-122.48,1/11/2010,0:17:00,330.6,2,3.88,386.5,2,3.78,1024.4,14.4,100.97,13.863,33.01,331.9,388,329.2,384.9,-55.7,330.5,386.3,-55.9
CCE1_122W_33N,33.43,-122.48,1/11/2010,3:17:00,331,2,3.84,386.7,2,3.75,1025.9,14.3,101.02,13.902,33.009,332.2,388.2,330,385.6,-55.5,331.2,387.1,-55.8
CCE1_122W_33N,33.43,-122.48,1/11/2010,6:17:00,331.4,2,3.81,386.5,2,3.88,1026.8,14.1,101.02,13.897,32.999,332.7,388,330.8,385.8,-55,332,387.2,-55.2
CCE1_122W_33N,33.43,-122.48,1/11/2010,9:17:00,334.6,2,4.03,386.4,2,3.94,1025.6,14.4,100.92,14.454,33.034,336,387.9,333.5,385.1,-51.6,334.7,386.4,-51.7
CCE1_122W_33N,33.43,-122.48,1/11/2010,12:17:00,337.3,2,4.11,386.4,2,4.02,1025,14.7,100.78,14.745,33.078,338.7,387.9,335.8,384.7,-48.9,337.1,386.1,-49
CCE1_122W_33N,33.43,-122.48,1/11/2010,15:17:00,338.7,2,4.17,386.5,2,4.07,1024.9,14.9,100.58,14.938,33.11,340.2,388,337.2,384.7,-47.5,338.5,386.1,-47.6
CCE1_122W_33N,33.43,-122.48,1/11/2010,18:17:00,336.8,2,4.41,386,2,4.32,1025.8,15.2,100.53,14.669,33.045,338.3,387.6,335.8,384.8,-49,337,386.1,-49.1
CCE1_122W_33N,33.43,-122.48,1/11/2010,21:17:00,336.6,2,4.27,386.3,2,4.17,1023.8,15.3,100.53,14.615,33.021,338.1,387.9,334.9,384.3,-49.4,336.2,385.7,-49.5
CCE1_122W_33N,33.43,-122.48,1/12/2010,0:17:00,336.2,2,4.23,386.4,2,4.13,1022.8,15.1,100.58,14.645,33.03,337.6,388,334.1,384,-49.8,335.3,385.4,-50.1
CCE1_122W_33N,33.43,-122.48,1/12/2010,3:17:00,335.8,2,4.22,386.4,2,4.13,1024,15.1,100.63,14.589,33.022,337.2,388,334.2,384.5,-50.3,335.4,385.9,-50.5
CCE1_122W_33N,33.43,-122.48,1/12/2010,6:17:00,334.9,2,4.24,386.2,2,4.15,1024.1,15.2,100.63,14.436,33.001,336.3,387.8,333.4,384.3,-51,334.5,385.8,-51.2
CCE1_122W_33N,33.43,-122.48,1/12/2010,9:17:00,335.3,2,4.43,386.3,2,4.16,1024.1,15.3,100.68,14.326,32.98,336.8,387.9,333.9,384.5,-50.6,335.1,385.9,-50.8
CCE1_122W_33N,33.43,-122.48,1/12/2010,12:17:00,338,2,4.3,386.4,2,4.2,1023.6,15.4,100.63,14.66,33.031,339.5,388,336.2,384.3,-48.1,337.5,385.7,-48.2
CCE1_122W_33N,33.43,-122.48,1/12/2010,15:17:00,337.7,2,4.37,386.4,2,4.27,1024,15.7,100.68,14.564,33.013,339.1,388.1,336.1,384.5,-48.5,337.3,386,-48.7
CCE1_122W_33N,33.43,-122.48,1/12/2010,18:17:00,336.7,2,4.56,386.2,2,4.46,1025.1,15.8,100.68,14.374,32.992,338.3,387.9,335.6,384.9,-49.2,336.9,386.3,-49.4
CCE1_122W_33N,33.43,-122.48,1/12/2010,21:17:00,337.6,2,4.39,385.8,2,4.29,1022.9,15.8,100.73,14.412,32.974,339.1,387.5,335.7,383.6,-47.9,336.9,385,-48.1
CCE1_122W_33N,33.43,-122.48,1/13/2010,0:17:00,337,2,4.6,386.1,2,4.5,1022.6,15.9,100.78,14.398,32.962,338.6,387.9,335.1,383.9,-48.8,336.3,385.3,-49
CCE1_122W_33N,33.43,-122.48,1/13/2010,3:17:00,339.4,2,4.44,386,2,4.33,1023,15.9,100.73,14.688,33.027,340.9,387.7,337.5,383.7,-46.2,338.7,385.2,-46.5
CCE1_122W_33N,33.43,-122.48,1/13/2010,6:17:00,343.2,2,4.47,386.1,2,4.37,1023.5,16,100.63,14.928,33.061,344.8,387.8,341.3,383.9,-42.6,342.6,385.3,-42.7
CCE1_122W_33N,33.43,-122.48,1/13/2010,9:17:00,346.2,2,4.53,385.9,2,4.43,1022.6,16.3,100.54,15.337,33.123,347.8,387.6,343.9,383.2,-39.4,345.1,384.6,-39.5
CCE1_122W_33N,33.43,-122.48,1/13/2010,12:17:00,345.4,2,4.52,387.4,2,4.41,1023.7,16.2,100.49,15.212,33.112,347,389.1,343.5,385.2,-41.7,344.8,386.6,-41.8
CCE1_122W_33N,33.43,-122.48,1/13/2010,15:17:00,343.7,2,4.6,387.4,2,4.5,1025.8,15.9,100.39,15.104,33.094,345.3,389.1,342.6,386.1,-43.4,343.8,387.5,-43.6
CCE1_122W_33N,33.43,-122.48,1/13/2010,18:17:00,343.1,2,4.64,387.3,2,4.54,1028.8,16.1,100.34,15.186,33.104,344.7,389,342.9,387.1,-44.1,344.2,388.5,-44.2
CCE1_122W_33N,33.43,-122.48,1/13/2010,21:17:00,345.3,2,4.68,387.6,2,4.58,1027.7,16.2,100.29,15.442,33.125,346.9,389.4,344.7,386.9,-42.2,346,388.3,-42.4
CCE1_122W_33N,33.43,-122.48,1/14/2010,0:17:00,346.3,2,4.72,388.1,2,4.62,1027.8,16.4,100.29,15.487,33.129,347.9,389.9,345.7,387.5,-41.8,347,388.9,-41.9
CCE1_122W_33N,33.43,-122.48,1/14/2010,3:17:00,343.8,2,4.63,388.2,2,4.35,1029.7,16.1,100.24,15.295,33.109,345.4,389.8,343.9,388.2,-44.3,345.2,389.6,-44.4
CCE1_122W_33N,33.43,-122.48,1/14/2010,6:17:00,341.8,2,4.54,388.1,2,4.44,1030.7,15.8,100.29,15.141,33.099,343.3,389.9,342.3,388.6,-46.4,343.5,390.1,-46.6
CCE1_122W_33N,33.43,-122.48,1/14/2010,9:17:00,339.5,2,4.46,387.8,2,4.37,1029.8,15.5,100.24,14.941,33.083,341.1,389.5,339.8,388,-48.3,341.1,389.5,-48.4
CCE1_122W_33N,33.43,-122.48,1/14/2010,12:17:00,340.6,2,4.42,388.2,2,4.32,1028.6,15.3,100.29,14.905,33.082,342.1,389.9,340.5,388,-47.5,341.7,389.4,-47.7
CCE1_122W_33N,33.43,-122.48,1/14/2010,15:17:00,339.7,2,4.36,388,2,4.26,1029.6,15.1,100.24,14.673,33.059,341.2,389.6,339.9,388.2,-48.3,341.2,389.6,-48.4
CCE1_122W_33N,33.43,-122.48,1/14/2010,18:17:00,338.9,2,4.36,387.7,2,4.09,1030.5,15.1,100.34,14.399,33.042,340.4,389.3,339.5,388.3,-48.8,340.8,389.7,-49
CCE1_122W_33N,33.43,-122.48,1/14/2010,21:17:00,338.1,2,4.38,388,2,4.29,1029.3,15.2,100.43,14.507,33.054,339.5,389.6,338.2,388.1,-49.9,339.4,389.5,-50.1
CCE1_122W_33N,33.43,-122.48,1/15/2010,0:17:00,334,2,4.42,387.8,2,4.15,1028.7,15.3,100.58,14.428,33.014,335.5,389.4,334,387.7,-53.7,335.3,389.1,-53.9
CCE1_122W_33N,33.43,-122.48,1/15/2010,3:17:00,333.5,2,4.2,388,2,4.1,1027.7,15.1,100.73,14.261,32.986,334.9,389.6,333.2,387.6,-54.4,334.4,389,-54.6
CCE1_122W_33N,33.43,-122.48,1/15/2010,6:17:00,332.8,2,4.28,387.9,2,4.02,1027.5,14.8,100.77,14.109,32.958,334.3,389.5,332.5,387.5,-54.9,333.8,388.9,-55.1
CCE1_122W_33N,33.43,-122.48,1/15/2010,9:17:00,333.2,2,4.11,388.2,2,4.02,1026.3,14.7,100.87,14.084,32.957,334.5,389.8,332.4,387.3,-54.9,333.6,388.8,-55.2
CCE1_122W_33N,33.43,-122.48,1/15/2010,12:17:00,334.5,2,4.11,388.6,2,4.01,1025,14.7,100.92,14.041,32.96,335.8,390.1,333.3,387.2,-53.9,334.5,388.6,-54.1
CCE1_122W_33N,33.43,-122.48,1/15/2010,15:17:00,335,2,4.09,390,2,4,1025.5,14.6,100.92,14.038,32.964,336.4,391.6,334,388.8,-54.8,335.2,390.3,-55
CCE1_122W_33N,33.43,-122.48,1/15/2010,18:17:00,333.6,2,4.44,391.1,2,4.19,1026.6,14.7,100.92,14.129,32.978,335.1,392.7,333.1,390.3,-57.3,334.3,391.7,-57.5
CCE1_122W_33N,33.43,-122.48,1/15/2010,21:17:00,337.5,2,4.31,391.7,2,4.22,1023.5,15.5,100.97,14.22,33.024,339,393.4,335.9,389.8,-53.9,337.1,391.2,-54.1
CCE1_122W_33N,33.43,-122.48,1/16/2010,0:17:00,335.2,2,4.34,390.7,2,4.24,1022.3,15.6,100.97,14.306,32.991,336.7,392.3,333.2,388.2,-55,334.4,389.6,-55.2
CCE1_122W_33N,33.43,-122.48,1/16/2010,3:17:00,332.3,2,4.27,388.7,2,4.17,1020.4,15.2,101.07,14.097,32.95,333.7,390.3,329.7,385.5,-55.9,330.9,387,-56.1
CCE1_122W_33N,33.43,-122.48,1/16/2010,6:17:00,333.6,2,4.23,388.4,2,4.13,1020.9,15.1,101.12,14.086,32.957,335,390,331.1,385.5,-54.3,332.3,386.9,-54.6
CCE1_122W_33N,33.43,-122.48,1/16/2010,9:17:00,333.6,2,4.21,387.5,2,4.12,1020.8,15,101.07,14.059,32.964,335,389.1,331,384.5,-53.5,332.3,386,-53.7
CCE1_122W_33N,33.43,-122.48,1/16/2010,12:17:00,333.1,2,4.21,387.8,2,4.11,1018.5,15,101.07,14.043,32.951,334.5,389.4,329.8,384,-54.2,331,385.4,-54.3
CCE1_122W_33N,33.43,-122.48,1/16/2010,15:17:00,335,2,4.39,388,2,4.13,1018.7,15,101.12,14.019,32.96,336.5,389.6,331.8,384.2,-52.4,333.1,385.7,-52.6
CCE1_122W_33N,33.43,-122.48,1/16/2010,18:17:00,335.2,2,4.41,387.7,2,4.32,1020,15.1,101.17,14.045,32.995,336.7,389.4,332.4,384.5,-52.1,333.7,385.9,-52.2
CCE1_122W_33N,33.43,-122.48,1/16/2010,21:17:00,338.6,2,4.51,387.7,2,4.41,1017.4,15.4,101.27,14.241,33.035,340.1,389.4,334.9,383.5,-48.6,336.1,384.9,-48.7
CCE1_122W_33N,33.43,-122.48,1/17/2010,0:17:00,337.3,2,4.4,387.7,2,4.3,1017.6,15.7,101.37,14.228,33.041,338.8,389.3,333.7,383.5,-49.8,334.9,384.9,-49.9
CCE1_122W_33N,33.43,-122.48,1/17/2010,3:17:00,336.1,2,4.32,387.9,2,4.23,1018.2,15.4,101.37,14.125,33.034,337.6,389.6,332.7,384,-51.2,334,385.4,-51.4
CCE1_122W_33N,33.43,-122.48,1/17/2010,6:17:00,334.2,2,4.27,387.4,2,4.17,1018.7,15.2,101.42,14.078,33.049,335.7,389,331,383.7,-52.6,332.3,385,-52.8
CCE1_122W_33N,33.43,-122.48,1/17/2010,9:17:00,336.2,2,4.25,387.5,2,4.15,1017.7,15.1,101.42,14.106,33.053,337.6,389.2,332.6,383.4,-50.8,333.8,384.8,-51
CCE1_122W_33N,33.43,-122.48,1/17/2010,12:17:00,335.8,2,4.2,387.6,2,4.11,1017.4,14.9,101.42,14.065,33.046,337.3,389.2,332.2,383.3,-51.2,333.4,384.7,-51.3
CCE1_122W_33N,33.43,-122.48,1/17/2010,15:17:00,335.5,2,4.3,387.8,2,4.21,1018,14.7,101.37,14.017,33.003,337,389.5,332.1,383.8,-51.7,333.4,385.3,-51.9
CCE1_122W_33N,33.43,-122.48,1/17/2010,18:17:00,335.7,2,4.29,388,2,4.2,1019.1,14.7,101.22,14.112,32.98,337.2,389.6,332.6,384.4,-51.8,333.9,385.8,-51.9
CCE1_122W_33N,33.43,-122.48,1/17/2010,21:17:00,336.4,2,4.33,387.9,2,4.24,1018.3,14.8,101.27,14.156,32.985,337.9,389.5,333.1,384,-50.9,334.3,385.4,-51.1
CCE1_122W_33N,33.43,-122.48,1/18/2010,0:17:00,334,2,4.22,387.8,2,4.12,1016.7,15,101.22,14.175,32.978,335.4,389.4,330.1,383.3,-53.2,331.3,384.6,-53.3
CCE1_122W_33N,33.43,-122.48,1/18/2010,3:17:00,334.8,2,4.35,387.6,2,4.26,1016.9,14.8,101.27,14.11,32.976,336.2,389.3,331,383.2,-52.2,332.2,384.6,-52.5
CCE1_122W_33N,33.43,-122.48,1/18/2010,6:17:00,334.1,2,4.37,387.8,2,4.28,1015.7,14.9,101.32,14.06,32.982,335.6,389.4,330,382.9,-53,331.2,384.3,-53.1
CCE1_122W_33N,33.43,-122.48,1/18/2010,9:17:00,337.1,2,4.43,387.3,2,4.33,1012.3,15.1,101.38,14.056,32.996,338.6,389,331.8,381.2,-49.4,333,382.6,-49.6
CCE1_122W_33N,33.43,-122.48,1/18/2010,12:17:00,338.7,2,4.44,388,2,4.34,1009.6,15.1,101.41,13.967,33.095,340.2,389.7,332.5,380.8,-48.3,333.7,382.3,-48.6
CCE1_122W_33N,33.43,-122.48,1/18/2010,15:17:00,342.4,2,4.45,387.6,2,4.35,1006,15,101.36,13.883,33.122,343.9,389.3,335,379.2,-44.2,336.2,380.5,-44.4
CCE1_122W_33N,33.43,-122.48,1/18/2010,18:17:00,341.8,2,4.43,388.3,2,4.34,1007.3,15,101.26,13.878,33.122,343.3,390,334.8,380.3,-45.5,336,381.7,-45.7
CCE1_122W_33N,33.43,-122.48,1/18/2010,21:17:00,341.5,2,4.58,388.1,2,4.49,1008,14.9,101.26,13.907,33.06,343,389.8,334.8,380.4,-45.7,335.9,381.8,-45.8
CCE1_122W_33N,33.43,-122.48,1/19/2010,0:17:00,341.5,2,4.61,388.2,2,4.52,1009.8,15.1,101.31,14.024,32.992,343.1,390,335.4,381.2,-45.8,336.6,382.6,-46
CCE1_122W_33N,33.43,-122.48,1/19/2010,3:17:00,341.7,2,4.25,389.2,2,4.16,1010.8,15,101.26,13.923,33.043,343.2,390.8,335.8,382.4,-46.6,337.1,383.8,-46.8
CCE1_122W_33N,33.43,-122.48,1/19/2010,6:17:00,344.8,2,4.4,388.4,2,4.31,1010.9,14.9,101.16,13.73,33.074,346.3,390.1,339,381.8,-42.8,340.2,383.3,-43
CCE1_122W_33N,33.43,-122.48,1/19/2010,9:17:00,342.9,2,4.42,388.4,2,4.33,1008.5,15,101.12,13.831,33.095,344.5,390.1,336.3,380.9,-44.5,337.6,382.3,-44.7
CCE1_122W_33N,33.43,-122.48,1/19/2010,12:17:00,344.3,2,4.42,388.3,2,4.33,1005.3,14.9,100.93,13.812,33.112,345.8,390,336.6,379.6,-43,337.8,381,-43.2
CCE1_122W_33N,33.43,-122.48,1/19/2010,15:17:00,351.8,2,4.42,388.2,2,4.32,1002.2,14.9,100.64,13.727,32.98,353.4,389.9,342.9,378.4,-35.5,344.2,379.7,-35.5
CCE1_122W_33N,33.43,-122.48,1/19/2010,18:17:00,347.4,2,4.2,388.9,2,4.11,1006.6,14.8,100.54,13.871,32.966,348.9,390.5,340,380.5,-40.6,341.3,381.9,-40.7
CCE1_122W_33N,33.43,-122.48,1/19/2010,21:17:00,348.3,2,4.36,388.6,2,4.27,1007,14.7,100.63,13.767,32.988,349.8,390.3,341.1,380.5,-39.4,342.3,381.9,-39.6
CCE1_122W_33N,33.43,-122.48,1/20/2010,0:17:00,351.7,2,4.32,388.6,2,4.23,1007.8,14.6,100.68,13.583,32.989,353.2,390.3,344.7,380.9,-36.1,346,382.3,-36.3
CCE1_122W_33N,33.43,-122.48,1/20/2010,3:17:00,352.3,2,4.17,388.6,2,4.07,1008.1,14.7,100.63,13.622,33.019,353.8,390.2,345.4,380.9,-35.5,346.7,382.3,-35.7
CCE1_122W_33N,33.43,-122.48,1/20/2010,6:17:00,349.3,2,4.2,388.4,2,4.11,1008.1,14.8,100.63,13.718,33.036,350.7,390,342.4,380.7,-38.4,343.6,382.1,-38.5
CCE1_122W_33N,33.43,-122.48,1/20/2010,9:17:00,349.6,2,4.23,388.6,2,4.13,1005.4,14.8,100.63,13.712,32.997,351,390.2,341.7,379.9,-38.1,342.9,381.2,-38.3
CCE1_122W_33N,33.43,-122.48,1/20/2010,12:17:00,349.3,2,4.24,388.6,2,4.14,1002.2,14.8,100.54,13.81,32.983,350.8,390.2,340.4,378.6,-38.3,341.6,380,-38.4
CCE1_122W_33N,33.43,-122.48,1/20/2010,15:17:00,351.7,2,4.25,388.7,2,4.15,999.6,14.8,100.54,13.813,33.064,353.2,390.3,341.8,377.7,-35.9,343,379.1,-36
CCE1_122W_33N,33.43,-122.48,1/20/2010,18:17:00,352,2,4.17,388.5,2,4.24,1000.5,14.5,100.59,13.607,32.985,353.5,390.1,342.5,377.9,-35.5,343.7,379.3,-35.6
CCE1_122W_33N,33.43,-122.48,1/20/2010,21:17:00,357.2,2,4.54,388.7,2,4.45,1000,14.6,100.59,13.585,33.013,358.8,390.5,347.4,378.1,-30.7,348.7,379.5,-30.8
CCE1_122W_33N,33.43,-122.48,1/21/2010,0:17:00,357.1,2,4.28,388.9,2,4.35,999.8,14.9,100.64,13.496,33.034,358.6,390.6,347.2,378.2,-31,348.5,379.6,-31.1
CCE1_122W_33N,33.43,-122.48,1/21/2010,3:17:00,357,2,4.19,388.6,2,4.09,999.6,14.6,100.69,13.424,33.025,358.5,390.2,347.1,377.7,-30.7,348.3,379.1,-30.8
CCE1_122W_33N,33.43,-122.48,1/21/2010,6:17:00,354.9,2,4.19,388.8,2,4.1,998.1,14.6,100.69,13.645,33.02,356.4,390.4,344.4,377.3,-32.8,345.7,378.7,-33
CCE1_122W_33N,33.43,-122.48,1/21/2010,9:17:00,352.4,2,4.06,388.5,2,3.96,994,14.7,100.79,13.855,33.053,353.8,390,340.4,375.3,-34.9,341.7,376.6,-35
CCE1_122W_33N,33.43,-122.48,1/21/2010,12:17:00,353.7,2,4.06,388.2,2,3.96,988.8,14.6,100.79,13.682,32.976,355.1,389.7,340,373.1,-33.1,341.1,374.4,-33.2
CCE1_122W_33N,33.43,-122.48,1/21/2010,15:17:00,374.8,3,4.22,388.2,2,4.13,987.8,14.5,100.05,13.637,32.989,376.4,389.8,360,372.8,-12.8,361.3,374.1,-12.9
CCE1_122W_33N,33.43,-122.48,1/21/2010,18:17:00,373.2,3,4.33,388.6,2,4.24,988.8,14.3,100.05,13.552,32.984,374.8,390.2,358.8,373.6,-14.7,360.1,374.9,-14.8
CCE1_122W_33N,33.43,-122.48,1/21/2010,21:17:00,374,3,4.26,388.5,2,4.17,987.2,14,100.05,13.545,33.004,375.6,390.1,359,372.9,-13.8,360.3,374.2,-13.9
CCE1_122W_33N,33.43,-122.48,1/22/2010,0:17:00,374.8,3,4.05,388.8,2,3.96,989.6,13.9,100.05,13.465,33.012,376.3,390.4,360.6,374.1,-13.4,361.9,375.5,-13.6
CCE1_122W_33N,33.43,-122.48,1/22/2010,3:17:00,373.1,3,4.12,389.6,2,4.03,993.8,13.6,100.05,13.433,33.018,374.6,391.2,360.5,376.5,-15.9,361.8,377.9,-16
CCE1_122W_33N,33.43,-122.48,1/22/2010,6:17:00,374.2,3,3.59,389.5,2,3.49,997,13.4,100.05,13.424,33.022,375.5,390.9,362.6,377.4,-14.8,363.9,378.8,-14.9
CCE1_122W_33N,33.43,-122.48,1/22/2010,9:17:00,374.4,3,3.87,389.3,2,3.78,998.3,13.3,100,13.448,33.015,375.9,390.8,363.4,377.8,-14.4,364.7,379.2,-14.5
CCE1_122W_33N,33.43,-122.48,1/22/2010,12:17:00,376.5,3,3.91,389.6,2,3.98,998.6,13.4,100,13.47,33.018,377.9,391.2,365.5,378.3,-12.8,366.8,379.7,-12.9
CCE1_122W_33N,33.43,-122.48,1/22/2010,15:17:00,376.2,3,3.74,389.5,2,3.65,1000.5,13.4,100.05,13.441,33.03,377.6,391,365.9,378.8,-12.9,367.2,380.2,-13
CCE1_122W_33N,33.43,-122.48,1/22/2010,18:17:00,378.3,3,4.04,389.5,2,3.95,1003.6,13.4,100.05,13.431,33.032,379.8,391.1,369.1,380.1,-11,370.5,381.5,-11
CCE1_122W_33N,33.43,-122.48,1/22/2010,21:17:00,358.1,2,4.05,389.1,2,3.96,1004.2,13.5,100.05,13.449,33.041,359.5,390.6,349.6,379.9,-30.3,350.9,381.3,-30.4
CCE1_122W_33N,33.43,-122.48,1/23/2010,0:17:00,355.3,2,4.02,389.2,2,3.94,1006.7,13.4,100.1,13.438,33.034,356.7,390.8,347.8,381,-33.2,349.1,382.4,-33.4
CCE1_122W_33N,33.43,-122.48,1/23/2010,3:17:00,355.1,2,4.02,389.6,2,3.93,1009.5,13.4,100,13.428,33.028,356.6,391.1,348.6,382.5,-33.8,350,383.8,-33.9
CCE1_122W_33N,33.43,-122.48,1/23/2010,6:17:00,354.7,2,3.87,389.7,2,3.78,1012.2,13.5,100,13.426,33.031,356.1,391.2,349.1,383.5,-34.4,350.4,385,-34.5
CCE1_122W_33N,33.43,-122.48,1/23/2010,9:17:00,353.9,2,4.04,389.2,2,3.95,1014.3,13.6,99.9,13.425,33.015,355.4,390.8,349.1,383.9,-34.8,350.5,385.4,-34.9
CCE1_122W_33N,33.43,-122.48,1/23/2010,12:17:00,354.1,2,4.05,389,2,3.96,1016.6,13.7,99.81,13.419,32.991,355.5,390.5,350.1,384.6,-34.5,351.4,386,-34.6
CCE1_122W_33N,33.43,-122.48,1/23/2010,15:17:00,352.9,2,4.04,389.2,2,3.95,1019.4,13.7,99.76,13.423,32.978,354.3,390.7,349.9,385.8,-36,351.2,387.2,-36.1
CCE1_122W_33N,33.43,-122.48,1/23/2010,18:17:00,352.1,2,4.24,389.3,2,4,1022.3,13.9,99.71,13.459,32.986,353.6,390.8,350.2,387,-36.9,351.5,388.5,-37
CCE1_122W_33N,33.43,-122.48,1/23/2010,21:17:00,355.7,2,4.21,389.1,2,4.12,1022.5,14.4,99.71,13.706,33.025,357.2,390.7,353.7,386.9,-33.2,355,388.3,-33.3
CCE1_122W_33N,33.43,-122.48,1/24/2010,0:17:00,355.9,2,4.28,389.1,2,4.02,1023.8,14.7,99.71,13.836,33.02,357.4,390.7,354.3,387.3,-33,355.6,388.8,-33.1
CCE1_122W_33N,33.43,-122.48,1/24/2010,3:17:00,348.9,2,4.03,389.3,2,3.94,1025.3,14.4,99.76,13.634,32.962,350.4,390.8,347.9,388.1,-40.2,349.3,389.5,-40.3
CCE1_122W_33N,33.43,-122.48,1/24/2010,6:17:00,344.3,2,4.09,389.3,2,3.84,1026.8,14,99.81,13.555,32.971,345.7,390.8,343.9,388.7,-44.9,345.1,390.1,-45
CCE1_122W_33N,33.43,-122.48,1/24/2010,9:17:00,348.5,2,4.08,389.4,2,3.99,1026.2,13.9,99.76,13.578,33.029,349.9,390.9,347.8,388.6,-40.7,349.1,390,-40.9
CCE1_122W_33N,33.43,-122.48,1/24/2010,12:17:00,348.7,2,4.05,389.3,2,3.96,1025.5,13.8,99.71,13.522,33.034,350.2,390.8,347.8,388.2,-40.4,349.2,389.7,-40.5
CCE1_122W_33N,33.43,-122.48,1/24/2010,15:17:00,348.1,2,4.05,389.3,2,3.96,1026.4,13.8,99.67,13.484,33.03,349.5,390.9,347.5,388.6,-41.1,348.8,390.1,-41.3
CCE1_122W_33N,33.43,-122.48,1/24/2010,18:17:00,346.4,2,4.13,389.1,2,4.05,1028.3,14.2,99.67,13.495,33.031,347.8,390.7,346.5,389.2,-42.7,347.8,390.7,-42.9
CCE1_122W_33N,33.43,-122.48,1/24/2010,21:17:00,350.3,2,4.27,389.1,2,4.18,1026.1,14.7,99.71,13.736,33.042,351.8,390.7,349.6,388.2,-38.6,350.9,389.7,-38.8
CCE1_122W_33N,33.43,-122.48,1/25/2010,0:17:00,351,2,4.37,388.9,2,4.27,1025.4,15,99.81,13.927,33.004,352.5,390.5,350,387.8,-37.8,351.3,389.2,-37.9
CCE1_122W_33N,33.43,-122.48,1/25/2010,3:17:00,345.9,2,4.14,389,2,4.04,1025.3,14.8,99.86,13.629,32.974,347.4,390.6,345,387.9,-42.9,346.3,389.3,-43.1
CCE1_122W_33N,33.43,-122.48,1/25/2010,6:17:00,345.8,2,4.24,389,2,3.98,1025.3,14.5,99.86,13.693,33.024,347.2,390.6,344.8,387.8,-43,346.1,389.3,-43.3
CCE1_122W_33N,33.43,-122.48,1/25/2010,9:17:00,347.2,2,4.23,388.9,2,4.14,1024.3,14.5,99.81,13.666,33.029,348.7,390.5,345.9,387.4,-41.5,347.2,388.8,-41.6
CCE1_122W_33N,33.43,-122.48,1/25/2010,12:17:00,348.6,2,4.23,389,2,4.14,1022.8,14.5,99.81,13.615,33.017,350.1,390.6,346.8,387,-40.2,348.1,388.4,-40.3
CCE1_122W_33N,33.43,-122.48,1/25/2010,15:17:00,349.9,2,4.24,389.2,2,4.15,1021.3,14.5,99.81,13.644,33.027,351.4,390.9,347.6,386.6,-39,348.9,388.1,-39.2
CCE1_122W_33N,33.43,-122.48,1/25/2010,18:17:00,348,2,4.26,388.7,2,4.17,1022.4,14.6,99.81,13.628,33.007,349.5,390.3,346.1,386.5,-40.5,347.4,387.9,-40.6
CCE1_122W_33N,33.43,-122.48,1/25/2010,21:17:00,346.5,2,4.35,388.6,2,4.26,1019.2,14.9,99.9,13.641,33.007,348,390.2,343.5,385.2,-41.6,344.8,386.6,-41.8
CCE1_122W_33N,33.43,-122.48,1/26/2010,0:17:00,347.6,2,4.33,388.6,2,4.24,1019.9,14.8,100,13.564,33.04,349.1,390.3,344.9,385.5,-40.6,346.1,387,-40.9
CCE1_122W_33N,33.43,-122.48,1/26/2010,3:17:00,354.1,2,4.28,388.7,2,4.19,1019,14.6,100.1,13.302,33.153,355.6,390.3,351.1,385.3,-34.3,352.4,386.7,-34.4
CCE1_122W_33N,33.43,-122.48,1/26/2010,6:17:00,350.9,2,4.29,388.6,2,4.2,1018.8,14.7,100.1,13.425,33.166,352.4,390.2,347.8,385.1,-37.3,349.1,386.5,-37.4
CCE1_122W_33N,33.43,-122.48,1/26/2010,9:17:00,350.6,2,4.31,387.4,2,4.22,1017.2,14.7,100.1,13.383,33.163,352.1,389,347,383.3,-36.3,348.2,384.7,-36.5
CCE1_122W_33N,33.43,-122.48,1/26/2010,12:17:00,352.7,2,4.3,388.6,2,4.21,1016,14.7,100.1,13.444,33.148,354.2,390.3,348.6,384.1,-35.5,349.9,385.5,-35.7
CCE1_122W_33N,33.43,-122.48,1/26/2010,15:17:00,352.7,2,4.12,388.3,2,4.03,1014.6,14.6,100.1,13.397,33.059,354.2,389.9,348.1,383.2,-35.1,349.4,384.6,-35.2
CCE1_122W_33N,33.43,-122.48,1/26/2010,18:17:00,352.9,2,4.27,388,2,4.17,1015.1,14.5,100.15,13.35,33.045,354.4,389.7,348.5,383.2,-34.7,349.8,384.6,-34.8
CCE1_122W_33N,33.43,-122.48,1/26/2010,21:17:00,355,2,4.28,388.2,2,4.19,1012,14.5,100.1,13.326,33.027,356.5,389.8,349.5,382.2,-32.7,350.8,383.5,-32.8
CCE1_122W_33N,33.43,-122.48,1/27/2010,0:17:00,350.5,2,4.26,388,2,4.17,1012.4,14.4,100.25,13.4,33.06,351.9,389.6,345.1,382.1,-36.9,346.4,383.5,-37.1
CCE1_122W_33N,33.43,-122.48,1/27/2010,3:17:00,351.2,2,4.24,388.3,2,4.15,1014.4,14.4,100.34,13.348,33.077,352.7,389.9,346.6,383.1,-36.6,347.9,384.6,-36.7
CCE1_122W_33N,33.43,-122.48,1/27/2010,6:17:00,352.1,2,4.2,389.2,2,4.11,1015.9,14.2,100.29,13.349,33.068,353.6,390.8,348,384.6,-36.6,349.3,386,-36.7
CCE1_122W_33N,33.43,-122.48,1/27/2010,9:17:00,351.7,2,4.2,389.8,2,4.11,1016.9,14.3,100.2,13.321,33.068,353.2,391.4,348,385.5,-37.6,349.2,387,-37.8
CCE1_122W_33N,33.43,-122.48,1/27/2010,12:17:00,351.4,2,4.18,389.9,2,4.1,1018,14.2,100.2,13.357,33.065,352.9,391.5,348,386.1,-38.1,349.3,387.5,-38.2
CCE1_122W_33N,33.43,-122.48,1/27/2010,15:17:00,352.9,2,4.18,400.6,3,4.09,1019.8,14.2,100.05,13.324,33.076,354.3,402.2,350.1,397.4,-47.3,351.3,398.8,-47.5
CCE1_122W_33N,33.43,-122.48,1/27/2010,18:17:00,351.7,2,4.36,389,2,4.28,1021.6,14.3,100.1,13.378,33.079,353.2,390.6,349.6,386.6,-37.1,350.9,388,-37.2
CCE1_122W_33N,33.43,-122.48,1/27/2010,21:17:00,351,2,4.26,389,2,4.17,1020.5,14.5,100.15,13.488,33.081,352.5,390.6,348.4,386.1,-37.7,349.7,387.5,-37.8
CCE1_122W_33N,33.43,-122.48,1/28/2010,0:17:00,348.3,2,4.25,390.6,2,4.15,1020.1,14.5,100.24,13.44,33.09,349.8,392.2,345.6,387.6,-42,346.9,389,-42.1
CCE1_122W_33N,33.43,-122.48,1/28/2010,3:17:00,349,2,3.99,390.9,2,3.9,1021.2,14.1,100.29,13.417,33.089,350.4,392.5,346.6,388.2,-41.6,347.9,389.7,-41.8
CCE1_122W_33N,33.43,-122.48,1/28/2010,6:17:00,348.4,2,3.94,389.7,2,3.85,1022.3,13.9,100.29,13.391,33.087,349.8,391.2,346.4,387.4,-41,347.7,388.9,-41.2
CCE1_122W_33N,33.43,-122.48,1/28/2010,9:17:00,350,2,3.89,390.1,2,3.8,1022.1,13.7,100.19,13.349,33.089,351.3,391.6,347.9,387.7,-39.8,349.2,389.2,-40.1
CCE1_122W_33N,33.43,-122.48,1/28/2010,12:17:00,350.5,2,3.83,388.7,2,3.74,1021.6,13.5,100.15,13.338,33.084,351.9,390.1,348.3,386.1,-37.9,349.6,387.5,-37.9
CCE1_122W_33N,33.43,-122.48,1/28/2010,15:17:00,350.3,2,3.82,388.7,2,3.73,1022,13.4,100.1,13.31,33.075,351.7,390.1,348.2,386.3,-38.1,349.5,387.7,-38.2
CCE1_122W_33N,33.43,-122.48,1/28/2010,18:17:00,348.5,2,4.02,388.4,2,3.78,1023.6,13.6,100.15,13.349,33.06,349.9,389.9,347,386.6,-39.7,348.3,388.1,-39.8
CCE1_122W_33N,33.43,-122.48,1/28/2010,21:17:00,345.2,2,4.09,388.5,2,4.01,1021.9,13.9,100.19,13.602,33.056,346.6,390.1,343.1,386.1,-43,344.3,387.5,-43.2
CCE1_122W_33N,33.43,-122.48,1/29/2010,0:17:00,341.6,2,3.99,388.3,2,3.9,1022.3,14.2,100.34,13.576,33.042,343,389.8,339.6,386,-46.3,340.9,387.4,-46.5
CCE1_122W_33N,33.43,-122.48,1/29/2010,3:17:00,342.3,2,3.93,388.6,2,3.84,1023.1,13.9,100.44,13.522,33.048,343.7,390,340.6,386.5,-46,341.9,387.9,-46.1
CCE1_122W_33N,33.43,-122.48,1/29/2010,6:17:00,338.8,2,3.99,388.8,2,3.75,1023.2,13.5,100.49,13.505,32.91,340.1,390.2,337.1,386.8,-49.7,338.3,388.2,-49.8
CCE1_122W_33N,33.43,-122.48,1/29/2010,9:17:00,337.7,2,3.85,388.8,2,3.77,1022.3,13.6,100.54,13.593,32.84,339,390.3,335.6,386.5,-50.8,336.9,387.9,-51
CCE1_122W_33N,33.43,-122.48,1/29/2010,12:17:00,336.3,2,4.01,389.1,2,3.77,1021.9,13.6,100.58,13.578,32.855,337.6,390.6,334.2,386.6,-52.4,335.4,388.1,-52.7
CCE1_122W_33N,33.43,-122.48,1/29/2010,15:17:00,346.3,2,3.99,389.1,2,3.9,1022.2,13.5,100.49,13.324,33.02,347.6,390.6,344.3,386.9,-42.6,345.5,388.3,-42.7
CCE1_122W_33N,33.43,-122.48,1/29/2010,18:17:00,346,2,4.21,389.1,2,4.13,1022.8,13.8,100.44,13.378,33.046,347.4,390.7,344.3,387.1,-42.8,345.5,388.6,-43.1
CCE1_122W_33N,33.43,-122.48,1/29/2010,21:17:00,346.7,2,4.39,389.2,2,4.3,1021.2,14.4,100.49,13.553,33.041,348.3,390.9,344.5,386.6,-42.1,345.8,388.1,-42.3
CCE1_122W_33N,33.43,-122.48,1/30/2010,0:17:00,345.4,2,4.26,389.3,2,4.17,1020.7,14.5,100.63,13.578,33.039,346.9,391,343,386.5,-43.6,344.2,388,-43.8
CCE1_122W_33N,33.43,-122.48,1/30/2010,3:17:00,343.3,2,4.08,388.7,2,3.99,1020.6,14.5,100.73,13.549,33.027,344.7,390.2,340.7,385.8,-45,342,387.2,-45.1
CCE1_122W_33N,33.43,-122.48,1/30/2010,6:17:00,339.8,2,4.09,388.7,2,3.99,1020.7,14.5,100.83,13.463,33.013,341.2,390.2,337.4,385.8,-48.5,338.6,387.2,-48.6
CCE1_122W_33N,33.43,-122.48,1/30/2010,9:17:00,340.6,2,4.02,388.7,2,3.93,1020.7,14.2,100.88,13.456,33.01,342,390.2,338.1,385.8,-47.6,339.4,387.2,-47.8
CCE1_122W_33N,33.43,-122.48,1/30/2010,12:17:00,342.1,2,4.11,388.9,2,4.02,1020.3,13.9,100.88,13.488,33.031,343.5,390.5,339.4,385.9,-46.4,340.7,387.4,-46.6
CCE1_122W_33N,33.43,-122.48,1/30/2010,15:17:00,341.8,2,4.07,388.9,2,3.99,1021.3,13.8,100.83,13.468,33.049,343.2,390.4,339.5,386.2,-46.7,340.8,387.7,-46.9
CCE1_122W_33N,33.43,-122.48,1/30/2010,18:17:00,341.1,2,4.12,388.9,2,3.87,1022.2,14,100.83,13.454,33.037,342.5,390.5,339.1,386.6,-47.5,340.4,388.1,-47.7
CCE1_122W_33N,33.43,-122.48,1/30/2010,21:17:00,342.1,2,4.36,389.1,2,4.27,1021.4,14.3,100.98,13.509,33.018,343.6,390.7,339.9,386.6,-46.6,341.2,388,-46.8
CCE1_122W_33N,33.43,-122.48,1/31/2010,0:17:00,342.5,2,4.22,389,2,4.13,1020.7,14.4,101.02,13.565,33.042,343.9,390.7,340,386.2,-46.2,341.3,387.7,-46.4
CCE1_122W_33N,33.43,-122.48,1/31/2010,3:17:00,343.8,2,4,389.7,2,3.91,1020.8,14.2,101.07,13.479,33.03,345.2,391.2,341.3,386.8,-45.5,342.6,388.3,-45.7
CCE1_122W_33N,33.43,-122.48,1/31/2010,6:17:00,338.5,2,4.12,389,2,3.87,1020.8,14,101.12,13.551,32.966,339.9,390.5,336.1,386.1,-50,337.3,387.5,-50.2
CCE1_122W_33N,33.43,-122.48,1/31/2010,9:17:00,342.9,2,4.11,389.8,2,4.03,1020.4,14,101.07,13.459,33.005,344.3,391.4,340.3,386.9,-46.6,341.6,388.3,-46.7
CCE1_122W_33N,33.43,-122.48,1/31/2010,12:17:00,341.9,2,4.07,389.4,2,3.99,1020,13.8,100.98,13.547,32.883,343.3,390.9,339.1,386.2,-47.1,340.4,387.6,-47.2
CCE1_122W_33N,33.43,-122.48,1/31/2010,15:17:00,340.9,2,4.08,389.7,2,3.99,1020.4,13.8,100.83,13.553,32.867,342.2,391.3,338.3,386.7,-48.5,339.5,388.2,-48.7
CCE1_122W_33N,33.43,-122.48,1/31/2010,18:17:00,340.1,2,4.09,389.1,2,4.01,1021.3,13.9,100.78,13.589,32.854,341.5,390.7,337.8,386.4,-48.6,339.1,387.9,-48.8
CCE1_122W_33N,33.43,-122.48,1/31/2010,21:17:00,341.9,2,4.17,389.1,2,4.08,1020.3,14.2,100.73,13.694,32.845,343.3,390.7,339.3,386.1,-46.8,340.5,387.5,-47
CCE1_122W_33N,33.43,-122.48,2/1/2010,0:17:00,341.8,2,4.18,389.5,2,3.92,1020.2,14.2,100.73,13.735,32.838,343.2,391.1,339.1,386.4,-47.3,340.3,387.8,-47.5
CCE1_122W_33N,33.43,-122.48,2/1/2010,3:17:00,339,2,4.11,389.1,2,3.86,1020,14,100.73,13.664,32.846,340.4,390.6,336.3,385.9,-49.6,337.5,387.3,-49.8
CCE1_122W_33N,33.43,-122.48,2/1/2010,6:17:00,338.9,2,4.06,389.6,2,3.81,1020.1,13.8,100.73,13.612,32.85,340.3,391.1,336.2,386.4,-50.2,337.5,387.8,-50.4
CCE1_122W_33N,33.43,-122.48,2/1/2010,9:17:00,337.5,2,4.05,389.3,2,3.96,1019.8,13.7,100.73,13.518,32.877,338.9,390.8,334.8,386,-51.3,336,387.5,-51.5
CCE1_122W_33N,33.43,-122.48,2/1/2010,12:17:00,337.7,2,4.06,389.4,2,3.97,1019.2,13.7,100.73,13.426,32.95,339.1,391,334.8,386,-51.2,336,387.5,-51.4
CCE1_122W_33N,33.43,-122.48,2/1/2010,15:17:00,337,2,4.05,389.6,2,3.96,1019.2,13.7,100.78,13.411,33.012,338.4,391.2,334.1,386.2,-52.1,335.3,387.7,-52.3
CCE1_122W_33N,33.43,-122.48,2/1/2010,18:17:00,337.3,2,4.25,389.3,2,4.17,1019.4,13.9,100.83,13.41,32.98,338.8,390.9,334.5,386,-51.5,335.8,387.4,-51.6
CCE1_122W_33N,33.43,-122.48,2/1/2010,21:17:00,335.6,2,4.32,389.4,2,4.06,1017.7,14.7,101.02,13.625,33.05,337.1,391,332.2,385.4,-53.2,333.5,386.8,-53.3
CCE1_122W_33N,33.43,-122.48,2/2/2010,0:17:00,336.6,2,4.32,389.5,2,4.06,1017.1,14.7,101.12,13.653,33.037,338,391.1,333,385.2,-52.3,334.2,386.7,-52.5
CCE1_122W_33N,33.43,-122.48,2/2/2010,3:17:00,332.2,2,4.26,389,2,4,1017,14.5,101.31,13.575,33.114,333.6,390.6,328.6,384.7,-56.1,329.8,386.2,-56.4
CCE1_122W_33N,33.43,-122.48,2/2/2010,6:17:00,336.7,2,4.24,389.5,2,4.14,1016.9,14.4,101.41,13.58,33.113,338.1,391.1,333,385.2,-52.2,334.2,386.6,-52.4
CCE1_122W_33N,33.43,-122.48,2/2/2010,9:17:00,336.5,2,4.25,389,2,4.16,1015.7,14.5,101.36,13.568,33.108,338,390.6,332.5,384.3,-51.8,333.7,385.7,-51.9
CCE1_122W_33N,33.43,-122.48,2/2/2010,12:17:00,337.2,2,4.25,388.8,2,4.16,1014.9,14.4,101.41,13.522,33.082,338.6,390.4,332.8,383.7,-50.9,334.1,385.2,-51.1
CCE1_122W_33N,33.43,-122.48,2/2/2010,15:17:00,336,2,4.24,388.9,2,4.15,1015,14.4,101.41,13.469,33.034,337.4,390.5,331.7,383.9,-52.2,332.9,385.3,-52.4
CCE1_122W_33N,33.43,-122.48,2/2/2010,18:17:00,334.4,2,4.66,388.5,2,4.58,1015.5,14.7,101.46,13.585,33.003,336,390.2,330.4,383.8,-53.4,331.7,385.2,-53.5
CCE1_122W_33N,33.43,-122.48,2/2/2010,21:17:00,334.9,2,4.67,388.2,2,4.58,1013.6,15.3,101.61,13.593,33.03,336.4,390,330.2,382.8,-52.6,331.4,384.3,-52.8
CCE1_122W_33N,33.43,-122.48,2/3/2010,0:17:00,336.8,2,4.78,388.1,2,4.69,1014,15.7,101.86,13.689,33.042,338.4,390,332.3,382.9,-50.6,333.5,384.4,-50.9
CCE1_122W_33N,33.43,-122.48,2/3/2010,3:17:00,332.8,2,4.33,388.2,2,4.23,1014.6,15.4,101.75,13.772,32.948,334.2,389.9,328.3,383,-54.7,329.5,384.5,-54.9
CCE1_122W_33N,33.43,-122.48,2/3/2010,6:17:00,331.3,2,4.37,388.9,2,4.11,1014.8,14.9,101.71,13.669,32.933,332.7,390.5,327,383.8,-56.8,328.2,385.2,-57
CCE1_122W_33N,33.43,-122.48,2/3/2010,9:17:00,333.8,2,4.29,388.6,2,4.19,1014.5,14.6,101.61,13.741,32.932,335.2,390.3,329.3,383.4,-54.1,330.5,384.8,-54.3
CCE1_122W_33N,33.43,-122.48,2/3/2010,12:17:00,332.9,2,4.25,388.8,2,4.16,1013.8,14.4,101.61,13.616,32.913,334.3,390.4,328.3,383.3,-55.1,329.4,384.7,-55.3
CCE1_122W_33N,33.43,-122.48,2/3/2010,15:17:00,331.3,2,4.37,389.4,2,4.12,1016.1,14.3,101.61,13.617,32.932,332.7,391,327.4,384.7,-57.3,328.6,386.2,-57.6
CCE1_122W_33N,33.43,-122.48,2/3/2010,18:17:00,332.2,2,4.26,388.8,2,4.17,1017.2,14.5,101.61,13.724,32.944,333.6,390.5,328.6,384.6,-56,329.8,386.1,-56.3
CCE1_122W_33N,33.43,-122.48,2/3/2010,21:17:00,333.3,2,4.43,388.6,2,4.17,1014.7,14.5,101.66,13.905,32.95,334.8,390.2,328.9,383.4,-54.5,330.1,384.8,-54.6
CCE1_122W_33N,33.43,-122.48,2/4/2010,0:17:00,334.6,2,4.37,388.4,2,4.28,1015.3,14.9,101.71,13.983,32.926,336,390.1,330.3,383.4,-53.1,331.5,384.9,-53.4
CCE1_122W_33N,33.43,-122.48,2/4/2010,3:17:00,331.4,2,4.35,389,2,4.09,1016.2,14.8,101.7,13.848,32.943,332.8,390.6,327.5,384.3,-56.8,328.7,385.7,-57.1
CCE1_122W_33N,33.43,-122.48,2/4/2010,6:17:00,331.3,2,4.39,389,2,4.14,1016.3,14.4,101.7,13.804,32.955,332.7,390.6,327.4,384.4,-57,328.6,385.8,-57.2
CCE1_122W_33N,33.43,-122.48,2/4/2010,9:17:00,330.8,2,4.39,388.9,2,4.13,1016.1,14.3,101.71,13.728,32.951,332.3,390.5,327,384.2,-57.3,328.2,385.7,-57.5
CCE1_122W_33N,33.43,-122.48,2/4/2010,12:17:00,332,2,4.41,388.9,2,4.15,1015,14.4,101.66,13.715,32.913,333.4,390.5,327.7,383.8,-56.1,328.9,385.2,-56.3
CCE1_122W_33N,33.43,-122.48,2/4/2010,15:17:00,333.1,2,4.45,388.3,2,4.19,1015.3,14.6,101.56,13.763,32.924,334.6,390,329,383.4,-54.4,330.2,384.8,-54.7
CCE1_122W_33N,33.43,-122.48,2/4/2010,18:17:00,331.5,2,4.5,387,2,4.41,1016,14.8,101.56,13.792,32.935,332.9,388.7,327.6,382.4,-54.8,328.7,383.8,-55.1
CCE1_122W_33N,33.43,-122.48,2/4/2010,21:17:00,333,2,4.55,388.7,2,4.46,1014.6,14.9,101.61,13.796,32.896,334.5,390.4,328.6,383.5,-54.9,329.8,385,-55.1
CCE1_122W_33N,33.43,-122.48,2/5/2010,0:17:00,332.1,2,4.38,388.7,2,4.29,1013.8,14.9,101.71,13.766,32.914,333.6,390.3,327.5,383.2,-55.7,328.7,384.6,-55.9
CCE1_122W_33N,33.43,-122.48,2/5/2010,3:17:00,334.3,2,4.36,389,2,4.27,1014.7,14.9,101.71,13.727,32.932,335.8,390.6,330,383.8,-53.9,331.2,385.2,-54
CCE1_122W_33N,33.43,-122.48,2/5/2010,6:17:00,336.4,2,4.37,388.7,2,4.27,1014,14.9,101.66,13.676,32.93,337.9,390.4,331.8,383.4,-51.6,333,384.8,-51.7
CCE1_122W_33N,33.43,-122.48,2/5/2010,9:17:00,334.8,2,4.19,388.7,2,4.09,1015.2,14.8,101.51,13.651,32.831,336.2,390.3,330.5,383.8,-53.2,331.8,385.1,-53.4
CCE1_122W_33N,33.43,-122.48,2/5/2010,12:17:00,337.7,2,4.26,388.9,2,4.17,1014.7,14.5,101.41,13.635,32.885,339.2,390.5,333.3,383.8,-50.5,334.6,385.2,-50.6
CCE1_122W_33N,33.43,-122.48,2/5/2010,15:17:00,337.7,2,4.43,388.4,2,4.34,1016.5,14.5,101.36,13.655,32.96,339.2,390.1,333.9,384,-50.1,335.2,385.4,-50.3
CCE1_122W_33N,33.43,-122.48,2/5/2010,18:17:00,337.9,2,4.5,388.1,2,4.41,1018.2,14.8,101.36,13.742,33.002,339.4,389.8,334.7,384.3,-49.7,335.9,385.8,-49.9
CCE1_122W_33N,33.43,-122.48,2/5/2010,21:17:00,345,2,4.65,388.6,2,4.55,1016.6,15.3,101.41,14.114,32.968,346.6,390.3,341.1,384.1,-43.1,342.3,385.5,-43.2
CCE1_122W_33N,33.43,-122.48,2/6/2010,0:17:00,344.9,2,4.57,388.3,2,4.66,1016.2,15.7,101.51,14.321,32.897,346.5,390.1,340.8,383.6,-42.9,342,385.1,-43
CCE1_122W_33N,33.43,-122.48,2/6/2010,3:17:00,341.3,2,4.48,388.8,2,4.56,1016.7,15.3,101.46,14.086,32.898,342.9,390.6,337.5,384.4,-47,338.7,385.8,-47.1
CCE1_122W_33N,33.43,-122.48,2/6/2010,6:17:00,338.5,2,4.59,388.5,2,4.5,1016.9,15.1,101.41,13.969,32.902,340,390.3,334.7,384.2,-49.5,336,385.7,-49.7
CCE1_122W_33N,33.43,-122.48,2/6/2010,9:17:00,344,2,4.59,388.1,2,4.5,1016.5,15.1,101.27,13.922,32.875,345.6,389.9,340.1,383.7,-43.6,341.4,385.1,-43.8
CCE1_122W_33N,33.43,-122.48,2/6/2010,12:17:00,341,2,4.22,389.3,2,4.3,1016,15,101.12,13.875,32.852,342.5,391,336.9,384.6,-47.7,338.2,386.1,-47.9
CCE1_122W_33N,33.43,-122.48,2/6/2010,15:17:00,340.1,2,4.06,389.4,2,4.13,1017,14.3,101.02,13.807,32.861,341.4,391,336.2,385,-48.8,337.4,386.5,-49
CCE1_122W_33N,33.43,-122.48,2/6/2010,18:17:00,339.8,2,4.68,389.2,2,4.43,1018.4,14.3,101.07,13.817,32.875,341.4,390.9,336.6,385.5,-48.9,337.9,386.9,-49
CCE1_122W_33N,33.43,-122.48,2/6/2010,21:17:00,340.3,2,4.6,388.9,2,4.51,1018.7,14.6,101.02,13.914,32.879,341.8,390.7,337.2,385.4,-48.2,338.4,386.8,-48.4
CCE1_122W_33N,33.43,-122.48,2/7/2010,0:17:00,340,2,4.63,389.2,2,4.37,1019.2,14.7,101.12,13.914,32.872,341.6,390.9,337.1,385.8,-48.7,338.3,387.2,-48.8
CCE1_122W_33N,33.43,-122.48,2/7/2010,3:17:00,338.6,2,4.26,389.4,2,4.17,1021,14.6,101.07,13.876,32.894,340,391,336.2,386.6,-50.4,337.4,388,-50.6
CCE1_122W_33N,33.43,-122.48,2/7/2010,6:17:00,339.6,2,4.19,389.2,2,4.1,1021.9,14.3,101.07,13.866,32.876,341,390.8,337.4,386.7,-49.3,338.7,388.1,-49.5
CCE1_122W_33N,33.43,-122.48,2/7/2010,9:17:00,339.9,2,4.15,389,2,4.06,1022.1,14.1,100.97,13.823,32.866,341.3,390.5,337.8,386.5,-48.7,339.1,387.9,-48.9
CCE1_122W_33N,33.43,-122.48,2/7/2010,12:17:00,339.1,2,4.27,388.8,2,4.02,1021.6,14,100.92,13.778,32.864,340.5,390.3,336.9,386.2,-49.3,338.1,387.6,-49.5
CCE1_122W_33N,33.43,-122.48,2/7/2010,15:17:00,339.9,2,4.23,389,2,4.15,1022.4,13.8,100.87,13.762,32.87,341.4,390.7,338,386.8,-48.8,339.3,388.3,-49
CCE1_122W_33N,33.43,-122.48,2/7/2010,18:17:00,338.2,2,4.15,389.3,2,4.06,1023.5,14.2,100.77,13.758,32.867,339.6,390.9,336.6,387.5,-50.8,337.9,388.9,-51
CCE1_122W_33N,33.43,-122.48,2/7/2010,21:17:00,338.7,2,4.15,389.1,2,4.06,1022.2,14.2,100.82,13.809,32.866,340.1,390.7,336.6,386.8,-50.1,337.9,388.2,-50.3
CCE1_122W_33N,33.43,-122.48,2/8/2010,0:17:00,338.3,2,4.3,389.1,2,4.21,1021.5,14.1,100.87,13.83,32.87,339.8,390.8,336.1,386.6,-50.4,337.4,388,-50.6
CCE1_122W_33N,33.43,-122.48,2/8/2010,3:17:00,338.6,2,4.24,389.3,2,4,1022.4,13.9,100.87,13.81,32.866,340.1,390.8,336.7,386.9,-50.2,338,388.4,-50.4
CCE1_122W_33N,33.43,-122.48,2/8/2010,6:17:00,337.4,2,4.21,389.1,2,4.13,1022.6,13.8,100.82,13.74,32.882,338.8,390.7,335.6,386.9,-51.3,336.8,388.4,-51.6
CCE1_122W_33N,33.43,-122.48,2/8/2010,9:17:00,335.3,2,4.2,388.7,2,4.12,1022.5,13.7,100.82,13.701,32.937,336.7,390.3,333.4,386.5,-53.1,334.7,387.9,-53.3
CCE1_122W_33N,33.43,-122.48,2/8/2010,12:17:00,335.5,2,4.17,389.2,2,4.08,1022.2,13.6,100.77,13.662,32.961,336.9,390.8,333.5,386.9,-53.4,334.8,388.3,-53.6
CCE1_122W_33N,33.43,-122.48,2/8/2010,15:17:00,336.7,2,4.28,389,2,4.04,1023.4,13.5,100.73,13.645,32.916,338.1,390.6,335.2,387.2,-52,336.4,388.6,-52.2
CCE1_122W_33N,33.43,-122.48,2/8/2010,18:17:00,336.4,2,4.19,389,2,3.95,1024.2,13.7,100.63,13.671,32.923,337.8,390.5,335.1,387.4,-52.3,336.3,388.8,-52.5
CCE1_122W_33N,33.43,-122.48,2/8/2010,21:17:00,335.1,2,4.22,388.8,2,3.98,1022.4,13.8,100.73,13.7,32.964,336.5,390.3,333.2,386.5,-53.3,334.4,387.9,-53.5
CCE1_122W_33N,33.43,-122.48,2/9/2010,0:17:00,337.6,2,4.23,389,2,4.14,1022.1,13.8,100.77,13.633,32.997,339,390.6,335.6,386.7,-51.1,336.8,388.1,-51.3
CCE1_122W_33N,33.43,-122.48,2/9/2010,3:17:00,338.5,2,4.22,389.1,2,3.98,1021.8,13.8,100.77,13.592,32.998,339.9,390.7,336.4,386.6,-50.2,337.6,388.1,-50.5
CCE1_122W_33N,33.43,-122.48,2/9/2010,6:17:00,335.9,2,4.22,388.6,2,4.13,1022.4,13.8,100.73,13.629,32.99,337.4,390.2,334.1,386.4,-52.4,335.3,387.8,-52.5
CCE1_122W_33N,33.43,-122.48,2/9/2010,9:17:00,337.9,2,4.29,388.8,2,4.04,1022,14.1,100.68,13.591,32.98,339.4,390.4,336,386.4,-50.5,337.2,387.9,-50.7
CCE1_122W_33N,33.43,-122.48,2/9/2010,12:17:00,335.3,2,4.18,388.3,2,4.09,1020.1,14.2,100.73,13.565,33.056,336.7,389.9,332.7,385.3,-52.5,333.9,386.7,-52.8
CCE1_122W_33N,33.43,-122.48,2/9/2010,15:17:00,336.4,2,4.26,389.2,2,4.17,1020.3,13.9,100.73,13.536,33.053,337.8,390.8,333.9,386.2,-52.4,335.1,387.6,-52.6
CCE1_122W_33N,33.43,-122.48,2/9/2010,18:17:00,336.4,2,4.17,390,2,4.09,1021.1,13.6,100.77,13.515,33.05,337.8,391.6,334.1,387.3,-53.2,335.4,388.8,-53.4
CCE1_122W_33N,33.43,-122.48,2/9/2010,21:17:00,337,2,4.01,389.8,2,3.92,1019.1,13.5,100.78,13.57,33.036,338.4,391.4,334,386.3,-52.3,335.3,387.8,-52.5
CCE1_122W_33N,33.43,-122.48,2/10/2010,0:17:00,337.9,2,4.17,389.7,2,4.09,1017.9,13.5,100.83,13.569,33.04,339.3,391.3,334.6,385.8,-51.2,335.7,387.2,-51.5
CCE1_122W_33N,33.43,-122.48,2/10/2010,3:17:00,338.4,2,4.01,389.6,2,3.92,1016.9,13.5,100.88,13.503,33.048,339.8,391.1,334.7,385.2,-50.5,335.9,386.6,-50.7
CCE1_122W_33N,33.43,-122.48,2/10/2010,6:17:00,341.4,2,4.02,389.7,2,3.93,1017.1,13.5,100.68,13.468,33.048,342.7,391.3,337.7,385.5,-47.8,338.9,386.9,-48.1
CCE1_122W_33N,33.43,-122.48,2/10/2010,9:17:00,341.7,2,4.01,389.2,2,3.93,1019.5,13.6,100.53,13.429,33.036,343.1,390.8,338.8,385.9,-47.1,340.1,387.4,-47.3
CCE1_122W_33N,33.43,-122.48,2/10/2010,12:17:00,340.6,2,4.16,390.8,2,4.08,1020.4,13.6,100.44,13.423,33.044,342,392.4,338,387.9,-49.8,339.3,389.3,-50
CCE1_122W_33N,33.43,-122.48,2/10/2010,15:17:00,339.1,2,4.16,390.6,2,4.08,1022.5,13.6,100.34,13.463,32.99,340.6,392.2,337.3,388.4,-51.1,338.6,389.9,-51.3
CCE1_122W_33N,33.43,-122.48,2/10/2010,18:17:00,339.8,2,4.21,389.4,2,4.13,1024.7,13.8,100.29,13.456,32.996,341.2,391,338.7,388.1,-49.4,340,389.6,-49.6
CCE1_122W_33N,33.43,-122.48,2/10/2010,21:17:00,341.3,2,4.26,389.5,2,4.18,1024.3,14,100.24,13.453,33.024,342.7,391.1,340.1,388.1,-48,341.3,389.5,-48.2
CCE1_122W_33N,33.43,-122.48,2/11/2010,0:17:00,341.7,2,4.29,389.3,2,4.2,1024,14.1,100.19,13.49,33.006,343.2,390.9,340.4,387.7,-47.3,341.7,389.2,-47.5
CCE1_122W_33N,33.43,-122.48,2/11/2010,3:17:00,341.8,2,4.23,388.9,2,3.99,1025.3,13.9,100.19,13.432,33.01,343.2,390.5,340.9,387.8,-46.9,342.2,389.3,-47.2
CCE1_122W_33N,33.43,-122.48,2/11/2010,6:17:00,342.3,2,4.15,389.1,2,4.07,1026.3,13.6,100.1,13.396,33.013,343.7,390.7,341.7,388.5,-46.8,343,389.9,-46.9
CCE1_122W_33N,33.43,-122.48,2/11/2010,9:17:00,341.6,2,4.12,388.6,2,3.88,1026.2,13.5,100,13.414,33.006,343,390.1,341,387.8,-46.8,342.3,389.3,-47
CCE1_122W_33N,33.43,-122.48,2/11/2010,12:17:00,341.4,2,4.1,388.9,2,4.02,1026.2,13.4,99.9,13.405,33.003,342.8,390.4,340.8,388.1,-47.3,342.1,389.6,-47.5
CCE1_122W_33N,33.43,-122.48,2/11/2010,15:17:00,340.7,2,4.08,388.8,2,3.99,1027.4,13.3,99.9,13.397,33.001,342.1,390.4,340.5,388.6,-48.1,341.8,390,-48.3
CCE1_122W_33N,33.43,-122.48,2/11/2010,18:17:00,342,2,4.32,388.7,2,4.08,1028,13.7,99.9,13.451,33.002,343.4,390.2,342,388.6,-46.6,343.3,390.1,-46.8
CCE1_122W_33N,33.43,-122.48,2/11/2010,21:17:00,348.2,2,4.29,388.7,2,4.21,1027.1,14.2,99.9,13.627,32.957,349.7,390.3,347.9,388.3,-40.4,349.2,389.7,-40.5
CCE1_122W_33N,33.43,-122.48,2/12/2010,0:17:00,343.5,2,4.37,389,2,4.28,1026.4,14.4,100,13.737,32.994,345,390.7,343,388.3,-45.4,344.2,389.8,-45.6
CCE1_122W_33N,33.43,-122.48,2/12/2010,3:17:00,343.1,2,4.18,389.2,2,4.1,1027.3,14.4,100,13.718,33.007,344.6,390.8,342.8,388.8,-46,344.1,390.3,-46.1
CCE1_122W_33N,33.43,-122.48,2/12/2010,6:17:00,340.4,2,4.31,389.1,2,4.06,1027.8,14.2,100.05,13.597,33.007,341.9,390.7,340.3,388.9,-48.6,341.7,390.4,-48.8
CCE1_122W_33N,33.43,-122.48,2/12/2010,9:17:00,338.5,2,4.33,388.8,2,4.24,1027.7,14.3,100,13.463,32.997,340,390.5,338.4,388.8,-50.3,339.8,390.2,-50.5
CCE1_122W_33N,33.43,-122.48,2/12/2010,12:17:00,337.3,2,4.33,388.8,2,4.08,1027.3,14.3,100.05,13.462,32.998,338.7,390.4,337.1,388.5,-51.4,338.3,390,-51.6
CCE1_122W_33N,33.43,-122.48,2/12/2010,15:17:00,336.6,2,4.32,388.8,2,4.07,1027.7,14.3,100.05,13.441,33.002,338.1,390.4,336.6,388.7,-52.1,337.9,390.1,-52.3
CCE1_122W_33N,33.43,-122.48,2/12/2010,18:17:00,347.2,2,4.47,388.5,2,4.38,1029,14.9,100.05,13.421,32.955,348.8,390.2,347.7,389,-41.3,349,390.4,-41.4
CCE1_122W_33N,33.43,-122.48,2/12/2010,21:17:00,358.1,2,4.66,388.6,2,4.57,1027.4,15.5,100.14,13.539,32.955,359.7,390.4,358,388.5,-30.5,359.3,390,-30.7
CCE1_122W_33N,33.43,-122.48,2/13/2010,0:17:00,356.2,2,4.84,388.2,2,4.74,1026.5,16.1,100.19,13.949,33.01,357.9,390.1,355.8,387.7,-32,357.1,389.2,-32.1
CCE1_122W_33N,33.43,-122.48,2/13/2010,3:17:00,343.4,2,4.69,388.6,2,4.59,1027.3,15.6,100.29,13.957,33.011,345,390.4,343.2,388.3,-45.1,344.5,389.8,-45.3
CCE1_122W_33N,33.43,-122.48,2/13/2010,6:17:00,343.3,2,4.53,388.5,2,4.27,1027,15.1,100.29,13.811,33.004,344.8,390.2,343,388,-45.1,344.2,389.5,-45.3
CCE1_122W_33N,33.43,-122.48,2/13/2010,9:17:00,342.9,2,4.46,388.4,2,4.37,1025.6,14.8,100.29,13.542,32.871,344.4,390.1,342.2,387.5,-45.3,343.4,389,-45.6
CCE1_122W_33N,33.43,-122.48,2/13/2010,12:17:00,342.4,2,4.43,388.2,2,4.34,1025.1,14.6,100.24,13.391,32.824,344,389.9,341.6,387.2,-45.6,342.9,388.7,-45.8
CCE1_122W_33N,33.43,-122.48,2/13/2010,15:17:00,348.3,2,4.39,388.2,2,4.3,1025.9,14.5,100.19,13.613,32.989,349.9,389.9,347.7,387.4,-39.7,349,388.9,-39.9
CCE1_122W_33N,33.43,-122.48,2/13/2010,18:17:00,341,2,4.22,387.9,2,4.14,1026.4,14.5,100.29,13.587,33.016,342.4,389.5,340.4,387.2,-46.8,341.7,388.7,-47
CCE1_122W_33N,33.43,-122.48,2/13/2010,21:17:00,350.6,2,4.57,388.2,2,4.33,1025.8,14.6,100.24,13.779,32.985,352.2,389.8,349.9,387.3,-37.4,351.2,388.7,-37.5
CCE1_122W_33N,33.43,-122.48,2/14/2010,0:17:00,349.3,2,4.65,387.7,2,4.4,1024.7,14.9,100.29,13.841,32.976,350.9,389.5,348.2,386.4,-38.2,349.5,387.9,-38.4
CCE1_122W_33N,33.43,-122.48,2/14/2010,3:17:00,347.8,2,4.5,388.1,2,4.41,1025.4,14.9,100.39,13.759,32.974,349.4,389.8,346.9,387.1,-40.2,348.3,388.5,-40.3
CCE1_122W_33N,33.43,-122.48,2/14/2010,6:17:00,343.3,2,4.45,388.3,2,4.36,1025.9,14.8,100.39,13.695,33.013,344.9,390,342.6,387.5,-44.9,344,389,-45
CCE1_122W_33N,33.43,-122.48,2/14/2010,9:17:00,341,2,4.38,388.6,2,4.29,1025.3,14.5,100.34,13.625,33.008,342.4,390.3,340.1,387.6,-47.5,341.3,389,-47.7
CCE1_122W_33N,33.43,-122.48,2/14/2010,12:17:00,342.4,2,4.37,388.6,2,4.29,1024.3,14.4,100.29,13.583,33.003,343.9,390.3,341.2,387.2,-46,342.5,388.7,-46.2
CCE1_122W_33N,33.43,-122.48,2/14/2010,15:17:00,343.3,2,4.35,388.8,2,4.26,1025,14.3,100.24,13.548,33.005,344.8,390.4,342.4,387.6,-45.3,343.6,389.1,-45.4
CCE1_122W_33N,33.43,-122.48,2/14/2010,18:17:00,343.2,2,4.46,388.8,2,4.37,1025.7,14.2,100.19,13.535,33.01,344.8,390.5,342.5,388,-45.4,343.9,389.4,-45.6
CCE1_122W_33N,33.43,-122.48,2/14/2010,21:17:00,344.4,2,4.48,389,2,4.4,1024.5,14.2,100.14,13.569,33.007,346,390.7,343.3,387.7,-44.4,344.6,389.2,-44.5
CCE1_122W_33N,33.43,-122.48,2/15/2010,0:17:00,344.1,2,4.55,388.6,2,4.47,1023.4,14.5,100.19,13.557,33.002,345.7,390.3,342.7,386.9,-44.3,344,388.3,-44.4
CCE1_122W_33N,33.43,-122.48,2/15/2010,3:17:00,344,2,4.41,388.6,2,4.32,1023.7,14.5,100.19,13.543,32.993,345.5,390.2,342.6,387,-44.4,343.9,388.4,-44.5
CCE1_122W_33N,33.43,-122.48,2/15/2010,6:17:00,344.3,2,4.37,388.6,2,4.29,1024,14.4,100.19,13.519,32.976,345.8,390.3,343,387.1,-44.1,344.3,388.6,-44.3
CCE1_122W_33N,33.43,-122.48,2/15/2010,9:17:00,344.1,2,4.37,388.5,2,4.28,1023.6,14.4,100.19,13.506,32.993,345.6,390.2,342.7,386.9,-44.2,343.9,388.3,-44.4
CCE1_122W_33N,33.43,-122.48,2/15/2010,12:17:00,344.4,2,4.38,388.7,2,4.3,1022.7,14.4,100.19,13.512,32.991,345.9,390.3,342.7,386.7,-44,343.9,388.1,-44.1
CCE1_122W_33N,33.43,-122.48,2/15/2010,15:17:00,344.5,2,4.37,388.4,2,4.28,1023.3,14.4,100.15,13.494,32.995,346,390.1,343,386.6,-43.7,344.2,388.1,-43.9
CCE1_122W_33N,33.43,-122.48,2/15/2010,18:17:00,344,2,4.49,387.3,2,4.4,1023.9,14.2,100.19,13.505,32.998,345.6,389,342.8,385.9,-43.1,344.1,387.3,-43.2
CCE1_122W_33N,33.43,-122.48,2/15/2010,21:17:00,346.2,2,4.53,388,2,4.45,1022.5,14.4,100.24,13.46,32.884,347.8,389.7,344.5,386,-41.6,345.8,387.4,-41.7
CCE1_122W_33N,33.43,-122.48,2/16/2010,0:17:00,344.8,2,4.39,388.8,2,4.3,1021.5,14.4,100.24,13.492,32.857,346.4,390.5,342.7,386.4,-43.7,344,387.8,-43.8
CCE1_122W_33N,33.43,-122.48,2/16/2010,3:17:00,344.6,2,4.37,388.8,2,4.28,1022.2,14.4,100.34,13.441,32.865,346.1,390.5,342.7,386.7,-44,344,388.1,-44.1
CCE1_122W_33N,33.43,-122.48,2/16/2010,6:17:00,345.5,2,4.35,388.3,2,4.27,1023.1,14.3,100.34,13.516,32.952,347,390,343.9,386.5,-42.6,345.2,387.9,-42.8
CCE1_122W_33N,33.43,-122.48,2/16/2010,9:17:00,346.2,2,4.35,388.4,2,4.26,1022.7,14.3,100.34,13.528,32.957,347.7,390,344.4,386.4,-42,345.7,387.8,-42.1
CCE1_122W_33N,33.43,-122.48,2/16/2010,12:17:00,347,2,4.36,388.8,2,4.27,1021.7,14.3,100.29,13.546,32.966,348.5,390.4,344.9,386.4,-41.5,346.2,387.8,-41.6
CCE1_122W_33N,33.43,-122.48,2/16/2010,15:17:00,346.7,2,4.54,388.7,2,4.46,1021.8,14.4,100.24,13.552,32.973,348.3,390.4,344.7,386.4,-41.7,346,387.8,-41.8
CCE1_122W_33N,33.43,-122.48,2/16/2010,18:17:00,347.2,2,4.56,389.2,2,4.47,1022.9,14.5,100.24,13.548,32.966,348.8,391,345.6,387.4,-41.8,346.9,388.8,-42
CCE1_122W_33N,33.43,-122.48,2/16/2010,21:17:00,347.3,2,4.6,388.2,2,4.51,1021.2,14.6,100.24,13.44,32.901,348.9,389.9,345.1,385.7,-40.6,346.4,387.1,-40.7
CCE1_122W_33N,33.43,-122.48,2/17/2010,0:17:00,343.2,2,4.6,387.7,2,4.52,1020.3,14.6,100.29,13.435,32.812,344.8,389.4,340.8,384.9,-44.1,342.1,386.3,-44.2
CCE1_122W_33N,33.43,-122.48,2/17/2010,3:17:00,342.7,2,4.56,387.7,2,4.48,1020.7,14.5,100.34,13.427,32.81,344.3,389.5,340.4,385.1,-44.7,341.7,386.6,-44.9
CCE1_122W_33N,33.43,-122.48,2/17/2010,6:17:00,343.1,2,4.54,387.7,2,4.46,1020.9,14.4,100.34,13.417,32.81,344.6,389.4,340.8,385.1,-44.3,342.1,386.5,-44.5
CCE1_122W_33N,33.43,-122.48,2/17/2010,9:17:00,343.3,2,4.53,387.8,2,4.45,1020.6,14.4,100.34,13.396,32.827,344.9,389.5,341,385.1,-44.1,342.3,386.5,-44.3
CCE1_122W_33N,33.43,-122.48,2/17/2010,12:17:00,343.8,2,4.34,388.1,2,4.26,1020.2,14.3,100.34,13.39,32.827,345.3,389.8,341.3,385.2,-43.9,342.5,386.7,-44.1
CCE1_122W_33N,33.43,-122.48,2/17/2010,15:17:00,344,2,4.3,388.5,2,4.21,1020.7,14.1,100.34,13.394,32.824,345.5,390.1,341.6,385.7,-44.1,342.9,387.2,-44.3
CCE1_122W_33N,33.43,-122.48,2/17/2010,18:17:00,344.9,2,4.42,389.4,2,4.34,1021.3,14,100.29,13.422,32.808,346.4,391.1,342.7,386.9,-44.2,344,388.4,-44.4
CCE1_122W_33N,33.43,-122.48,2/17/2010,21:17:00,345.2,2,4.52,388.3,2,4.43,1019.8,14.3,100.29,13.912,32.866,346.7,390,342.4,385.1,-42.7,343.6,386.5,-42.9
CCE1_122W_33N,33.43,-122.48,2/18/2010,0:17:00,343.6,2,4.38,388.1,2,4.3,1019.1,14.4,100.29,13.817,32.853,345.1,389.8,340.6,384.7,-44.1,341.8,386.1,-44.3
CCE1_122W_33N,33.43,-122.48,2/18/2010,3:17:00,343.5,2,4.35,387.9,2,4.26,1019.5,14.3,100.29,13.847,32.867,345,389.6,340.6,384.6,-44,341.8,386,-44.2
CCE1_122W_33N,33.43,-122.48,2/18/2010,6:17:00,343.4,2,4.27,388,2,4.19,1019.6,14,100.29,13.539,32.823,344.9,389.6,340.6,384.8,-44.2,341.9,386.2,-44.3
CCE1_122W_33N,33.43,-122.48,2/18/2010,9:17:00,343.7,2,4.19,388.2,2,4.11,1018.7,13.6,100.29,13.527,32.825,345.1,389.8,340.5,384.6,-44.1,341.8,386,-44.3
CCE1_122W_33N,33.43,-122.48,2/18/2010,12:17:00,345,2,4.18,387.9,2,4.1,1018.8,13.6,100.24,13.795,32.862,346.5,389.4,341.8,384.2,-42.4,343.1,385.6,-42.5
CCE1_122W_33N,33.43,-122.48,2/18/2010,15:17:00,344.6,2,4.22,388,2,4.13,1019.3,13.7,100.29,13.665,32.849,346.1,389.6,341.6,384.6,-43,342.9,386,-43.1
CCE1_122W_33N,33.43,-122.48,2/18/2010,18:17:00,342.9,2,4.38,388.2,2,4.14,1020.4,13.8,100.29,13.636,32.845,344.4,389.8,340.3,385.2,-44.9,341.6,386.7,-45
CCE1_122W_33N,33.43,-122.48,2/18/2010,21:17:00,343.6,2,4.4,388.2,2,4.32,1018.9,13.9,100.29,13.788,32.859,345.2,389.8,340.6,384.6,-44.1,341.9,386,-44.2
CCE1_122W_33N,33.43,-122.48,2/19/2010,0:17:00,341.7,2,4.47,388.2,2,4.39,1018.1,14.1,100.34,13.831,32.863,343.3,389.9,338.4,384.4,-46,339.7,385.8,-46.1
CCE1_122W_33N,33.43,-122.48,2/19/2010,3:17:00,341.9,2,4.26,388.6,2,4.18,1018.5,13.9,100.39,13.739,32.856,343.4,390.2,338.7,384.8,-46.2,340,386.3,-46.3
CCE1_122W_33N,33.43,-122.48,2/19/2010,6:17:00,341.4,2,4.22,388.4,2,4.13,1018.5,13.7,100.34,13.69,32.855,342.8,390,338.1,384.7,-46.6,339.4,386.1,-46.7
CCE1_122W_33N,33.43,-122.48,2/19/2010,9:17:00,343.5,2,4.4,388.3,2,4.16,1018,13.8,100.34,13.661,32.853,345,389.9,340.1,384.4,-44.2,341.4,385.8,-44.4
CCE1_122W_33N,33.43,-122.48,2/19/2010,12:17:00,343.9,2,4.47,388.3,2,4.39,1016.8,14.1,100.34,13.682,32.857,345.4,390,340.1,384,-43.9,341.4,385.5,-44.1
CCE1_122W_33N,33.43,-122.48,2/19/2010,15:17:00,346.7,2,4.51,388.3,2,4.42,1016.5,14.2,100.34,13.561,32.87,348.3,390,342.9,384,-41.1,344.2,385.4,-41.2
CCE1_122W_33N,33.43,-122.48,2/19/2010,18:17:00,345.8,2,4.72,388.1,2,4.64,1016.6,14.4,100.34,13.598,32.868,347.5,389.9,342.1,383.9,-41.8,343.4,385.3,-41.9
CCE1_122W_33N,33.43,-122.48,2/19/2010,21:17:00,346.7,2,4.62,387.9,2,4.54,1013.5,14.6,100.39,13.595,32.869,348.3,389.7,341.8,382.5,-40.7,343.1,383.9,-40.8
CCE1_122W_33N,33.43,-122.48,2/20/2010,0:17:00,346.8,2,4.81,389,2,4.73,1012.9,14.6,100.59,13.838,32.905,348.5,390.8,341.8,383.3,-41.5,343,384.7,-41.6
CCE1_122W_33N,33.43,-122.48,2/20/2010,3:17:00,345.8,2,4.66,389.1,2,4.41,1013.6,14.7,100.59,13.831,32.92,347.4,390.9,341,383.6,-42.6,342.2,385,-42.8
CCE1_122W_33N,33.43,-122.48,2/20/2010,6:17:00,346.8,2,4.72,389.4,2,4.47,1014.4,14.3,100.59,13.599,32.877,348.5,391.1,342.3,384.2,-41.9,343.6,385.6,-42
CCE1_122W_33N,33.43,-122.48,2/20/2010,9:17:00,345.9,2,4.7,389,2,4.45,1014.5,14.3,100.54,13.63,32.865,347.6,390.8,341.5,383.9,-42.4,342.8,385.4,-42.6
CCE1_122W_33N,33.43,-122.48,2/20/2010,12:17:00,347.1,2,4.36,389.3,2,4.27,1014.2,14.2,100.54,13.594,32.871,348.6,390.9,342.4,384,-41.6,343.7,385.4,-41.7
CCE1_122W_33N,33.43,-122.48,2/20/2010,15:17:00,346.8,2,4.66,389.3,2,4.41,1016.6,14.2,100.54,13.675,32.909,348.4,391,343,384.9,-41.9,344.3,386.4,-42.1
CCE1_122W_33N,33.43,-122.48,2/20/2010,18:17:00,347,2,4.75,388.4,2,4.5,1017.9,14.5,100.54,13.711,32.907,348.6,390.2,343.7,384.6,-40.9,344.9,386.1,-41.2
CCE1_122W_33N,33.43,-122.48,2/20/2010,21:17:00,348.5,2,4.65,388.2,2,4.57,1017.9,14.8,100.59,13.814,32.883,350.2,389.9,345.1,384.3,-39.2,346.5,385.7,-39.3
CCE1_122W_33N,33.43,-122.48,2/21/2010,0:17:00,346.2,2,4.64,388.3,2,4.55,1019.1,14.7,100.63,13.815,32.889,347.8,390.1,343.2,384.9,-41.7,344.5,386.4,-41.9
CCE1_122W_33N,33.43,-122.48,2/21/2010,3:17:00,344.1,2,4.43,388.8,2,4.34,1020.3,14.6,100.63,13.85,32.913,345.6,390.4,341.5,385.7,-44.3,342.7,387.1,-44.4
CCE1_122W_33N,33.43,-122.48,2/21/2010,6:17:00,343.7,2,4.5,389.7,2,4.42,1021.7,14.3,100.63,13.783,32.9,345.2,391.5,341.6,387.3,-45.7,342.8,388.8,-46
CCE1_122W_33N,33.43,-122.48,2/21/2010,9:17:00,344.2,2,4.5,388.6,2,4.26,1020.9,14.3,100.63,13.734,32.888,345.7,390.2,341.8,385.8,-44,343,387.2,-44.2
CCE1_122W_33N,33.43,-122.48,2/21/2010,12:17:00,344.6,2,4.37,389.1,2,4.28,1021.4,14.4,100.54,13.739,32.914,346.1,390.7,342.4,386.5,-44.1,343.6,387.9,-44.3
CCE1_122W_33N,33.43,-122.48,2/21/2010,15:17:00,346.5,2,4.64,389.6,2,4.39,1022.7,14.2,100.49,13.689,32.914,348.1,391.3,344.7,387.6,-42.8,346.1,389,-42.9
CCE1_122W_33N,33.43,-122.48,2/21/2010,18:17:00,347,2,4.68,389.4,2,4.44,1023.4,14.4,100.49,13.664,32.908,348.6,391.1,345.5,387.6,-42.1,346.8,389.1,-42.3
CCE1_122W_33N,33.43,-122.48,2/21/2010,21:17:00,348.9,2,4.78,389.1,2,4.7,1022.4,14.7,100.39,13.766,32.894,350.6,391,347.1,387.1,-40,348.4,388.6,-40.1
CCE1_122W_33N,33.43,-122.48,2/22/2010,0:17:00,346.8,2,4.7,389,2,4.61,1022.3,15,100.49,13.849,32.908,348.4,390.8,344.9,386.9,-41.9,346.2,388.3,-42.1
CCE1_122W_33N,33.43,-122.48,2/22/2010,3:17:00,346.3,2,4.78,388.9,2,4.53,1023.2,14.7,100.53,13.752,32.909,348,390.7,344.8,387.2,-42.3,346.1,388.6,-42.5
CCE1_122W_33N,33.43,-122.48,2/22/2010,6:17:00,345.4,2,4.54,389.2,2,4.46,1024,14.4,100.44,13.552,32.889,347,390.9,344.2,387.7,-43.5,345.5,389.2,-43.7
CCE1_122W_33N,33.43,-122.48,2/22/2010,9:17:00,348.5,2,4.48,389,2,4.24,1024,14.2,100.39,13.546,32.893,350,390.7,347.2,387.5,-40.3,348.5,389,-40.5
CCE1_122W_33N,33.43,-122.48,2/22/2010,12:17:00,348.6,2,4.47,389.3,2,4.22,1023.5,14.2,100.39,13.524,32.908,350.2,391,347.2,387.6,-40.5,348.5,389.1,-40.6
CCE1_122W_33N,33.43,-122.48,2/22/2010,15:17:00,347.1,2,4.46,389.4,2,4.21,1025.1,14.2,100.34,13.494,32.907,348.7,391.1,346.2,388.3,-42.1,347.6,389.8,-42.3
CCE1_122W_33N,33.43,-122.48,2/22/2010,18:17:00,346.7,2,4.32,389.4,2,4.23,1026.2,14.2,100.29,13.519,32.907,348.2,391,346.2,388.7,-42.5,347.4,390.1,-42.7
CCE1_122W_33N,33.43,-122.48,2/22/2010,21:17:00,347.4,2,4.48,389.2,2,4.4,1025.5,14.3,100.34,13.612,32.909,349,390.9,346.7,388.3,-41.6,348,389.7,-41.8
CCE1_122W_33N,33.43,-122.48,2/23/2010,0:17:00,347,2,4.63,389,2,4.39,1025.5,14.2,100.39,13.603,32.91,348.6,390.7,346.3,388.1,-41.8,347.6,389.5,-42
CCE1_122W_33N,33.43,-122.48,2/23/2010,3:17:00,347,2,4.29,389.2,2,4.2,1026.4,14.1,100.39,13.506,32.907,348.5,390.8,346.5,388.6,-42,347.8,390,-42.2
CCE1_122W_33N,33.43,-122.48,2/23/2010,6:17:00,345.1,2,4.41,389.2,2,4.16,1027,14,100.44,13.584,32.905,346.7,390.8,344.8,388.7,-43.9,346.2,390.2,-44
CCE1_122W_33N,33.43,-122.48,2/23/2010,9:17:00,342.4,2,4.39,389.4,2,4.15,1027.6,14,100.44,13.611,32.899,343.9,391,342.3,389.2,-46.8,343.6,390.6,-47.1
CCE1_122W_33N,33.43,-122.48,2/23/2010,12:17:00,344.5,2,4.36,389.3,2,4.12,1027.1,13.8,100.44,13.612,32.905,346,390.9,344.2,388.9,-44.7,345.5,390.3,-44.8
CCE1_122W_33N,33.43,-122.48,2/23/2010,15:17:00,343.5,2,4.34,389.1,2,4.26,1027.8,13.8,100.44,13.574,32.901,345,390.8,343.5,389.1,-45.6,344.8,390.5,-45.8
CCE1_122W_33N,33.43,-122.48,2/23/2010,18:17:00,340.9,2,4.57,388.9,2,4.33,1029.4,14.1,100.48,13.671,32.889,342.4,390.6,341.4,389.5,-48,342.7,390.9,-48.2
CCE1_122W_33N,33.43,-122.48,2/23/2010,21:17:00,342.9,2,4.55,388.9,2,4.3,1028,14.5,100.53,13.724,32.901,344.4,390.6,342.9,388.9,-45.9,344.2,390.3,-46.2
CCE1_122W_33N,33.43,-122.48,2/24/2010,0:17:00,343.1,2,4.75,389.2,2,4.5,1027.5,14.7,100.63,13.681,32.908,344.8,390.9,343.1,389,-45.9,344.4,390.5,-46
CCE1_122W_33N,33.43,-122.48,2/24/2010,3:17:00,343.7,2,4.59,389.3,2,4.34,1027.5,14.7,100.63,13.621,32.912,345.2,391,343.6,389.2,-45.6,344.8,390.6,-45.8
CCE1_122W_33N,33.43,-122.48,2/24/2010,6:17:00,346.5,2,4.78,389.1,2,4.52,1027.5,14.8,100.63,13.574,32.915,348.1,390.8,346.5,389,-42.5,347.8,390.4,-42.7
CCE1_122W_33N,33.43,-122.48,2/24/2010,9:17:00,346.6,2,4.79,389,2,4.53,1026.5,14.8,100.63,13.537,32.916,348.3,390.8,346.3,388.5,-42.2,347.6,390,-42.4
CCE1_122W_33N,33.43,-122.48,2/24/2010,12:17:00,346.4,2,4.8,388.7,2,4.55,1025.1,14.8,100.63,13.513,32.916,348,390.5,345.6,387.7,-42.1,346.9,389.2,-42.4
CCE1_122W_33N,33.43,-122.48,2/24/2010,15:17:00,347.1,2,4.8,388.4,2,4.71,1025.1,14.8,100.58,13.501,32.918,348.8,390.3,346.3,387.5,-41.2,347.7,389,-41.4
CCE1_122W_33N,33.43,-122.48,2/24/2010,18:17:00,347,2,4.81,388.4,2,4.73,1026.1,14.9,100.68,13.521,32.923,348.7,390.3,346.6,387.9,-41.4,347.9,389.4,-41.5
CCE1_122W_33N,33.43,-122.48,2/24/2010,21:17:00,347.9,2,4.88,388,2,4.8,1024.8,15.1,100.73,13.644,32.925,349.6,389.8,347,386.9,-40,348.3,388.3,-40.1
CCE1_122W_33N,33.43,-122.48,2/25/2010,0:17:00,346.3,2,4.7,388.6,2,4.61,1024.8,15,100.82,13.665,32.92,348,390.4,345.4,387.5,-42.1,346.7,388.9,-42.2
CCE1_122W_33N,33.43,-122.48,2/25/2010,3:17:00,345.1,2,4.39,388.6,2,4.3,1026.3,14.5,100.82,13.641,32.919,346.6,390.3,344.6,388,-43.4,345.8,389.4,-43.6
CCE1_122W_33N,33.43,-122.48,2/25/2010,6:17:00,344.6,2,4.46,388.9,2,4.38,1027.5,14.2,100.87,13.583,32.918,346.1,390.6,344.5,388.8,-44.3,345.8,390.2,-44.5
CCE1_122W_33N,33.43,-122.48,2/25/2010,9:17:00,344.3,2,4.45,389.1,2,4.37,1027.6,14.2,100.87,13.565,32.914,345.9,390.8,344.3,389,-44.7,345.6,390.5,-44.9
CCE1_122W_33N,33.43,-122.48,2/25/2010,12:17:00,343.6,2,4.43,389.2,2,4.35,1027.7,14.1,100.82,13.726,32.916,345.1,390.9,343.5,389.1,-45.6,344.8,390.5,-45.8
CCE1_122W_33N,33.43,-122.48,2/25/2010,15:17:00,343.8,2,4.47,388.9,2,4.38,1028,14.2,100.73,13.734,32.919,345.4,390.7,343.9,388.9,-45.1,345.2,390.4,-45.3
CCE1_122W_33N,33.43,-122.48,2/25/2010,18:17:00,343.8,2,4.63,389,2,4.39,1029,14.3,100.72,13.761,32.919,345.4,390.7,344.2,389.3,-45.1,345.5,390.8,-45.3
CCE1_122W_33N,33.43,-122.48,2/25/2010,21:17:00,343.1,2,4.56,388.8,2,4.47,1027.3,14.6,100.77,13.978,32.932,344.7,390.6,342.9,388.5,-45.7,344.2,390,-45.8
CCE1_122W_33N,33.43,-122.48,2/26/2010,0:17:00,343.4,2,4.61,388.9,2,4.53,1026.6,14.7,100.78,14.075,32.933,344.9,390.6,342.9,388.3,-45.4,344.1,389.7,-45.6
CCE1_122W_33N,33.43,-122.48,2/26/2010,3:17:00,342.1,2,4.59,388.9,2,4.34,1026.2,14.7,100.77,13.994,32.928,343.6,390.6,341.4,388.1,-46.7,342.7,389.5,-46.9
CCE1_122W_33N,33.43,-122.48,2/26/2010,6:17:00,341.5,2,4.55,388.8,2,4.46,1025.7,14.5,100.82,13.924,32.925,343.1,390.5,340.8,387.9,-47.1,342,389.3,-47.3
CCE1_122W_33N,33.43,-122.48,2/26/2010,9:17:00,341.4,2,4.57,389,2,4.49,1024.7,14.6,100.83,13.916,32.922,342.9,390.8,340.2,387.7,-47.5,341.5,389.2,-47.7
CCE1_122W_33N,33.43,-122.48,2/26/2010,12:17:00,343.9,2,4.58,388.7,2,4.5,1021.5,14.5,100.78,13.947,32.919,345.5,390.4,341.7,386.1,-44.4,343,387.6,-44.6
CCE1_122W_33N,33.43,-122.48,2/26/2010,15:17:00,345.3,2,4.79,388.6,2,4.71,1021.9,14.7,100.73,13.909,32.893,347,390.4,343.4,386.3,-43,344.6,387.7,-43.1
CCE1_122W_33N,33.43,-122.48,2/26/2010,18:17:00,345.8,2,4.85,388,2,4.77,1021.6,14.9,100.73,13.886,32.879,347.5,389.8,343.8,385.6,-41.9,345,387,-42
CCE1_122W_33N,33.43,-122.48,2/26/2010,21:17:00,346.5,2,5.07,388.1,2,4.99,1019,15,100.78,13.853,32.868,348.3,390,343.6,384.8,-41.2,344.9,386.2,-41.3
CCE1_122W_33N,33.43,-122.48,2/27/2010,0:17:00,346.7,2,4.93,387.8,2,4.84,1016.6,15.1,100.88,13.871,32.876,348.4,389.7,343,383.6,-40.6,344.2,385,-40.8
CCE1_122W_33N,33.43,-122.48,2/27/2010,3:17:00,347.5,2,4.72,389.6,2,4.63,1015.9,14.9,100.98,13.813,32.86,349.1,391.4,343.4,385,-41.6,344.7,386.4,-41.8
CCE1_122W_33N,33.43,-122.48,2/27/2010,6:17:00,348.8,2,4.68,389.3,2,4.59,1014.3,14.8,100.98,13.806,32.855,350.4,391.1,344.2,384.1,-40,345.4,385.5,-40.1
CCE1_122W_33N,33.43,-122.48,2/27/2010,9:17:00,349.2,2,4.87,389.3,2,4.62,1013,14.9,100.98,13.788,32.861,350.9,391.1,344.2,383.6,-39.4,345.5,385,-39.6
CCE1_122W_33N,33.43,-122.48,2/27/2010,12:17:00,350,2,4.81,389,2,4.72,1010.8,14.6,101.03,13.762,32.859,351.6,390.8,344.2,382.5,-38.3,345.4,383.9,-38.5
CCE1_122W_33N,33.43,-122.48,2/27/2010,15:17:00,349.9,2,4.9,389.1,2,4.65,1010.3,14.3,100.99,13.739,32.861,351.6,390.9,344,382.5,-38.5,345.2,383.8,-38.6
CCE1_122W_33N,33.43,-122.48,2/27/2010,18:17:00,349.2,2,4.58,389,2,4.67,1011.8,14.4,100.98,13.749,32.855,350.8,390.8,343.7,382.9,-39.2,345,384.3,-39.3
CCE1_122W_33N,33.43,-122.48,2/27/2010,21:17:00,348.1,2,4.7,389.7,2,4.62,1012.2,14.2,100.98,13.72,32.865,349.8,391.5,342.8,383.7,-40.9,344.1,385.1,-41
CCE1_122W_33N,33.43,-122.48,2/28/2010,0:17:00,360,4,4.72,389.7,2,4.64,1012.5,14.3,100.74,13.595,32.919,361.7,391.5,354.7,383.9,-29.2,356,385.3,-29.3
CCE1_122W_33N,33.43,-122.48,2/28/2010,3:17:00,350.9,2,4.5,389.9,2,4.41,1014.5,14.1,100.64,13.466,32.935,352.5,391.6,346.3,384.8,-38.4,347.7,386.2,-38.6
CCE1_122W_33N,33.43,-122.48,2/28/2010,6:17:00,348.6,2,4.73,389.6,2,4.49,1016.1,13.9,100.64,13.605,32.914,350.3,391.4,344.7,385.1,-40.4,346,386.6,-40.6
CCE1_122W_33N,33.43,-122.48,2/28/2010,9:17:00,347.8,2,4.74,390.5,2,4.67,1017.1,13.9,100.59,13.683,32.912,349.4,392.3,344.2,386.4,-42.2,345.4,387.8,-42.4
CCE1_122W_33N,33.43,-122.48,2/28/2010,12:17:00,347.8,2,4.63,391.2,2,4.55,1017.5,14.1,100.64,13.645,32.894,349.4,392.9,344.3,387.2,-42.9,345.6,388.6,-43
CCE1_122W_33N,33.43,-122.48,2/28/2010,15:17:00,347.1,2,4.63,390.1,2,4.55,1019.5,14.1,100.54,13.666,32.916,348.7,391.9,344.3,386.9,-42.7,345.6,388.4,-42.8
CCE1_122W_33N,33.43,-122.48,2/28/2010,18:17:00,346,2,4.78,389.7,2,4.7,1021.2,14.1,100.59,13.654,32.921,347.7,391.6,343.9,387.3,-43.4,345.2,388.7,-43.6
CCE1_122W_33N,33.43,-122.48,2/28/2010,21:17:00,345.1,2,4.67,389.5,2,4.59,1021.2,14.3,100.63,13.713,32.924,346.7,391.3,342.9,387,-44.2,344.2,388.4,-44.3
CCE1_122W_33N,33.43,-122.48,3/1/2010,0:17:00,344.1,2,4.68,389.7,2,4.6,1021.3,14.3,100.73,13.642,32.927,345.7,391.5,342,387.2,-45.2,343.2,388.7,-45.5
CCE1_122W_33N,33.43,-122.48,3/1/2010,3:17:00,343.8,2,4.6,389.5,2,4.52,1022.2,14.1,100.78,13.588,32.928,345.4,391.3,341.9,387.4,-45.4,343.2,388.9,-45.6
CCE1_122W_33N,33.43,-122.48,3/1/2010,6:17:00,343.9,2,4.54,389.5,2,4.47,1023.3,13.9,100.78,13.633,32.932,345.5,391.3,342.4,387.8,-45.4,343.7,389.3,-45.6
CCE1_122W_33N,33.43,-122.48,3/1/2010,9:17:00,344.5,2,4.55,389.6,2,4.47,1023,13.9,100.73,13.64,32.932,346.1,391.4,342.9,387.8,-44.9,344.2,389.2,-45.1
CCE1_122W_33N,33.43,-122.48,3/1/2010,12:17:00,345.1,2,4.55,389.5,2,4.47,1022.3,13.9,100.63,13.564,32.921,346.6,391.3,343.2,387.4,-44.2,344.5,388.9,-44.4
CCE1_122W_33N,33.43,-122.48,3/1/2010,15:17:00,344.4,2,4.53,389.5,2,4.45,1023.3,13.8,100.63,13.54,32.918,345.9,391.2,342.9,387.7,-44.8,344.1,389.2,-45.1
CCE1_122W_33N,33.43,-122.48,3/1/2010,18:17:00,344.9,2,4.67,389.9,2,4.44,1024.6,13.8,100.58,13.509,32.922,346.5,391.6,344,388.7,-44.8,345.2,390.1,-44.9
CCE1_122W_33N,33.43,-122.48,3/1/2010,21:17:00,348.4,2,4.69,389.6,2,4.61,1022.9,14.4,100.63,13.846,32.934,350.1,391.4,346.8,387.7,-40.9,348.1,389.1,-41.1
CCE1_122W_33N,33.43,-122.48,3/2/2010,0:17:00,345.9,2,4.77,389.6,2,4.52,1021.1,14.6,100.73,13.737,32.924,347.5,391.4,343.6,387,-43.4,344.9,388.5,-43.6
CCE1_122W_33N,33.43,-122.48,3/2/2010,3:17:00,343.9,2,4.72,389.9,2,4.64,1021.1,14.5,100.87,13.646,32.92,345.6,391.7,341.7,387.4,-45.6,343,388.8,-45.8
CCE1_122W_33N,33.43,-122.48,3/2/2010,6:17:00,343.4,2,4.73,389.9,2,4.64,1020.9,14.5,100.83,13.71,32.914,345,391.8,341.1,387.3,-46.2,342.4,388.8,-46.4
CCE1_122W_33N,33.43,-122.48,3/2/2010,9:17:00,344.5,2,4.74,389.4,2,4.66,1020.2,14.5,100.73,13.676,32.884,346.1,391.2,342,386.5,-44.6,343.2,388,-44.7
CCE1_122W_33N,33.43,-122.48,3/2/2010,12:17:00,346.3,2,4.77,389.3,2,4.69,1018.9,14.6,100.68,13.696,32.889,348,391.1,343.4,385.9,-42.6,344.7,387.3,-42.7
CCE1_122W_33N,33.43,-122.48,3/2/2010,15:17:00,346.9,2,4.81,389,2,4.73,1018.8,14.7,100.63,13.713,32.89,348.6,390.9,343.9,385.6,-41.7,345.2,387.1,-41.9
CCE1_122W_33N,33.43,-122.48,3/2/2010,18:17:00,345.2,2,4.75,389.5,2,4.67,1021,14.6,100.63,13.729,32.893,346.8,391.3,342.9,387,-44,344.2,388.3,-44.2
CCE1_122W_33N,33.43,-122.48,3/2/2010,21:17:00,345,2,4.85,389.7,2,4.78,1021.2,14.4,100.58,13.806,32.889,346.7,391.6,342.9,387.3,-44.4,344.1,388.7,-44.6
CCE1_122W_33N,33.43,-122.48,3/3/2010,0:17:00,345,2,4.9,389.8,2,4.82,1021.6,14.5,100.63,13.864,32.893,346.6,391.7,342.9,387.5,-44.5,344.1,388.9,-44.8
CCE1_122W_33N,33.43,-122.48,3/3/2010,3:17:00,344.3,2,4.73,390,2,4.65,1022.5,14.5,100.63,13.941,32.917,346,391.8,342.5,387.9,-45.4,343.8,389.3,-45.5
CCE1_122W_33N,33.43,-122.48,3/3/2010,6:17:00,346.8,2,4.81,390.1,2,4.56,1022.9,14.2,100.53,14.106,32.942,348.4,391.9,345.1,388.1,-43,346.3,389.5,-43.2
CCE1_122W_33N,33.43,-122.48,3/3/2010,9:17:00,349.9,2,4.9,389.9,2,4.66,1022.3,14.5,100.39,14.513,32.979,351.6,391.7,347.9,387.5,-39.6,349.1,388.9,-39.8
CCE1_122W_33N,33.43,-122.48,3/3/2010,12:17:00,349.3,2,4.82,389.9,2,4.74,1021.4,14.8,100.24,14.367,32.975,351,391.7,347,387.3,-40.3,348.3,388.6,-40.4
CCE1_122W_33N,33.43,-122.48,3/3/2010,15:17:00,346,2,4.9,389.8,2,4.82,1021.5,14.5,100.39,13.815,32.939,347.7,391.6,344,387.4,-43.4,345.2,388.8,-43.6
CCE1_122W_33N,33.43,-122.48,3/3/2010,18:17:00,350,2,5.03,389.6,2,4.95,1021.7,14.9,100.24,14.43,32.982,351.8,391.5,347.8,387.1,-39.3,349.1,388.5,-39.4
CCE1_122W_33N,33.43,-122.48,3/3/2010,21:17:00,348.9,2,4.76,390.3,2,4.84,1021.2,15.2,100.34,14.196,32.96,350.5,392.2,346.5,387.7,-41.2,347.8,389.1,-41.4
CCE1_122W_33N,33.43,-122.48,3/4/2010,0:17:00,345.7,2,4.8,390,2,4.72,1021,14.7,100.44,13.964,32.895,347.4,391.8,343.4,387.4,-44,344.7,388.7,-44.1
CCE1_122W_33N,33.43,-122.48,3/4/2010,3:17:00,345,2,4.72,390.1,2,4.63,1021.2,14.4,100.53,13.958,32.899,346.6,391.9,342.7,387.5,-44.7,344,388.9,-45
CCE1_122W_33N,33.43,-122.48,3/4/2010,6:17:00,345.5,2,4.64,390.1,2,4.56,1022,14.2,100.58,13.925,32.913,347.1,391.8,343.5,387.8,-44.3,344.8,389.1,-44.4
CCE1_122W_33N,33.43,-122.48,3/4/2010,9:17:00,345.5,2,4.52,390.1,2,4.44,1022.3,13.8,100.58,13.832,32.938,347.1,391.8,343.6,387.9,-44.3,344.9,389.3,-44.4
CCE1_122W_33N,33.43,-122.48,3/4/2010,12:17:00,346.4,2,4.48,390,2,4.41,1022.1,13.6,100.58,13.753,32.949,347.9,391.7,344.4,387.7,-43.3,345.6,389.2,-43.5
CCE1_122W_33N,33.43,-122.48,3/4/2010,15:17:00,345.4,2,4.49,390,2,4.41,1023.4,13.7,100.53,13.755,32.938,346.9,391.7,343.8,388.2,-44.4,345.1,389.7,-44.6
CCE1_122W_33N,33.43,-122.48,3/4/2010,18:17:00,344.9,2,4.5,389.4,2,4.27,1024.6,13.7,100.58,13.763,32.942,346.4,391.1,343.7,388.1,-44.3,345,389.5,-44.5
CCE1_122W_33N,33.43,-122.48,3/4/2010,21:17:00,346.2,2,4.69,388.8,2,4.62,1024.5,13.9,100.68,13.686,32.96,347.9,390.6,345.2,387.6,-42.4,346.5,389,-42.5
CCE1_122W_33N,33.43,-122.48,3/5/2010,0:17:00,345.7,2,4.89,389.5,2,4.66,1023.8,14,100.78,13.675,32.937,347.4,391.3,344.4,388,-43.6,345.8,389.4,-43.7
CCE1_122W_33N,33.43,-122.48,3/5/2010,3:17:00,344.8,2,4.57,389.9,2,4.33,1024,14,100.82,13.614,32.948,346.4,391.6,343.5,388.4,-44.8,344.8,389.8,-45
CCE1_122W_33N,33.43,-122.48,3/5/2010,6:17:00,344.2,2,4.47,390,2,4.39,1024.5,13.6,100.82,13.667,32.954,345.7,391.7,343,388.7,-45.6,344.3,390.1,-45.8
CCE1_122W_33N,33.43,-122.48,3/5/2010,9:17:00,344.4,2,4.54,390.1,2,4.31,1024.1,13.3,100.78,13.651,32.954,346,391.7,343.2,388.6,-45.4,344.5,390,-45.5
CCE1_122W_33N,33.43,-122.48,3/5/2010,12:17:00,344.7,2,4.39,390,2,4.16,1023,13.3,100.78,13.618,32.952,346.2,391.6,343,388,-45,344.3,389.5,-45.2
CCE1_122W_33N,33.43,-122.48,3/5/2010,15:17:00,344.3,2,4.4,390,2,4.17,1022.5,13.3,100.68,13.607,32.953,345.8,391.6,342.4,387.8,-45.4,343.7,389.3,-45.5
CCE1_122W_33N,33.43,-122.48,3/5/2010,18:17:00,343.7,2,4.55,389.9,2,4.32,1022.1,13.3,100.68,13.623,32.953,345.3,391.6,341.8,387.6,-45.8,343.1,389.1,-46
CCE1_122W_33N,33.43,-122.48,3/5/2010,21:17:00,346.2,2,4.68,389.6,2,4.45,1019.9,13.7,100.73,13.801,32.95,347.8,391.4,343.5,386.5,-43,344.8,388,-43.2
CCE1_122W_33N,33.43,-122.48,3/6/2010,0:17:00,345.1,2,4.62,389.7,2,4.38,1017.8,14.1,100.83,13.862,32.947,346.7,391.4,341.6,385.7,-44.1,342.9,387.2,-44.2
CCE1_122W_33N,33.43,-122.48,3/6/2010,3:17:00,344.7,2,4.6,389.9,2,4.35,1016.6,13.9,100.88,13.93,32.939,346.3,391.6,340.8,385.4,-44.6,342.1,386.9,-44.8
CCE1_122W_33N,33.43,-122.48,3/6/2010,6:17:00,347.5,2,4.78,389.8,2,4.55,1015.7,14,100.73,13.927,32.898,349.2,391.6,343.4,385.1,-41.7,344.7,386.5,-41.8
CCE1_122W_33N,33.43,-122.48,3/6/2010,9:17:00,348,2,4.79,389.7,2,4.56,1013.5,14,100.69,13.879,32.888,349.7,391.5,343.1,384.1,-41,344.4,385.6,-41.2
CCE1_122W_33N,33.43,-122.48,3/6/2010,12:17:00,349.8,2,4.41,390,2,4.33,1011.6,13.8,100.64,13.82,32.875,351.4,391.7,344.2,383.7,-39.5,345.5,385.1,-39.6
CCE1_122W_33N,33.43,-122.48,3/6/2010,15:17:00,348.6,2,4.18,390.3,2,4.09,1011.1,13.5,100.59,13.781,32.878,350.1,391.9,342.7,383.7,-41,344,385.1,-41.1
CCE1_122W_33N,33.43,-122.48,3/6/2010,18:17:00,345.6,2,4.29,390.4,2,4.21,1011.8,13.3,100.64,13.749,32.915,347.1,392.1,340.1,384.1,-44.1,341.3,385.6,-44.3
CCE1_122W_33N,33.43,-122.48,3/6/2010,21:17:00,346.5,2,4.29,390.2,2,4.21,1010.4,13.3,100.69,13.769,32.898,348,391.8,340.4,383.4,-42.9,341.7,384.7,-43
CCE1_122W_33N,33.43,-122.48,3/7/2010,0:17:00,347,2,4.48,389.9,2,4.41,1010.3,13.4,100.79,13.785,32.897,348.5,391.7,341,383.1,-42.2,342.2,384.6,-42.4
CCE1_122W_33N,33.43,-122.48,3/7/2010,3:17:00,344.3,2,4.57,389.5,2,4.35,1012.3,13.2,100.79,13.669,32.895,345.8,391.2,339,383.5,-44.5,340.2,384.9,-44.7
CCE1_122W_33N,33.43,-122.48,3/7/2010,6:17:00,343.8,2,4.62,389.5,2,4.39,1014.6,13.4,100.83,13.502,32.895,345.4,391.2,339.4,384.5,-45.1,340.7,385.9,-45.2
CCE1_122W_33N,33.43,-122.48,3/7/2010,9:17:00,344.9,2,4.65,390.2,2,4.42,1015.3,13.6,100.88,13.432,32.899,346.5,391.9,340.8,385.4,-44.7,342,386.8,-44.8
CCE1_122W_33N,33.43,-122.48,3/7/2010,12:17:00,344.9,2,4.65,389.4,2,4.42,1015.5,13.6,100.93,13.426,32.904,346.5,391.1,340.8,384.7,-43.9,342.1,386.1,-44
CCE1_122W_33N,33.43,-122.48,3/7/2010,15:17:00,344.3,2,4.76,387.7,2,4.53,1017.5,14,100.88,13.611,32.934,345.9,389.4,340.9,383.8,-42.8,342.1,385.2,-43
CCE1_122W_33N,33.43,-122.48,3/7/2010,18:17:00,342.4,2,4.84,387.8,2,4.77,1019.6,14.3,100.83,13.627,32.926,344,389.7,339.7,384.8,-45.1,341,386.3,-45.3
CCE1_122W_33N,33.43,-122.48,3/7/2010,21:17:00,342.2,2,4.67,389.4,2,4.58,1019.6,14.2,100.83,13.687,32.942,343.8,391.2,339.5,386.2,-46.8,340.7,387.7,-47
CCE1_122W_33N,33.43,-122.48,3/8/2010,0:17:00,341.9,2,4.66,388.9,2,4.57,1019.5,14.2,100.88,13.67,32.934,343.5,390.6,339.1,385.7,-46.6,340.4,387.1,-46.7
CCE1_122W_33N,33.43,-122.48,3/8/2010,3:17:00,341.8,2,4.6,388.3,2,4.52,1021.3,14,100.83,13.678,32.943,343.4,390.1,339.7,385.8,-46.1,340.9,387.3,-46.4
CCE1_122W_33N,33.43,-122.48,3/8/2010,6:17:00,342.3,2,4.71,389.2,2,4.47,1023,13.9,100.78,13.662,32.93,343.9,391,340.7,387.4,-46.7,342,388.8,-46.8
CCE1_122W_33N,33.43,-122.48,3/8/2010,9:17:00,342.3,2,4.67,389.5,2,4.59,1024,13.8,100.73,13.679,32.935,343.9,391.3,341,388.1,-47,342.3,389.5,-47.2
CCE1_122W_33N,33.43,-122.48,3/8/2010,12:17:00,343.4,2,4.68,389.7,2,4.6,1023.9,13.8,100.58,13.728,32.956,345,391.5,342.1,388.2,-46.1,343.4,389.7,-46.3
CCE1_122W_33N,33.43,-122.48,3/8/2010,15:17:00,343.6,2,4.55,389.7,2,4.48,1025.8,13.9,100.44,13.751,32.956,345.2,391.5,342.9,388.9,-46,344.2,390.4,-46.2
CCE1_122W_33N,33.43,-122.48,3/8/2010,18:17:00,341.4,2,4.45,390.4,2,4.37,1028,14.2,100.39,13.677,32.94,343,392.1,341.5,390.4,-49,342.8,391.9,-49.1
CCE1_122W_33N,33.43,-122.48,3/8/2010,21:17:00,341.6,2,4.7,391.6,2,4.46,1027.3,13.9,100.39,13.724,32.937,343.2,393.3,341.5,391.3,-49.9,342.7,392.8,-50
CCE1_122W_33N,33.43,-122.48,3/9/2010,0:17:00,341.1,2,4.52,391.3,2,4.44,1027.2,13.8,100.39,13.703,32.937,342.7,393,340.9,391,-50.1,342.2,392.4,-50.2
CCE1_122W_33N,33.43,-122.48,3/9/2010,3:17:00,340.7,2,4.31,390.7,2,4.23,1028,13.6,100.43,13.68,32.943,342.1,392.3,340.6,390.6,-50,341.9,392.1,-50.2
CCE1_122W_33N,33.43,-122.48,3/9/2010,6:17:00,340.6,2,4.38,390.7,2,4.3,1028.6,13.3,100.29,13.661,32.951,342.1,392.4,340.8,390.9,-50.1,342.1,392.4,-50.3
CCE1_122W_33N,33.43,-122.48,3/9/2010,9:17:00,341.6,2,4.37,390.6,2,4.29,1028.2,13.3,100.34,13.684,32.962,343.1,392.3,341.7,390.7,-49,343,392.1,-49.2
CCE1_122W_33N,33.43,-122.48,3/9/2010,12:17:00,341.7,2,4.37,390.8,2,4.29,1027.6,13.3,100.19,13.656,32.966,343.2,392.5,341.5,390.6,-49.1,342.9,392.1,-49.3
CCE1_122W_33N,33.43,-122.48,3/9/2010,15:17:00,342.1,2,4.35,390.9,2,4.27,1028.6,13.2,100.14,13.6,32.962,343.6,392.6,342.4,391.2,-48.8,343.6,392.6,-49
CCE1_122W_33N,33.43,-122.48,3/9/2010,18:17:00,341.8,2,4.23,391,2,4.15,1030,13.4,100.05,13.571,32.962,343.3,392.7,342.5,391.8,-49.3,343.8,393.3,-49.5
CCE1_122W_33N,33.43,-122.48,3/9/2010,21:17:00,341.4,2,4.42,391,2,4.34,1029.3,13.5,100.1,13.598,32.967,342.9,392.7,341.9,391.5,-49.7,343.2,393,-49.8
CCE1_122W_33N,33.43,-122.48,3/10/2010,0:17:00,340.6,2,4.43,390.8,2,4.35,1028.2,13.5,100.14,13.59,32.949,342.1,392.5,340.7,390.9,-50.2,342,392.4,-50.4
CCE1_122W_33N,33.43,-122.48,3/10/2010,3:17:00,342.2,2,4.4,391.3,2,4.32,1027.9,13.4,100.1,13.798,32.948,343.7,393,342.1,391.2,-49.1,343.4,392.7,-49.3
CCE1_122W_33N,33.43,-122.48,3/10/2010,6:17:00,343,2,4.59,390.9,2,4.52,1028.4,13.6,100.05,13.938,32.982,344.6,392.7,343.1,391,-47.9,344.4,392.5,-48.1
CCE1_122W_33N,33.43,-122.48,3/10/2010,9:17:00,342.1,2,4.46,391,2,4.38,1027.5,13.6,100.05,13.767,32.972,343.7,392.7,342,390.8,-48.8,343.3,392.2,-48.9
CCE1_122W_33N,33.43,-122.48,3/10/2010,12:17:00,345.7,2,4.63,390.8,2,4.56,1026.4,13.7,100,13.674,32.887,347.3,392.6,345.3,390.3,-45,346.5,391.7,-45.2
CCE1_122W_33N,33.43,-122.48,3/10/2010,15:17:00,348.4,2,4.62,390.3,2,4.54,1026.3,14.2,99.85,14.122,32.963,350.1,392.1,347.8,389.6,-41.8,349.1,391,-41.9
CCE1_122W_33N,33.43,-122.48,3/10/2010,18:17:00,347.3,2,4.75,390.3,2,4.83,1026.8,14.6,99.86,14.228,32.998,349,392.2,346.9,389.8,-42.9,348.2,391.3,-43.1
CCE1_122W_33N,33.43,-122.48,3/10/2010,21:17:00,343.9,2,4.68,390.5,2,4.6,1026,14.4,99.86,13.789,32.937,345.5,392.3,343.3,389.8,-46.5,344.6,391.2,-46.7
CCE1_122W_33N,33.43,-122.48,3/11/2010,0:17:00,344.4,2,4.71,390.6,2,4.63,1024.8,13.9,99.95,13.96,32.973,346.1,392.4,343.4,389.4,-46,344.7,390.8,-46.1
CCE1_122W_33N,33.43,-122.48,3/11/2010,3:17:00,343.1,2,4.62,391,2,4.39,1025.5,13.6,100,13.845,32.976,344.7,392.7,342.3,390,-47.7,343.6,391.4,-47.8
CCE1_122W_33N,33.43,-122.48,3/11/2010,6:17:00,341.6,2,4.56,391.2,2,4.48,1026.9,13.4,100,13.629,32.993,343.2,392.9,341.3,390.8,-49.5,342.6,392.3,-49.6
CCE1_122W_33N,33.43,-122.48,3/11/2010,9:17:00,341.9,2,4.42,391.2,2,4.34,1027.4,13.5,100,13.626,33.004,343.4,392.9,341.8,391,-49.2,343,392.5,-49.4
CCE1_122W_33N,33.43,-122.48,3/11/2010,12:17:00,342.6,2,4.56,391.1,2,4.33,1026.7,13.4,99.95,13.592,32.998,344.2,392.8,342.3,390.6,-48.3,343.6,392.1,-48.5
CCE1_122W_33N,33.43,-122.48,3/11/2010,15:17:00,344.9,2,4.67,391.1,2,4.44,1027.7,13.3,99.9,13.546,32.881,346.5,392.8,344.9,391.1,-46.1,346.2,392.5,-46.3
CCE1_122W_33N,33.43,-122.48,3/11/2010,18:17:00,345.2,2,4.61,390.8,2,4.38,1028.8,13.6,99.9,13.691,32.871,346.8,392.5,345.5,391.1,-45.6,346.9,392.6,-45.7
CCE1_122W_33N,33.43,-122.48,3/11/2010,21:17:00,348.2,2,4.78,391,2,4.55,1027.6,14.2,99.86,14.481,33.032,349.9,392.8,347.9,390.6,-42.7,349.3,392.1,-42.8
CCE1_122W_33N,33.43,-122.48,3/12/2010,0:17:00,349.7,2,5.01,391,2,4.77,1026.5,14.4,99.85,14.62,33.056,351.5,392.8,349.1,390.2,-41.1,350.4,391.6,-41.2
CCE1_122W_33N,33.43,-122.48,3/12/2010,3:17:00,349.3,2,4.86,391.2,2,4.62,1026.3,14.5,99.85,14.57,33.062,351,393,348.6,390.3,-41.7,349.9,391.7,-41.9
CCE1_122W_33N,33.43,-122.48,3/12/2010,6:17:00,347.5,2,4.82,390.8,2,4.75,1027.2,14.4,99.85,14.202,32.976,349.2,392.6,347.2,390.4,-43.2,348.5,391.8,-43.3
CCE1_122W_33N,33.43,-122.48,3/12/2010,9:17:00,345.9,2,4.79,390.6,2,4.71,1027,14.2,99.81,13.934,32.927,347.6,392.5,345.6,390.3,-44.6,347,391.8,-44.8
CCE1_122W_33N,33.43,-122.48,3/12/2010,12:17:00,349.5,2,4.83,390.2,2,4.75,1025.3,14.3,99.81,14.484,33.05,351.2,392.1,348.5,389,-40.5,349.8,390.5,-40.7
CCE1_122W_33N,33.43,-122.48,3/12/2010,15:17:00,348,2,5.07,390.1,2,4.99,1025.7,14.6,99.81,14.521,33.057,349.8,392.1,347.2,389.2,-42,348.5,390.6,-42.1
CCE1_122W_33N,33.43,-122.48,3/12/2010,18:17:00,348.5,2,5.37,389.8,2,5.3,1026.6,15.1,99.81,14.564,33.043,350.3,391.9,348,389.3,-41.3,349.3,390.8,-41.5
CCE1_122W_33N,33.43,-122.48,3/12/2010,21:17:00,356.1,2,5.51,389.8,2,5.44,1024.4,15.4,99.85,14.602,32.993,358.1,392,355,388.5,-33.6,356.3,390,-33.7
CCE1_122W_33N,33.43,-122.48,3/13/2010,0:17:00,352.7,2,5.38,389.8,2,5.3,1023.6,15.6,100,14.164,32.876,354.6,391.9,351.4,388.3,-36.9,352.7,389.8,-37.1
CCE1_122W_33N,33.43,-122.48,3/13/2010,3:17:00,351,2,5.28,389.9,2,5.03,1023.6,15.2,100.05,14.088,32.913,352.8,391.8,349.6,388.3,-38.7,350.9,389.7,-38.8
CCE1_122W_33N,33.43,-122.48,3/13/2010,6:17:00,344.3,2,5.03,390.1,2,4.95,1024.5,15,100.1,13.753,32.948,346.1,392.1,343.3,389,-45.6,344.7,390.5,-45.8
CCE1_122W_33N,33.43,-122.48,3/13/2010,9:17:00,344.5,2,4.86,390,2,4.78,1025.2,14.4,100.15,13.756,32.924,346.2,391.9,343.7,389.1,-45.3,345,390.6,-45.5
CCE1_122W_33N,33.43,-122.48,3/13/2010,12:17:00,344.6,2,4.88,390.2,2,4.65,1025.3,14,100.1,13.746,32.933,346.3,392,343.9,389.3,-45.4,345.1,390.7,-45.5
CCE1_122W_33N,33.43,-122.48,3/13/2010,15:17:00,342.7,2,4.76,390.5,2,4.53,1026.5,13.6,100.15,13.677,32.966,344.3,392.3,342.3,390,-47.7,343.6,391.5,-47.9
CCE1_122W_33N,33.43,-122.48,3/13/2010,18:17:00,340,2,4.72,390.7,2,4.5,1027.6,13.5,100.14,13.637,33.011,341.6,392.5,340,390.6,-50.6,341.3,392.1,-50.9
CCE1_122W_33N,33.43,-122.48,3/13/2010,21:17:00,340.1,2,4.76,391.4,2,4.53,1026.2,13.6,100.24,13.633,33.014,341.8,393.1,339.7,390.8,-51.1,341,392.2,-51.2
CCE1_122W_33N,33.43,-122.48,3/14/2010,0:17:00,339.1,2,4.64,390.9,2,4.41,1025,13.7,100.34,13.678,33.014,340.7,392.6,338.2,389.8,-51.6,339.5,391.2,-51.7
CCE1_122W_33N,33.43,-122.48,3/14/2010,3:17:00,339.7,2,4.47,390.4,2,4.4,1025,13.6,100.34,13.649,33.017,341.2,392.1,338.8,389.3,-50.5,340,390.7,-50.7
CCE1_122W_33N,33.43,-122.48,3/14/2010,6:17:00,340.6,2,4.44,391,2,4.36,1025.6,13.5,100.39,13.603,33.008,342.1,392.7,339.8,390.1,-50.3,341.1,391.6,-50.5
CCE1_122W_33N,33.43,-122.48,3/14/2010,9:17:00,343.5,2,4.59,391.2,2,4.51,1025.5,13.5,100.29,13.596,32.938,345.1,393,342.8,390.4,-47.5,344.1,391.8,-47.8
CCE1_122W_33N,33.43,-122.48,3/14/2010,12:17:00,346.9,2,4.67,390.9,2,4.6,1024.4,13.8,100.15,13.902,32.942,348.6,392.7,345.8,389.5,-43.7,347.1,391,-43.9
CCE1_122W_33N,33.43,-122.48,3/14/2010,15:17:00,348.5,2,4.82,390.6,2,4.75,1025.8,13.8,100.05,13.932,32.927,350.2,392.4,347.8,389.8,-42,349.1,391.2,-42.1
CCE1_122W_33N,33.43,-122.48,3/14/2010,18:17:00,348,2,4.76,389.7,2,4.69,1026.9,14.1,100,13.935,32.921,349.7,391.5,347.7,389.3,-41.6,349,390.7,-41.7
CCE1_122W_33N,33.43,-122.48,3/14/2010,21:17:00,347.5,2,4.98,389.8,2,4.74,1026.2,14.3,99.95,13.95,32.905,349.2,391.7,347,389.2,-42.2,348.3,390.7,-42.4
CCE1_122W_33N,33.43,-122.48,3/15/2010,0:17:00,346.8,2,5.01,389.9,2,4.78,1025.6,14.4,100.05,13.876,32.882,348.5,391.8,346.1,389.1,-42.9,347.4,390.6,-43.2
CCE1_122W_33N,33.43,-122.48,3/15/2010,3:17:00,347.4,2,4.88,390.3,2,4.64,1026.2,14.5,100,14.391,33.021,349.1,392.1,346.8,389.5,-42.7,348,390.9,-42.9
CCE1_122W_33N,33.43,-122.48,3/15/2010,6:17:00,348.1,2,5.01,390.6,2,4.77,1026.2,14.4,99.95,14.407,33.024,349.9,392.5,347.5,389.8,-42.3,348.8,391.3,-42.5
CCE1_122W_33N,33.43,-122.48,3/15/2010,9:17:00,350.1,2,5,390.2,2,4.93,1025.9,14.4,99.9,14.601,33.063,351.9,392.2,349.3,389.3,-40,350.6,390.8,-40.2
CCE1_122W_33N,33.43,-122.48,3/15/2010,12:17:00,350.1,2,4.91,390.3,2,4.84,1025.1,14.6,99.85,14.614,33.06,351.8,392.2,349,389.1,-40.1,350.2,390.5,-40.2
CCE1_122W_33N,33.43,-122.48,3/15/2010,15:17:00,350.2,2,5.23,390.2,2,4.99,1025.1,14.6,99.9,14.561,33.05,352,392.2,349.2,389,-39.8,350.5,390.5,-40
CCE1_122W_33N,33.43,-122.48,3/15/2010,18:17:00,350,2,5.18,389.9,2,5.1,1027,15,99.81,14.643,33.054,351.8,391.9,349.6,389.4,-39.8,350.9,390.9,-40
CCE1_122W_33N,33.43,-122.48,3/15/2010,21:17:00,352.7,2,5.42,390,2,5.17,1026.6,15.2,99.85,14.81,33.059,354.6,392,352.2,389.4,-37.1,353.5,390.8,-37.3
CCE1_122W_33N,33.43,-122.48,3/16/2010,0:17:00,355,2,5.51,390.2,2,5.26,1025.9,15.5,99.9,14.863,33.041,357,392.2,354.3,389.3,-34.9,355.6,390.7,-35.1
CCE1_122W_33N,33.43,-122.48,3/16/2010,3:17:00,353,2,5.37,391.1,2,5.29,1026.9,15.6,99.9,14.689,33.015,354.9,393.2,352.6,390.7,-38.1,353.9,392.1,-38.2
CCE1_122W_33N,33.43,-122.48,3/16/2010,6:17:00,350,2,5.26,391.4,2,5.18,1027.7,15.3,99.9,14.442,32.993,351.9,393.5,350,391.4,-41.4,351.3,392.8,-41.5
CCE1_122W_33N,33.43,-122.48,3/16/2010,9:17:00,348.7,2,5.2,393.2,2,5.12,1027.2,15,99.9,14.094,32.968,350.5,395.2,348.6,393,-44.5,349.9,394.5,-44.6
CCE1_122W_33N,33.43,-122.48,3/16/2010,12:17:00,343,2,5.12,394.8,2,5.04,1026.4,14.8,100,13.706,32.974,344.8,396.8,342.7,394.4,-51.7,344,395.9,-51.9
CCE1_122W_33N,33.43,-122.48,3/16/2010,15:17:00,346.7,2,5.19,398.8,2,4.96,1027.5,14.5,100,13.506,32.918,348.5,400.7,346.9,398.9,-52,348.2,400.3,-52.2
CCE1_122W_33N,33.43,-122.48,3/16/2010,18:17:00,347.1,2,5,398.8,2,4.92,1028.1,15,100,13.773,32.96,348.9,400.7,347.4,399,-51.6,348.7,400.5,-51.8
CCE1_122W_33N,33.43,-122.48,3/16/2010,21:17:00,350.1,2,5.33,393.1,2,5.25,1027.2,14.9,100.1,14.014,32.916,352,395.2,350.1,393,-42.9,351.4,394.5,-43.1
CCE1_122W_33N,33.43,-122.48,3/17/2010,0:17:00,350.6,2,5.52,392.6,2,5.28,1026.1,15,100.15,14.05,32.89,352.5,394.7,350.2,392.1,-41.9,351.5,393.6,-42.1
CCE1_122W_33N,33.43,-122.48,3/17/2010,3:17:00,345.3,2,5.17,394.7,2,4.92,1026.2,14.9,100.19,13.748,32.899,347.1,396.7,345,394.3,-49.3,346.3,395.7,-49.5
CCE1_122W_33N,33.43,-122.48,3/17/2010,6:17:00,348.4,2,5.06,393,2,4.82,1027,14.6,100.1,13.906,32.897,350.2,394.9,348.2,392.8,-44.5,349.6,394.2,-44.6
CCE1_122W_33N,33.43,-122.48,3/17/2010,9:17:00,351.8,2,5.09,389.8,2,4.85,1025.8,14.7,100.1,14.194,32.92,353.6,391.7,351.1,388.9,-37.8,352.4,390.4,-38
CCE1_122W_33N,33.43,-122.48,3/17/2010,12:17:00,350.1,2,4.99,390,2,4.91,1024.2,14.9,100.05,14.189,32.928,351.9,391.9,348.9,388.5,-39.7,350.2,390,-39.8
CCE1_122W_33N,33.43,-122.48,3/17/2010,15:17:00,348.8,2,5.19,389.3,2,5.11,1024.5,15,100.05,14.245,32.961,350.6,391.3,347.7,388.1,-40.4,349,389.5,-40.5
CCE1_122W_33N,33.43,-122.48,3/17/2010,18:17:00,349.7,2,5.22,388.7,2,5.14,1024.6,15.1,100,14.241,32.96,351.5,390.7,348.7,387.5,-38.9,349.9,388.9,-39
CCE1_122W_33N,33.43,-122.48,3/17/2010,21:17:00,351.3,2,5.38,389.1,2,5.3,1023.3,15,100.1,14.243,32.938,353.2,391.2,349.8,387.5,-37.7,351.1,388.9,-37.8
CCE1_122W_33N,33.43,-122.48,3/18/2010,0:17:00,350.6,2,5.37,389.1,2,5.3,1021.9,15,100.15,14.166,32.926,352.5,391.2,348.7,387,-38.3,350,388.4,-38.4
CCE1_122W_33N,33.43,-122.48,3/18/2010,3:17:00,350.9,2,5,389.6,2,4.92,1021.4,14.9,100.19,14.065,32.911,352.6,391.5,348.7,387.1,-38.4,350,388.6,-38.6
CCE1_122W_33N,33.43,-122.48,3/18/2010,6:17:00,351.2,2,5.09,389.5,2,5.01,1021.5,14.6,100.24,14.061,32.914,353,391.5,349.1,387.1,-38,350.4,388.6,-38.2
CCE1_122W_33N,33.43,-122.48,3/18/2010,9:17:00,351.5,2,5.07,390,2,4.99,1021,14.5,100.2,14.023,32.91,353.3,391.9,349.2,387.4,-38.2,350.5,388.8,-38.3
CCE1_122W_33N,33.43,-122.48,3/18/2010,12:17:00,350.5,2,4.9,389.9,2,4.83,1020,14.5,100.2,14.171,32.951,352.2,391.8,347.8,386.9,-39.1,349,388.3,-39.2
CCE1_122W_33N,33.43,-122.48,3/18/2010,15:17:00,350.8,2,4.94,389.1,2,4.86,1020.5,14.6,100.15,14.349,32.992,352.5,391,348.2,386.1,-38,349.4,387.6,-38.2
CCE1_122W_33N,33.43,-122.48,3/18/2010,18:17:00,351.6,2,5.29,387.7,2,5.22,1020.7,14.7,100.1,14.347,32.984,353.4,389.8,349.1,385,-35.9,350.4,386.5,-36.1
CCE1_122W_33N,33.43,-122.48,3/18/2010,21:17:00,352.4,2,5.27,387.3,2,5.2,1019.9,14.6,100.1,14.565,33.026,354.2,389.3,349.6,384.2,-34.6,350.8,385.6,-34.8
CCE1_122W_33N,33.43,-122.48,3/19/2010,0:17:00,353.5,2,5.54,387.2,2,5.47,1019.4,14.9,100.1,14.787,33.064,355.5,389.3,350.6,383.9,-33.4,351.9,385.3,-33.5
CCE1_122W_33N,33.43,-122.48,3/19/2010,3:17:00,352.6,2,5.11,387.6,2,5.02,1019.2,15.2,100.15,14.748,33.059,354.4,389.6,349.4,384.1,-34.7,350.7,385.6,-34.8
CCE1_122W_33N,33.43,-122.48,3/19/2010,6:17:00,353,2,5.39,387.9,2,5.31,1019.9,15,100.1,14.741,33.062,354.9,390,350.2,384.8,-34.6,351.5,386.2,-34.8
CCE1_122W_33N,33.43,-122.48,3/19/2010,9:17:00,353.2,2,5.4,388.1,2,5.32,1019.2,15,100.15,14.687,33.055,355.1,390.2,350.1,384.7,-34.6,351.4,386.2,-34.7
CCE1_122W_33N,33.43,-122.48,3/19/2010,12:17:00,352.6,2,5.43,388.8,2,5.36,1018.7,15.1,100.05,14.618,33.047,354.5,390.9,349.4,385.3,-35.9,350.7,386.7,-36
CCE1_122W_33N,33.43,-122.48,3/19/2010,15:17:00,351.9,2,5.44,388.8,2,5.36,1020.8,15.2,100.05,14.606,33.044,353.8,390.9,349.5,386.1,-36.6,350.7,387.5,-36.8
CCE1_122W_33N,33.43,-122.48,3/19/2010,18:17:00,353.1,2,5.56,388.5,2,5.48,1022.5,15.6,100.05,14.687,33.043,355,390.6,351.2,386.4,-35.2,352.5,387.8,-35.3
CCE1_122W_33N,33.43,-122.48,3/19/2010,21:17:00,359.6,2,5.85,388.5,2,5.59,1022.1,15.9,100.05,15.175,33.052,361.7,390.7,357.5,386.2,-28.7,358.8,387.6,-28.8
CCE1_122W_33N,33.43,-122.48,3/20/2010,0:17:00,359.8,2,5.96,388.8,2,5.7,1021.7,16.2,100.05,15.275,33.081,362,391,357.6,386.3,-28.7,358.9,387.7,-28.8
CCE1_122W_33N,33.43,-122.48,3/20/2010,3:17:00,356.7,2,5.77,389,2,5.51,1022.4,16.2,100,15.117,33.074,358.8,391.1,354.8,386.8,-32,356.1,388.1,-32.1
CCE1_122W_33N,33.43,-122.48,3/20/2010,6:17:00,355.8,2,5.57,389.3,2,5.49,1024.4,15.6,99.95,15.006,33.07,357.7,391.5,354.5,387.9,-33.4,355.7,389.3,-33.6
CCE1_122W_33N,33.43,-122.48,3/20/2010,9:17:00,354.4,2,5.41,389,2,5.34,1023.3,15.1,99.9,14.955,33.067,356.3,391,352.7,387.1,-34.4,354,388.4,-34.5
CCE1_122W_33N,33.43,-122.48,3/20/2010,12:17:00,354.3,2,5.38,389.4,2,5.3,1023.7,15,99.85,14.889,33.058,356.2,391.4,352.8,387.6,-34.8,354,389,-35
CCE1_122W_33N,33.43,-122.48,3/20/2010,15:17:00,352.8,2,5.19,389,2,5.12,1025.7,15,99.81,14.843,33.058,354.7,391,351.9,388,-36,353.3,389.4,-36.2
CCE1_122W_33N,33.43,-122.48,3/20/2010,18:17:00,353.9,2,5.43,388.9,2,5.36,1027.3,15.3,99.81,14.958,33.059,355.8,391,353.6,388.6,-35,354.9,390,-35.1
CCE1_122W_33N,33.43,-122.48,3/20/2010,21:17:00,359.7,2,5.82,388.8,2,5.58,1027.4,15.4,99.81,15.326,33.093,361.8,391,359.4,388.4,-29,360.8,389.9,-29.1
CCE1_122W_33N,33.43,-122.48,3/21/2010,0:17:00,364,2,5.99,388.6,2,5.74,1026.5,15.8,99.95,15.505,33.089,366.2,390.8,363.4,387.9,-24.5,364.7,389.2,-24.5
CCE1_122W_33N,33.43,-122.48,3/21/2010,3:17:00,357.7,2,5.47,388.8,2,5.38,1026.5,15.9,99.9,15.246,33.073,359.7,390.9,357,388,-31,358.4,389.5,-31.1
CCE1_122W_33N,33.43,-122.48,3/21/2010,6:17:00,355,2,5.41,388.9,2,5.33,1027.2,15.2,99.9,15.124,33.072,356.9,391,354.6,388.4,-33.8,355.9,389.9,-34
CCE1_122W_33N,33.43,-122.48,3/21/2010,9:17:00,356,2,5.33,388.8,2,5.08,1026.6,14.9,99.9,14.804,33.002,357.9,390.8,355.5,388.2,-32.7,356.8,389.6,-32.8
CCE1_122W_33N,33.43,-122.48,3/21/2010,12:17:00,351.4,2,5.11,388.7,2,5.03,1026.1,14.7,99.9,14.549,32.997,353.2,390.7,350.7,387.9,-37.2,352,389.4,-37.4
CCE1_122W_33N,33.43,-122.48,3/21/2010,15:17:00,350.5,2,5.24,388.8,2,5,1027,14.7,99.9,14.598,33.015,352.3,390.8,350.1,388.3,-38.2,351.4,389.8,-38.4
CCE1_122W_33N,33.43,-122.48,3/21/2010,18:17:00,350.4,2,5.45,388.6,2,5.22,1027.7,14.8,99.85,14.608,33,352.3,390.6,350.4,388.5,-38.1,351.7,389.9,-38.2
CCE1_122W_33N,33.43,-122.48,3/21/2010,21:17:00,352.4,2,5.51,388.4,2,5.27,1026.6,15,99.9,14.723,32.994,354.4,390.5,352,387.9,-35.9,353.3,389.3,-36
CCE1_122W_33N,33.43,-122.48,3/22/2010,0:17:00,353.6,2,5.55,388.4,2,5.31,1025.1,15.1,99.95,14.722,32.974,355.6,390.5,352.6,387.3,-34.6,354,388.7,-34.7
CCE1_122W_33N,33.43,-122.48,3/22/2010,3:17:00,351.8,2,5.19,388.6,2,5.11,1025.1,15,100,14.501,32.956,353.6,390.6,350.8,387.5,-36.7,352.1,388.9,-36.8
CCE1_122W_33N,33.43,-122.48,3/22/2010,6:17:00,352,2,5.21,388.8,2,5.13,1025.6,14.5,100,14.432,32.951,353.9,390.8,351.2,387.9,-36.6,352.6,389.3,-36.8
CCE1_122W_33N,33.43,-122.48,3/22/2010,9:17:00,351.7,2,5.39,388.9,2,5.15,1024.7,14.6,100.05,14.375,32.952,353.6,390.9,350.7,387.7,-37,352,389.1,-37.1
CCE1_122W_33N,33.43,-122.48,3/22/2010,12:17:00,353.1,2,5.3,390.8,2,5.06,1023.2,14.8,100.1,14.426,32.957,355,392.7,351.5,388.9,-37.4,352.8,390.3,-37.5
CCE1_122W_33N,33.43,-122.48,3/22/2010,15:17:00,353.3,2,5.28,389.6,2,5.2,1023.9,14.7,100.1,14.731,33.041,355.2,391.7,351.9,388,-36.1,353.2,389.5,-36.3
CCE1_122W_33N,33.43,-122.48,3/22/2010,18:17:00,353.5,2,5.38,389.5,2,5.14,1024.4,15.1,99.95,14.859,33.076,355.4,391.5,352.2,387.9,-35.7,353.5,389.4,-35.9
CCE1_122W_33N,33.43,-122.48,3/22/2010,21:17:00,355.3,2,5.39,390.7,2,5.31,1021.6,15,100,14.91,33.08,357.2,392.8,353,388.2,-35.2,354.3,389.6,-35.3
CCE1_122W_33N,33.43,-122.48,3/23/2010,0:17:00,356,2,5.56,390.5,2,5.32,1021.3,15,100,14.931,33.084,358,392.6,353.7,387.9,-34.2,355,389.3,-34.3
CCE1_122W_33N,33.43,-122.48,3/23/2010,3:17:00,356,2,5.39,390.9,2,5.31,1021.2,15,100,14.925,33.087,357.9,393,353.6,388.2,-34.6,354.8,389.6,-34.8
CCE1_122W_33N,33.43,-122.48,3/23/2010,6:17:00,355.6,2,5.34,390.6,2,5.26,1021.5,14.9,99.95,14.911,33.088,357.5,392.7,353.3,388,-34.7,354.5,389.4,-34.9
CCE1_122W_33N,33.43,-122.48,3/23/2010,9:17:00,355.4,2,5.31,390.4,2,5.23,1021.2,14.8,99.95,14.9,33.094,357.3,392.4,352.9,387.7,-34.7,354.2,389,-34.8
CCE1_122W_33N,33.43,-122.48,3/23/2010,12:17:00,356.2,2,5.3,389.8,2,5.23,1019.6,14.7,99.9,14.884,33.094,358.1,391.9,353.1,386.5,-33.4,354.5,387.9,-33.5
CCE1_122W_33N,33.43,-122.48,3/23/2010,15:17:00,355.1,2,5.36,388.5,2,5.29,1021.2,14.9,99.9,14.849,33.087,357.1,390.6,352.7,385.9,-33.1,354.1,387.3,-33.2
CCE1_122W_33N,33.43,-122.48,3/23/2010,18:17:00,354.9,2,5.62,387.9,2,5.55,1023.3,15.3,99.9,14.884,33.085,356.9,390.1,353.3,386.1,-32.9,354.6,387.6,-33
CCE1_122W_33N,33.43,-122.48,3/23/2010,21:17:00,355.9,2,5.81,387.5,2,5.74,1022.3,15.3,99.9,14.941,33.086,357.9,389.8,354,385.4,-31.5,355.2,386.9,-31.7
CCE1_122W_33N,33.43,-122.48,3/24/2010,0:17:00,357,2,5.86,387.4,2,5.79,1022.1,15.4,99.9,15.006,33.084,359.1,389.7,355,385.3,-30.3,356.3,386.7,-30.4
CCE1_122W_33N,33.43,-122.48,3/24/2010,3:17:00,355.5,2,5.51,387.7,2,5.43,1023,15.4,99.95,14.928,33.082,357.5,389.9,353.8,385.8,-32,355.1,387.2,-32.2
CCE1_122W_33N,33.43,-122.48,3/24/2010,6:17:00,353.9,2,5.44,387.7,2,5.36,1024.7,15.2,99.85,14.905,33.085,355.9,389.8,352.7,386.4,-33.7,354.1,387.8,-33.7
CCE1_122W_33N,33.43,-122.48,3/24/2010,9:17:00,354.7,2,5.35,387.8,2,5.27,1023.6,14.9,99.85,14.919,33.092,356.6,389.9,353.1,386.1,-33,354.4,387.5,-33.1
CCE1_122W_33N,33.43,-122.48,3/24/2010,12:17:00,354.9,2,5.28,387.6,2,5.21,1022.9,14.7,99.85,14.924,33.098,356.8,389.6,353.1,385.5,-32.5,354.3,386.9,-32.6
CCE1_122W_33N,33.43,-122.48,3/24/2010,15:17:00,354.6,2,5.2,387.8,2,5.12,1023.9,14.5,99.81,14.935,33.099,356.5,389.8,353.1,386.1,-33,354.4,387.5,-33.1
CCE1_122W_33N,33.43,-122.48,3/24/2010,18:17:00,354.8,2,5.41,388,2,5.34,1024.9,14.7,99.85,15.001,33.106,356.7,390.1,353.6,386.7,-33.1,354.9,388.1,-33.2
CCE1_122W_33N,33.43,-122.48,3/24/2010,21:17:00,354.8,2,5.54,388.3,2,5.29,1024.4,15,99.85,14.99,33.095,356.8,390.4,353.5,386.8,-33.3,354.8,388.3,-33.4
CCE1_122W_33N,33.43,-122.48,3/25/2010,0:17:00,352.7,2,5.49,389.2,2,5.41,1023.9,14.9,99.9,14.552,33.022,354.6,391.3,351.4,387.7,-36.3,352.6,389.1,-36.5
CCE1_122W_33N,33.43,-122.48,3/25/2010,3:17:00,351.4,2,5.41,389.6,2,5.17,1024.3,14.6,99.9,14.612,33.032,353.3,391.6,350.2,388.1,-38,351.5,389.6,-38.1
CCE1_122W_33N,33.43,-122.48,3/25/2010,6:17:00,351.6,2,5.43,389.8,2,5.19,1025.5,14.7,99.85,14.623,33.03,353.5,391.9,350.8,388.9,-38.1,352.1,390.3,-38.2
CCE1_122W_33N,33.43,-122.48,3/25/2010,9:17:00,351.7,2,5.44,389.8,2,5.2,1025.1,14.7,99.9,14.573,33.021,353.7,391.9,350.8,388.7,-37.9,352.2,390.2,-38
CCE1_122W_33N,33.43,-122.48,3/25/2010,12:17:00,352.3,2,5.28,389.7,2,5.21,1024.7,14.7,99.85,14.567,33.021,354.2,391.8,351.2,388.5,-37.3,352.5,389.9,-37.4
CCE1_122W_33N,33.43,-122.48,3/25/2010,15:17:00,352.4,2,5.46,390.1,2,5.22,1026.2,14.8,99.85,14.539,33.018,354.3,392.2,351.9,389.5,-37.6,353.1,390.9,-37.8
CCE1_122W_33N,33.43,-122.48,3/25/2010,18:17:00,352.1,2,5.49,390.4,2,5.25,1027.3,14.9,99.81,14.569,33.014,354,392.5,351.9,390.2,-38.3,353.2,391.6,-38.4
CCE1_122W_33N,33.43,-122.48,3/25/2010,21:17:00,353,2,5.51,390.5,2,5.43,1026.9,15,99.9,14.648,33.006,354.9,392.6,352.7,390.2,-37.5,354,391.6,-37.6
CCE1_122W_33N,33.43,-122.48,3/26/2010,0:17:00,352.9,2,5.66,390.5,2,5.43,1026.5,14.9,99.9,14.602,33.002,354.9,392.6,352.5,390,-37.4,353.8,391.4,-37.6
CCE1_122W_33N,33.43,-122.48,3/26/2010,3:17:00,352.2,2,5.31,390.7,2,5.24,1027,14.9,99.9,14.564,33.006,354,392.7,351.9,390.3,-38.5,353.1,391.7,-38.6
CCE1_122W_33N,33.43,-122.48,3/26/2010,6:17:00,352.6,2,5.25,392.1,2,5.17,1027.9,14.7,99.95,14.51,33.002,354.4,394.1,352.6,392.1,-39.5,353.9,393.5,-39.6
CCE1_122W_33N,33.43,-122.48,3/26/2010,9:17:00,351.7,2,5.37,390.3,2,5.13,1027.4,14.5,99.9,14.4,32.983,353.6,392.3,351.6,390.1,-38.5,352.9,391.5,-38.6
CCE1_122W_33N,33.43,-122.48,3/26/2010,12:17:00,351.9,2,5.28,390.6,2,5.05,1027.3,14.3,99.9,14.454,33.004,353.7,392.6,351.7,390.4,-38.7,353,391.8,-38.8
CCE1_122W_33N,33.43,-122.48,3/26/2010,15:17:00,351.7,2,5.4,390.7,2,5.18,1028.4,14.2,99.85,14.504,33.016,353.6,392.7,351.9,390.9,-38.9,353.2,392.3,-39.1
CCE1_122W_33N,33.43,-122.48,3/26/2010,18:17:00,352.9,2,5.31,390.7,2,5.08,1028.9,14.4,99.9,14.604,33.027,354.8,392.6,353.3,390.9,-37.7,354.6,392.3,-37.8
CCE1_122W_33N,33.43,-122.48,3/26/2010,21:17:00,353.6,2,5.39,390,2,5.15,1027.7,14.6,99.85,15.003,33.106,355.6,392.1,353.5,389.7,-36.3,354.8,391.2,-36.4
CCE1_122W_33N,33.43,-122.48,3/27/2010,0:17:00,354,2,5.49,389.6,2,5.25,1026.6,14.9,99.81,15.012,33.107,355.9,391.6,353.5,388.9,-35.4,354.7,390.3,-35.6
CCE1_122W_33N,33.43,-122.48,3/27/2010,3:17:00,354.1,2,5.32,389.8,2,5.24,1026.6,14.9,99.81,14.985,33.104,356,391.8,353.5,389.1,-35.6,354.8,390.5,-35.7
CCE1_122W_33N,33.43,-122.48,3/27/2010,6:17:00,353.2,2,5.43,389.8,2,5.19,1027.2,14.7,99.76,14.951,33.1,355.1,391.8,352.9,389.3,-36.4,354.1,390.7,-36.6
CCE1_122W_33N,33.43,-122.48,3/27/2010,9:17:00,353.9,2,5.42,389.8,2,5.18,1026.1,14.7,99.76,14.922,33.095,355.8,391.8,353.2,388.9,-35.7,354.5,390.3,-35.9
CCE1_122W_33N,33.43,-122.48,3/27/2010,12:17:00,354.1,2,5.45,390,2,5.21,1025.5,14.8,99.76,14.909,33.092,356,392,353.2,388.9,-35.7,354.5,390.3,-35.8
CCE1_122W_33N,33.43,-122.48,3/27/2010,15:17:00,354.7,2,5.49,390.2,2,5.42,1025.4,14.9,99.81,14.903,33.092,356.6,392.3,353.7,389.2,-35.4,355,390.6,-35.5
CCE1_122W_33N,33.43,-122.48,3/27/2010,18:17:00,355.8,2,5.68,390.3,2,5.61,1026.7,15.5,99.81,14.992,33.095,357.8,392.5,355.4,389.8,-34.5,356.6,391.2,-34.6
CCE1_122W_33N,33.43,-122.48,3/27/2010,21:17:00,358.5,2,5.96,390.1,2,5.71,1026.1,15.8,99.81,15.18,33.099,360.6,392.3,357.9,389.3,-31.4,359.1,390.7,-31.6
CCE1_122W_33N,33.43,-122.48,3/28/2010,0:17:00,359.7,2,6.06,389.9,2,5.81,1025.7,16,99.85,15.305,33.096,361.9,392.1,358.9,388.9,-30,360.3,390.3,-30.1
CCE1_122W_33N,33.43,-122.48,3/28/2010,3:17:00,358.1,2,5.85,390.1,2,5.6,1026.5,16,99.81,15.152,33.098,360.2,392.3,357.6,389.4,-31.8,358.9,390.9,-32
CCE1_122W_33N,33.43,-122.48,3/28/2010,6:17:00,355.5,2,5.7,390,2,5.63,1027.5,15.6,99.81,15.043,33.099,357.5,392.2,355.4,389.8,-34.4,356.6,391.2,-34.6
CCE1_122W_33N,33.43,-122.48,3/28/2010,9:17:00,356,2,5.82,389.7,2,5.57,1026.5,15.4,99.76,15.011,33.099,358.1,391.9,355.6,389.1,-33.6,356.9,390.5,-33.7
CCE1_122W_33N,33.43,-122.48,3/28/2010,12:17:00,356.1,2,5.76,389.8,2,5.52,1026,15.2,99.76,15,33.099,358.2,392,355.5,389,-33.6,356.8,390.5,-33.7
CCE1_122W_33N,33.43,-122.48,3/28/2010,15:17:00,355.9,2,5.74,389.7,2,5.67,1027.2,15.2,99.76,14.983,33.1,358,391.9,355.7,389.4,-33.7,357,390.8,-33.8
CCE1_122W_33N,33.43,-122.48,3/28/2010,18:17:00,357.2,2,5.95,389.5,2,5.7,1028.3,15.8,99.71,15.094,33.103,359.3,391.7,357.4,389.6,-32.2,358.7,391,-32.3
CCE1_122W_33N,33.43,-122.48,3/28/2010,21:17:00,361.2,2,5.97,389.7,2,5.72,1027.3,15.8,99.76,15.35,33.114,363.4,391.9,360.9,389.3,-28.4,362.3,390.7,-28.4
CCE1_122W_33N,33.43,-122.48,3/29/2010,0:17:00,361.5,2,6.22,389.7,2,5.97,1026.5,16,99.81,15.517,33.123,363.8,392,361,389,-28,362.3,390.4,-28.1
CCE1_122W_33N,33.43,-122.48,3/29/2010,3:17:00,359.5,2,5.82,390.2,2,5.74,1026,15.9,99.81,15.329,33.121,361.6,392.4,358.8,389.3,-30.5,360.1,390.7,-30.7
CCE1_122W_33N,33.43,-122.48,3/29/2010,6:17:00,358,2,5.87,390.5,2,5.62,1026.6,15.5,99.81,15.229,33.12,360.1,392.7,357.5,389.9,-32.4,358.8,391.3,-32.5
CCE1_122W_33N,33.43,-122.48,3/29/2010,9:17:00,357,2,5.78,390.6,2,5.54,1025.5,15.3,99.76,15.127,33.127,359,392.8,356.1,389.6,-33.5,357.4,391,-33.6
CCE1_122W_33N,33.43,-122.48,3/29/2010,12:17:00,357.4,2,5.73,390.2,2,5.66,1023.9,15.1,99.76,15.149,33.145,359.4,392.4,355.9,388.6,-32.7,357.2,390,-32.8
CCE1_122W_33N,33.43,-122.48,3/29/2010,15:17:00,358.4,2,5.99,389.9,2,5.75,1024.7,15.4,99.81,15.247,33.175,360.5,392.2,357.3,388.6,-31.4,358.5,390.1,-31.5
CCE1_122W_33N,33.43,-122.48,3/29/2010,18:17:00,359.4,2,6.2,389.5,2,5.95,1024.7,15.9,99.81,15.295,33.165,361.7,391.9,358.3,388.3,-29.9,359.7,389.7,-30
CCE1_122W_33N,33.43,-122.48,3/29/2010,21:17:00,361.8,2,6.31,389,2,6.06,1022.3,16.2,99.8,15.335,33.132,364.1,391.4,359.9,386.9,-27,361.2,388.3,-27.1
CCE1_122W_33N,33.43,-122.48,3/30/2010,0:17:00,361.6,2,6.15,389.2,2,5.89,1020.3,16.2,99.85,15.144,33.065,363.8,391.5,359,386.3,-27.3,360.3,387.7,-27.4
CCE1_122W_33N,33.43,-122.48,3/30/2010,3:17:00,360.3,2,5.88,389.2,2,5.81,1020.7,16,99.95,14.957,33.034,362.4,391.5,357.8,386.5,-28.7,359.1,387.9,-28.8
CCE1_122W_33N,33.43,-122.48,3/30/2010,6:17:00,360.2,2,5.85,389.7,2,5.78,1020.3,15.9,99.95,15.015,33.056,362.3,392,357.5,386.8,-29.3,358.8,388.2,-29.4
CCE1_122W_33N,33.43,-122.48,3/30/2010,9:17:00,359.4,2,5.99,389.4,2,5.74,1019.8,15.8,100,14.889,33.011,361.6,391.6,356.7,386.3,-29.6,358,387.7,-29.7
CCE1_122W_33N,33.43,-122.48,3/30/2010,12:17:00,358.8,2,6,389.5,2,5.74,1019.1,15.8,100,14.775,32.987,360.9,391.7,355.8,386.2,-30.4,357.1,387.6,-30.5
CCE1_122W_33N,33.43,-122.48,3/30/2010,15:17:00,359.9,2,5.89,389.5,2,5.82,1019.7,15.5,100.05,14.504,32.944,362,391.7,357.2,386.5,-29.3,358.5,387.9,-29.4
CCE1_122W_33N,33.43,-122.48,3/30/2010,18:17:00,360,2,6.08,389.8,2,5.84,1022.1,15.5,100.05,14.594,32.95,362.2,392,358.2,387.7,-29.5,359.5,389.1,-29.6
CCE1_122W_33N,33.43,-122.48,3/30/2010,21:17:00,361.7,2,5.93,390.4,2,5.86,1021.4,15.6,100.05,14.759,32.953,363.9,392.7,359.6,388,-28.4,360.9,389.5,-28.6
CCE1_122W_33N,33.43,-122.48,3/31/2010,0:17:00,361.6,2,5.87,391.1,2,5.8,1020.3,15.4,100.1,14.778,32.961,363.7,393.4,359,388.3,-29.3,360.3,389.7,-29.4
CCE1_122W_33N,33.43,-122.48,3/31/2010,3:17:00,360.3,2,5.74,391.6,2,5.5,1020.2,15.1,100.15,14.724,32.97,362.3,393.7,357.6,388.6,-31,358.9,390,-31.1
CCE1_122W_33N,33.43,-122.48,3/31/2010,6:17:00,358.9,2,5.58,391.3,2,5.34,1021.3,14.6,100.15,14.805,33.002,360.9,393.4,356.5,388.7,-32.1,357.9,390.1,-32.2
CCE1_122W_33N,33.43,-122.48,3/31/2010,9:17:00,361.1,2,5.59,390.8,2,5.36,1020.4,14.6,100.1,15.004,33.04,363.1,392.9,358.3,387.8,-29.5,359.7,389.2,-29.5
CCE1_122W_33N,33.43,-122.48,3/31/2010,12:17:00,360,2,5.51,390.6,2,5.27,1019.4,14.9,100,14.976,33.049,362,392.7,356.9,387.2,-30.3,358.2,388.6,-30.4
CCE1_122W_33N,33.43,-122.48,3/31/2010,15:17:00,360,2,5.65,391,2,5.24,1020.1,14.8,100.1,14.914,33.034,362,393,357.2,387.8,-30.6,358.5,389.2,-30.7
CCE1_122W_33N,33.43,-122.48,3/31/2010,18:17:00,359.4,2,5.55,391,2,5.15,1020.7,14.5,100.05,14.881,33.025,361.4,393.1,356.8,388.1,-31.3,358.1,389.5,-31.4
CCE1_122W_33N,33.43,-122.48,3/31/2010,21:17:00,362.3,2,5.68,390.5,2,5.29,1019.1,14.4,100.1,15.107,33.033,364.4,392.6,359.1,386.9,-27.8,360.4,388.3,-27.9
CCE1_122W_33N,33.43,-122.48,4/1/2010,0:17:00,364.9,2,5.68,390.7,2,5.27,1017.2,14.8,100.1,15.19,33.035,366.9,392.8,360.9,386.3,-25.4,362.2,387.8,-25.6
CCE1_122W_33N,33.43,-122.48,4/1/2010,3:17:00,360.8,2,4.94,391.4,2,4.86,1016.8,14.6,100.15,14.853,32.978,362.5,393.4,356.6,386.9,-30.3,357.8,388.3,-30.5
CCE1_122W_33N,33.43,-122.48,4/1/2010,6:17:00,359.8,2,5.3,391,2,5.07,1018.2,14.2,100.1,14.794,32.997,361.7,393,356.3,387.1,-30.8,357.6,388.5,-30.9
CCE1_122W_33N,33.43,-122.48,4/1/2010,9:17:00,358.6,2,5.12,391.3,2,5.04,1018.9,14.1,100.15,14.581,32.96,360.4,393.3,355.3,387.7,-32.4,356.6,389.2,-32.6
CCE1_122W_33N,33.43,-122.48,4/1/2010,12:17:00,358.7,2,5.17,391.2,2,4.93,1019.3,14.3,100.15,14.612,32.981,360.5,393.2,355.6,387.8,-32.2,356.8,389.2,-32.4
CCE1_122W_33N,33.43,-122.48,4/1/2010,15:17:00,357.3,2,5.48,391.4,2,5.25,1021.8,14.3,100.05,14.516,32.967,359.3,393.5,355.2,389.1,-33.9,356.6,390.5,-33.9
CCE1_122W_33N,33.43,-122.48,4/1/2010,18:17:00,356.3,2,5.42,391.2,2,5.19,1024.4,14.2,100,14.516,32.967,358.2,393.3,355.1,389.9,-34.7,356.4,391.3,-34.9
CCE1_122W_33N,33.43,-122.48,4/1/2010,21:17:00,356.1,2,5.54,390.3,2,5.16,1025.1,14.1,100,14.493,32.956,358.1,392.3,355.2,389.2,-34,356.6,390.6,-34.1
CCE1_122W_33N,33.43,-122.48,4/2/2010,0:17:00,355.5,2,5.56,390.7,2,5.18,1025.1,14.1,100.05,14.524,32.962,357.5,392.7,354.7,389.6,-34.9,356,391,-35
CCE1_122W_33N,33.43,-122.48,4/2/2010,3:17:00,356,2,5.49,390.9,2,5.1,1025.1,14.4,100,14.742,33.036,358,392.9,355.1,389.7,-34.6,356.4,391.1,-34.7
CCE1_122W_33N,33.43,-122.48,4/2/2010,6:17:00,355.2,2,5.44,391.1,2,5.21,1026,14.3,100,14.648,33.037,357.1,393.1,354.5,390.3,-35.8,355.8,391.7,-35.9
CCE1_122W_33N,33.43,-122.48,4/2/2010,9:17:00,355.3,2,5.38,391.3,2,5.16,1025.8,14.1,99.95,14.548,33.029,357.2,393.3,354.6,390.4,-35.8,355.9,391.9,-36
CCE1_122W_33N,33.43,-122.48,4/2/2010,12:17:00,354.4,2,5.35,391,2,4.97,1025.7,14,99.9,14.491,33.022,356.3,393,353.7,390.1,-36.4,355,391.5,-36.6
CCE1_122W_33N,33.43,-122.48,4/2/2010,15:17:00,354.1,2,5.38,391,2,5.15,1026.6,14.1,99.85,14.44,33.014,356,393,353.7,390.5,-36.7,355,391.9,-36.9
CCE1_122W_33N,33.43,-122.48,4/2/2010,18:17:00,354.2,2,5.55,390.7,2,5.17,1027,14.1,99.9,14.439,33.007,356.1,392.7,354,390.4,-36.4,355.3,391.8,-36.5
CCE1_122W_33N,33.43,-122.48,4/2/2010,21:17:00,355.8,2,5.53,390.3,2,5.3,1026.6,14.5,99.95,14.461,32.994,357.8,392.4,355.5,389.8,-34.4,356.8,391.3,-34.5
CCE1_122W_33N,33.43,-122.48,4/3/2010,0:17:00,355.8,2,5.72,389.7,2,5.47,1024.9,15.1,100.05,14.434,32.972,357.9,391.9,355,388.7,-33.7,356.3,390.2,-33.8
CCE1_122W_33N,33.43,-122.48,4/3/2010,3:17:00,355.1,2,5.62,389.4,2,5.37,1024.9,15.3,100,14.843,33.073,357.1,391.5,354.1,388.2,-34.1,355.4,389.6,-34.2
CCE1_122W_33N,33.43,-122.48,4/3/2010,6:17:00,356,2,5.87,389.3,2,5.63,1024.4,15.5,99.95,14.877,33.084,358.1,391.5,354.8,388,-33.2,356.2,389.4,-33.2
CCE1_122W_33N,33.43,-122.48,4/3/2010,9:17:00,357.5,2,5.86,388.1,2,5.62,1023.6,15.4,99.9,14.889,33.086,359.6,390.3,356,386.4,-30.4,357.4,387.9,-30.5
CCE1_122W_33N,33.43,-122.48,4/3/2010,12:17:00,356.7,2,5.73,389.1,2,5.49,1022.4,15.1,99.9,14.844,33.084,358.7,391.2,354.8,386.9,-32.2,356.1,388.3,-32.3
CCE1_122W_33N,33.43,-122.48,4/3/2010,15:17:00,356,2,5.64,390.4,2,5.4,1023.1,14.8,99.85,14.818,33.08,358,392.5,354.4,388.5,-34.1,355.6,389.9,-34.3
CCE1_122W_33N,33.43,-122.48,4/3/2010,18:17:00,356.5,2,5.59,390.6,2,5.35,1023.8,14.7,99.85,14.812,33.073,358.5,392.7,355.1,388.9,-33.8,356.4,390.4,-34
CCE1_122W_33N,33.43,-122.48,4/3/2010,21:17:00,357.2,2,5.75,390.6,2,5.35,1023.1,14.6,99.9,14.848,33.071,359.3,392.7,355.6,388.7,-33.1,356.9,390.1,-33.2
CCE1_122W_33N,33.43,-122.48,4/4/2010,0:17:00,358.4,2,5.79,390.6,2,5.39,1021.3,14.7,99.9,14.84,33.063,360.5,392.7,356.2,388,-31.8,357.5,389.4,-31.9
CCE1_122W_33N,33.43,-122.48,4/4/2010,3:17:00,357.6,2,5.58,390.5,2,5.17,1020.7,14.6,99.95,14.717,33.045,359.6,392.6,355.1,387.7,-32.6,356.4,389.1,-32.7
CCE1_122W_33N,33.43,-122.48,4/4/2010,6:17:00,357.5,2,5.44,390.8,2,5.05,1021.2,14.2,99.95,14.833,33.089,359.4,392.8,355.1,388.1,-33,356.3,389.5,-33.1
CCE1_122W_33N,33.43,-122.48,4/4/2010,9:17:00,358.4,2,5.52,390.8,2,5.14,1020.1,13.9,99.95,14.905,33.112,360.3,392.8,355.6,387.6,-32.1,356.8,389,-32.2
CCE1_122W_33N,33.43,-122.48,4/4/2010,12:17:00,358.6,2,5.39,390.6,2,5.01,1019.1,14,99.9,15.131,33.174,360.5,392.5,355.3,386.9,-31.5,356.6,388.2,-31.7
CCE1_122W_33N,33.43,-122.48,4/4/2010,15:17:00,359.4,2,5.85,390.4,2,5.46,1019.1,14.4,99.85,15.039,33.159,361.5,392.5,356.3,386.9,-30.5,357.6,388.3,-30.7
CCE1_122W_33N,33.43,-122.48,4/4/2010,18:17:00,357.5,2,6.09,389.8,2,5.86,1018.6,15.1,99.95,14.653,33.061,359.7,392.1,354.5,386.4,-31.9,355.8,387.8,-32
CCE1_122W_33N,33.43,-122.48,4/4/2010,21:17:00,358.3,2,5.83,389.6,2,5.58,1017.7,15.3,100.05,14.665,33.035,360.4,391.8,354.8,385.7,-30.9,356.2,387.2,-31
CCE1_122W_33N,33.43,-122.48,4/5/2010,0:17:00,360.1,2,6.39,389.8,2,6.15,1016.5,15.4,100.1,14.767,33.031,362.4,392.2,356.4,385.6,-29.2,357.7,387.1,-29.4
CCE1_122W_33N,33.43,-122.48,4/5/2010,3:17:00,358.9,2,5.87,390.1,2,5.62,1016.5,15.4,100.1,14.694,33.043,361,392.3,355,385.8,-30.8,356.3,387.2,-30.9
CCE1_122W_33N,33.43,-122.48,4/5/2010,6:17:00,359.2,2,5.83,390.1,2,5.75,1017.3,15.3,100.1,14.649,33.039,361.3,392.4,355.6,386.2,-30.6,356.9,387.6,-30.7
CCE1_122W_33N,33.43,-122.48,4/5/2010,9:17:00,358.9,2,6.03,390.4,2,5.79,1017.3,15.3,100.1,14.783,33.076,361.1,392.7,355.3,386.4,-31.1,356.7,387.9,-31.2
CCE1_122W_33N,33.43,-122.48,4/5/2010,12:17:00,358.4,2,5.82,390.9,2,5.74,1017.3,15.2,100.1,14.716,33.069,360.5,393.1,354.8,386.9,-32.1,356.1,388.3,-32.2
CCE1_122W_33N,33.43,-122.48,4/5/2010,15:17:00,356.9,2,5.77,390.9,2,5.53,1020.2,14.6,100.1,14.576,33.046,358.9,393,354.3,388,-33.7,355.6,389.4,-33.8
CCE1_122W_33N,33.43,-122.48,4/5/2010,18:17:00,355.5,2,5.79,390.3,2,5.55,1023,14.7,100.05,14.581,33.04,357.5,392.5,353.9,388.5,-34.6,355.2,390,-34.8
CCE1_122W_33N,33.43,-122.48,4/5/2010,21:17:00,358.4,2,5.97,390.7,2,5.57,1024.2,14.8,100.05,14.731,33.037,360.6,392.9,357.3,389.3,-32,358.6,390.8,-32.1
CCE1_122W_33N,33.43,-122.48,4/6/2010,0:17:00,360.1,2,6.23,390.5,2,5.82,1024.6,15.1,100.05,14.834,33.037,362.4,392.7,359.2,389.3,-30.1,360.5,390.7,-30.1
CCE1_122W_33N,33.43,-122.48,4/6/2010,3:17:00,358.5,2,5.71,390.9,2,5.3,1025.4,15.1,100.05,14.744,33.038,360.5,392.9,357.7,389.8,-32.1,359,391.2,-32.3
CCE1_122W_33N,33.43,-122.48,4/6/2010,6:17:00,355.6,2,5.64,390.8,2,5.4,1027.1,14.9,100,14.574,33.021,357.6,393,355.5,390.6,-35.1,356.7,392.1,-35.3
CCE1_122W_33N,33.43,-122.48,4/6/2010,9:17:00,354.2,2,5.51,390.8,2,5.28,1027.8,14.5,100,14.393,32.993,356.1,392.8,354.3,390.8,-36.5,355.6,392.2,-36.6
CCE1_122W_33N,33.43,-122.48,4/6/2010,12:17:00,354,2,5.53,391.3,2,5.3,1027.9,14.1,100,14.316,32.982,356,393.4,354.2,391.4,-37.2,355.5,392.9,-37.3
CCE1_122W_33N,33.43,-122.48,4/6/2010,15:17:00,352.6,2,5.63,390.8,2,5.42,1029.7,13.9,99.95,14.247,32.978,354.6,392.9,353.5,391.7,-38.2,354.8,393.1,-38.3
CCE1_122W_33N,33.43,-122.48,4/6/2010,18:17:00,351.5,2,5.44,391,2,5.21,1031,14.3,100,14.273,32.983,353.4,393,352.7,392.2,-39.5,354,393.7,-39.7
CCE1_122W_33N,33.43,-122.48,4/6/2010,21:17:00,352.8,2,5.59,391.6,2,5.36,1030.3,14.3,100,14.322,32.983,354.7,393.7,353.8,392.7,-38.9,355.1,394.1,-39
CCE1_122W_33N,33.43,-122.48,4/7/2010,0:17:00,353,2,5.56,391.5,2,5.34,1028.6,14.2,100.05,14.311,32.978,355,393.6,353.5,391.9,-38.4,354.8,393.3,-38.6
CCE1_122W_33N,33.43,-122.48,4/7/2010,3:17:00,352.7,2,5.45,391.3,2,5.22,1027.7,14.3,100.1,14.251,32.974,354.6,393.3,352.8,391.3,-38.5,354.1,392.7,-38.6
CCE1_122W_33N,33.43,-122.48,4/7/2010,6:17:00,352.5,2,5.42,391.2,2,5.35,1028,14.2,100.1,14.226,32.981,354.4,393.3,352.7,391.4,-38.7,354,392.8,-38.9
CCE1_122W_33N,33.43,-122.48,4/7/2010,9:17:00,352.5,2,5.43,391.6,2,5.37,1026.5,14.2,100.1,14.199,32.986,354.4,393.7,352.2,391.2,-39,353.5,392.7,-39.2
CCE1_122W_33N,33.43,-122.48,4/7/2010,12:17:00,352.5,2,5.45,391.1,2,5.38,1025.7,14.3,100.19,14.111,32.977,354.5,393.3,352,390.5,-38.5,353.3,392,-38.7
CCE1_122W_33N,33.43,-122.48,4/7/2010,15:17:00,351.6,2,5.65,390.3,2,5.42,1026.1,14.4,100.14,14.062,32.973,353.6,392.4,351.3,389.8,-38.6,352.6,391.3,-38.7
CCE1_122W_33N,33.43,-122.48,4/7/2010,18:17:00,352.7,2,5.62,389.5,2,5.55,1026.6,14.8,100.19,14.22,32.99,354.7,391.6,352.5,389.2,-36.7,353.8,390.6,-36.8
CCE1_122W_33N,33.43,-122.48,4/7/2010,21:17:00,354.1,2,5.65,389,2,5.58,1025.1,14.9,100.24,14.319,32.991,356.1,391.1,353.3,388.1,-34.8,354.6,389.5,-34.9
CCE1_122W_33N,33.43,-122.48,4/8/2010,0:17:00,357,2,5.88,389.2,2,5.64,1023.7,15,100.24,14.693,33.057,359.1,391.4,355.7,387.6,-31.9,357,389.1,-32.1
CCE1_122W_33N,33.43,-122.48,4/8/2010,3:17:00,356.5,2,5.61,389.6,2,5.53,1023.7,15.2,100.24,14.614,33.051,358.5,391.8,355.1,388.1,-33,356.4,389.5,-33.1
CCE1_122W_33N,33.43,-122.48,4/8/2010,6:17:00,355.7,2,5.7,389.5,2,5.63,1024.3,15,100.29,14.542,33.044,357.7,391.7,354.6,388.3,-33.7,355.9,389.7,-33.8
CCE1_122W_33N,33.43,-122.48,4/8/2010,9:17:00,355.4,2,5.66,389.6,2,5.43,1023.3,14.9,100.24,14.498,33.038,357.4,391.8,354,388,-34,355.2,389.4,-34.2
CCE1_122W_33N,33.43,-122.48,4/8/2010,12:17:00,355.9,2,5.45,390.4,2,5.38,1022.5,14.7,100.24,14.461,33.034,357.9,392.5,354.1,388.4,-34.3,355.5,389.8,-34.4
CCE1_122W_33N,33.43,-122.48,4/8/2010,15:17:00,355.4,2,5.74,390,2,5.68,1022.6,14.6,100.24,14.376,33.025,357.4,392.2,353.7,388.2,-34.4,355,389.6,-34.6
CCE1_122W_33N,33.43,-122.48,4/8/2010,18:17:00,354.6,2,5.63,390.1,2,5.56,1023.4,14.8,100.24,14.369,33.021,356.6,392.3,353.2,388.5,-35.3,354.5,390,-35.5
CCE1_122W_33N,33.43,-122.48,4/8/2010,21:17:00,355.9,2,5.63,390.1,2,5.56,1022,14.8,100.24,14.389,33.017,357.9,392.3,354.1,388,-34,355.3,389.5,-34.2
CCE1_122W_33N,33.43,-122.48,4/9/2010,0:17:00,355.9,2,5.64,391.2,2,5.57,1021.2,14.8,100.29,14.411,33.018,357.9,393.4,353.7,388.8,-35.1,355,390.2,-35.2
CCE1_122W_33N,33.43,-122.48,4/9/2010,3:17:00,356,2,5.52,392,2,5.29,1021,14.4,100.24,14.302,33.002,357.9,394.1,353.7,389.4,-35.7,355,390.9,-35.9
CCE1_122W_33N,33.43,-122.48,4/9/2010,6:17:00,354.5,2,5.29,391.2,2,5.22,1021.3,14.2,100.24,14.182,32.989,356.3,393.3,352.3,388.8,-36.5,353.5,390.3,-36.7
CCE1_122W_33N,33.43,-122.48,4/9/2010,9:17:00,354.5,2,5.38,391.2,2,5.15,1020.3,14,100.24,14.114,32.982,356.4,393.3,352,388.4,-36.4,353.3,389.9,-36.6
CCE1_122W_33N,33.43,-122.48,4/9/2010,12:17:00,355.5,2,5.35,390.7,2,5.29,1018.8,13.9,100.24,14.097,32.983,357.4,392.8,352.5,387.4,-34.9,353.8,388.8,-35
CCE1_122W_33N,33.43,-122.48,4/9/2010,15:17:00,355.8,2,5.59,389.6,2,5.37,1019.1,13.6,100.24,14.138,32.992,357.8,391.7,353,386.5,-33.5,354.3,387.8,-33.6
CCE1_122W_33N,33.43,-122.48,4/9/2010,18:17:00,355,2,5.66,389.2,2,5.44,1019.3,13.8,100.24,14.097,32.984,357,391.3,352.3,386.1,-33.9,353.6,387.5,-34
CCE1_122W_33N,33.43,-122.48,4/9/2010,21:17:00,355.8,2,5.65,389.5,2,5.59,1018.4,14.3,100.24,14.092,32.978,357.8,391.7,352.7,386.1,-33.4,354,387.6,-33.5
CCE1_122W_33N,33.43,-122.48,4/10/2010,0:17:00,356.6,2,5.72,389.6,2,5.49,1017,14.5,100.24,14.188,32.99,358.6,391.8,353.1,385.7,-32.6,354.3,387.1,-32.8
CCE1_122W_33N,33.43,-122.48,4/10/2010,3:17:00,356.8,2,5.51,390.4,2,5.44,1017.4,14.3,100.29,14.148,32.984,358.8,392.5,353.3,386.6,-33.3,354.7,388,-33.3
CCE1_122W_33N,33.43,-122.48,4/10/2010,6:17:00,356.1,2,5.6,391.2,2,5.37,1018.2,14.1,100.29,14.098,32.974,358.1,393.3,353,387.7,-34.7,354.3,389.1,-34.8
CCE1_122W_33N,33.43,-122.48,4/10/2010,9:17:00,355.8,2,5.56,391.5,2,5.34,1018,14,100.29,14.043,32.978,357.7,393.6,352.6,387.9,-35.3,353.8,389.3,-35.5
CCE1_122W_33N,33.43,-122.48,4/10/2010,12:17:00,356.1,2,5.46,391.5,2,5.24,1017.4,13.7,100.24,13.966,32.97,358,393.5,352.7,387.6,-35,353.9,389,-35.1
CCE1_122W_33N,33.43,-122.48,4/10/2010,15:17:00,355,2,5.4,391.7,2,5.18,1019.5,13.6,100.24,13.9,32.962,357,393.7,352.4,388.7,-36.3,353.7,390.1,-36.4
CCE1_122W_33N,33.43,-122.48,4/10/2010,18:17:00,353.5,2,5.64,391.4,2,5.43,1020.9,13.8,100.19,13.99,32.972,355.5,393.6,351.4,389,-37.6,352.7,390.5,-37.8
CCE1_122W_33N,33.43,-122.48,4/10/2010,21:17:00,358.6,2,5.95,391.7,2,5.57,1020.4,14.2,100.24,14.331,33.016,360.7,393.8,356.3,389,-32.7,357.5,390.4,-32.8
CCE1_122W_33N,33.43,-122.48,4/11/2010,0:17:00,362.6,2,5.8,391.7,2,5.57,1019.1,14.7,100.24,14.582,33.013,364.7,393.9,359.6,388.4,-28.8,360.9,389.8,-28.9
CCE1_122W_33N,33.43,-122.48,4/11/2010,3:17:00,358.4,2,5.63,391.8,2,5.39,1018.7,14.7,100.24,14.357,33.006,360.4,393.9,355.3,388.4,-33.1,356.6,389.8,-33.1
CCE1_122W_33N,33.43,-122.48,4/11/2010,6:17:00,357.2,2,5.94,391.8,2,5.71,1018.6,14.7,100.19,14.283,33.008,359.3,394,354.2,388.4,-34.2,355.5,389.9,-34.3
CCE1_122W_33N,33.43,-122.48,4/11/2010,9:17:00,356.5,2,5.93,391.5,2,5.7,1017.4,14.6,100.24,14.139,32.987,358.6,393.7,353.1,387.8,-34.6,354.5,389.2,-34.7
CCE1_122W_33N,33.43,-122.48,4/11/2010,12:17:00,357.5,2,5.78,391.8,2,5.72,1015.6,14.6,100.19,14.12,32.989,359.6,394,353.5,387.3,-33.8,354.8,388.8,-33.9
CCE1_122W_33N,33.43,-122.48,4/11/2010,15:17:00,357.8,2,5.81,391.6,2,5.74,1015.1,14.7,100.19,14.12,32.988,359.9,393.8,353.6,387,-33.3,354.9,388.4,-33.4
CCE1_122W_33N,33.43,-122.48,4/11/2010,18:17:00,358.1,2,5.75,390.6,2,5.68,1014.9,15,100.24,14.202,32.989,360.2,392.8,353.8,385.9,-32,355.1,387.3,-32.1
CCE1_122W_33N,33.43,-122.48,4/11/2010,21:17:00,357.6,2,5.08,391,2,5,1015.8,15,100.29,14.176,32.98,359.4,392.9,353.4,386.4,-33,354.7,387.7,-33.1
CCE1_122W_33N,33.43,-122.48,4/12/2010,0:17:00,355.8,2,5.73,391,2,5.66,1015.3,14.5,100.29,13.998,32.976,357.9,393.2,351.8,386.5,-34.8,353.1,387.9,-34.8
CCE1_122W_33N,33.43,-122.48,4/12/2010,3:17:00,355.7,2,5.92,390.8,2,5.69,1015.7,14.5,100.29,13.951,32.963,357.8,393,351.9,386.5,-34.6,353.1,387.9,-34.7
CCE1_122W_33N,33.43,-122.48,4/12/2010,6:17:00,355.5,2,5.89,390.9,2,5.67,1016.7,14.5,100.29,13.936,32.962,357.6,393.1,352,386.9,-35,353.3,388.4,-35.1
CCE1_122W_33N,33.43,-122.48,4/12/2010,9:17:00,355.5,2,5.89,391.3,2,5.66,1017,14.5,100.29,13.966,32.983,357.6,393.5,352.1,387.4,-35.3,353.4,388.9,-35.5
CCE1_122W_33N,33.43,-122.48,4/12/2010,12:17:00,355.6,2,5.67,391.3,2,5.61,1016.9,14.3,100.24,13.939,32.974,357.6,393.5,352.1,387.4,-35.3,353.4,388.9,-35.5
CCE1_122W_33N,33.43,-122.48,4/12/2010,15:17:00,355.4,2,5.78,390.6,2,5.56,1018.4,14.2,100.19,13.929,32.964,357.4,392.8,352.5,387.3,-34.8,353.7,388.7,-35
CCE1_122W_33N,33.43,-122.48,4/12/2010,18:17:00,354.8,2,5.49,390.8,2,5.43,1019.9,14.3,100.19,13.956,32.959,356.8,392.9,352.3,388,-35.7,353.6,389.4,-35.8
CCE1_122W_33N,33.43,-122.48,4/12/2010,21:17:00,354.3,2,5.63,391.6,2,5.56,1020.3,14.2,100.24,14.072,32.985,356.3,393.8,351.9,389,-37,353.2,390.4,-37.2
CCE1_122W_33N,33.43,-122.48,4/13/2010,0:17:00,354.3,2,5.66,391.4,2,5.6,1020.2,14.3,100.29,14.099,32.982,356.3,393.6,351.9,388.7,-36.9,353.2,390.2,-37
CCE1_122W_33N,33.43,-122.48,4/13/2010,3:17:00,354.2,2,5.76,390.3,2,5.53,1021,14.2,100.29,14.028,32.978,356.2,392.4,352.1,387.9,-35.8,353.4,389.3,-35.9
CCE1_122W_33N,33.43,-122.48,4/13/2010,6:17:00,354.1,2,5.52,390.3,2,5.46,1021.9,14,100.24,14.032,32.982,356.1,392.4,352.3,388.2,-35.9,353.6,389.7,-36
CCE1_122W_33N,33.43,-122.48,4/13/2010,9:17:00,354.2,2,5.59,390.7,2,5.36,1021.4,14.1,100.29,13.999,32.986,356.2,392.8,352.2,388.5,-36.3,353.6,389.9,-36.3
CCE1_122W_33N,33.43,-122.48,4/13/2010,12:17:00,354.4,2,5.62,391,2,5.39,1021.2,14.2,100.19,13.978,32.968,356.4,393.1,352.4,388.7,-36.3,353.7,390.1,-36.4
CCE1_122W_33N,33.43,-122.48,4/13/2010,15:17:00,354.9,2,5.78,390.9,2,5.56,1022.1,14.3,100.19,13.993,32.965,356.9,393.1,353.2,389,-35.8,354.5,390.5,-36
CCE1_122W_33N,33.43,-122.48,4/13/2010,18:17:00,356.9,2,5.68,390.9,2,5.45,1022.9,14.4,100.1,14.118,32.961,359,393,355.5,389.2,-33.7,356.8,390.6,-33.8
CCE1_122W_33N,33.43,-122.48,4/13/2010,21:17:00,357.9,2,5.85,390.5,2,5.62,1022.2,14.5,100.1,14.209,32.963,360,392.7,356.2,388.6,-32.4,357.5,390,-32.5
CCE1_122W_33N,33.43,-122.48,4/14/2010,0:17:00,359,2,6.04,390.3,2,5.82,1021.6,14.5,100.14,14.278,32.963,361.1,392.6,357.1,388.2,-31.1,358.4,389.6,-31.3
CCE1_122W_33N,33.43,-122.48,4/14/2010,3:17:00,357.6,2,5.68,390.3,2,5.45,1021.6,14.4,100.14,14.162,32.963,359.6,392.4,355.6,388.1,-32.5,356.9,389.5,-32.6
CCE1_122W_33N,33.43,-122.48,4/14/2010,6:17:00,356.1,2,5.54,390.6,2,5.32,1022,14,100.14,14.101,32.96,358.1,392.7,354.3,388.5,-34.2,355.6,390,-34.4
CCE1_122W_33N,33.43,-122.48,4/14/2010,9:17:00,355.1,2,5.58,390.6,2,5.35,1021.6,14.1,100.1,14.055,32.957,357.1,392.7,353.2,388.4,-35.3,354.5,389.8,-35.3
CCE1_122W_33N,33.43,-122.48,4/14/2010,12:17:00,354.7,2,5.61,390.9,2,5.39,1021.4,14.2,100.14,14.098,32.969,356.7,393,352.7,388.6,-35.8,354,390,-36
CCE1_122W_33N,33.43,-122.48,4/14/2010,15:17:00,355.3,2,5.91,390.7,2,5.53,1022.7,14.2,100.1,14.103,32.97,357.4,392.9,353.8,389,-35.2,355.2,390.4,-35.3
CCE1_122W_33N,33.43,-122.48,4/14/2010,18:17:00,356.1,2,5.74,390.9,2,5.51,1023.6,14.1,100.1,14.145,32.963,358.1,393.1,354.9,389.5,-34.7,356.2,391,-34.8
CCE1_122W_33N,33.43,-122.48,4/14/2010,21:17:00,358.1,2,5.88,391,2,5.66,1023.6,14.1,100.14,14.335,32.975,360.2,393.2,356.9,389.5,-32.6,358.2,391,-32.8
CCE1_122W_33N,33.43,-122.48,4/15/2010,0:17:00,359.4,2,5.86,390.5,2,5.63,1022.8,14.5,100.19,14.441,32.986,361.5,392.7,357.9,388.8,-30.9,359.1,390.1,-31
CCE1_122W_33N,33.43,-122.48,4/15/2010,3:17:00,357.2,2,5.58,390.9,2,5.34,1022.8,14.6,100.19,14.342,32.989,359.2,393,355.6,389,-33.4,356.9,390.5,-33.6
CCE1_122W_33N,33.43,-122.48,4/15/2010,6:17:00,356.3,2,5.63,391.3,2,5.4,1023,14.3,100.19,14.246,32.985,358.3,393.4,354.8,389.5,-34.7,356.1,391,-34.9
CCE1_122W_33N,33.43,-122.48,4/15/2010,9:17:00,356.2,2,5.59,391.4,2,5.37,1022,14.2,100.19,14.214,32.982,358.2,393.5,354.4,389.3,-34.9,355.7,390.7,-35.1
CCE1_122W_33N,33.43,-122.48,4/15/2010,12:17:00,354.8,2,5.62,391.5,2,5.39,1021.8,14.2,100.19,14.17,32.983,356.8,393.6,352.9,389.4,-36.4,354.2,390.8,-36.5
CCE1_122W_33N,33.43,-122.48,4/15/2010,15:17:00,355.4,2,5.91,391.4,2,5.53,1022.3,14.2,100.19,14.141,32.98,357.5,393.6,353.8,389.5,-35.7,355.1,391,-35.9
CCE1_122W_33N,33.43,-122.48,4/15/2010,18:17:00,355.9,2,5.78,391.1,2,5.39,1023.1,14.3,100.1,14.256,32.979,357.9,393.2,354.5,389.4,-35,355.7,390.8,-35.1
CCE1_122W_33N,33.43,-122.48,4/15/2010,21:17:00,365,2,5.95,391.3,2,5.56,1022.3,14.7,100.24,14.703,32.993,367.2,393.5,363.2,389.2,-26.1,364.5,390.6,-26.1
CCE1_122W_33N,33.43,-122.48,4/16/2010,0:17:00,366.2,2,6.19,390.9,2,5.96,1021.7,15.4,100.24,14.866,32.992,368.5,393.3,364.2,388.7,-24.5,365.5,390.1,-24.6
CCE1_122W_33N,33.43,-122.48,4/16/2010,3:17:00,360.8,2,5.84,391.3,2,5.59,1022.3,15.4,100.24,14.689,32.996,362.9,393.5,359,389.2,-30.2,360.3,390.6,-30.4
CCE1_122W_33N,33.43,-122.48,4/16/2010,6:17:00,361.1,2,5.83,391.3,2,5.6,1023.1,14.9,100.19,14.689,33.007,363.3,393.5,359.6,389.5,-29.9,361,391,-30
CCE1_122W_33N,33.43,-122.48,4/16/2010,9:17:00,362.3,2,6,391.2,2,5.77,1023.7,14.9,100.14,14.586,33.012,364.5,393.4,361,389.7,-28.7,362.4,391.1,-28.7
CCE1_122W_33N,33.43,-122.48,4/16/2010,12:17:00,360.1,2,6.05,391.3,2,5.64,1023.2,15,100.1,14.451,33.018,362.3,393.6,358.8,389.7,-30.9,360.1,391.2,-31.1
CCE1_122W_33N,33.43,-122.48,4/16/2010,15:17:00,358,2,6.23,391.1,2,5.99,1024.6,15.1,100.05,14.432,33.031,360.3,393.4,357.2,390.2,-32.9,358.6,391.5,-32.9
CCE1_122W_33N,33.43,-122.48,4/16/2010,18:17:00,365.7,2,6.27,390.9,2,5.84,1025.4,16.1,100.19,14.539,33.119,368,393.2,365.1,390.2,-25.1,366.5,391.6,-25.1
CCE1_122W_33N,33.43,-122.48,4/16/2010,21:17:00,372.5,2,6.66,390.7,2,6.21,1024.7,16.6,100.19,15.361,33.141,375,393.1,371.5,389.5,-18,372.9,390.9,-18
CCE1_122W_33N,33.43,-122.48,4/17/2010,0:17:00,376,2,7.01,390.5,2,6.75,1023.3,17,100.29,15.751,33.088,378.6,393.1,374.5,388.8,-14.3,375.8,390.2,-14.4
CCE1_122W_33N,33.43,-122.48,4/17/2010,3:17:00,367.9,2,6.38,390.3,2,6.11,1022.9,16.8,100.39,15.223,32.997,370.2,392.7,366.2,388.5,-22.3,367.5,389.9,-22.3
CCE1_122W_33N,33.43,-122.48,4/17/2010,6:17:00,363.2,2,6.28,390.5,2,6.21,1023.3,16.1,100.34,14.847,32.992,365.5,393,361.8,389,-27.2,363.1,390.5,-27.3
CCE1_122W_33N,33.43,-122.48,4/17/2010,9:17:00,362.7,2,6.16,390.5,2,6.08,1022.8,15.8,100.34,14.649,32.993,365,392.9,361.2,388.9,-27.7,362.5,390.3,-27.7
CCE1_122W_33N,33.43,-122.48,4/17/2010,12:17:00,360.1,2,6.23,390.2,2,5.99,1021.5,15.5,100.29,14.503,32.992,362.4,392.6,358.2,388.1,-29.8,359.6,389.5,-30
CCE1_122W_33N,33.43,-122.48,4/17/2010,15:17:00,360.5,2,6.3,390.2,2,6.07,1022.3,15.2,100.29,14.507,33,362.8,392.6,358.9,388.4,-29.5,360.2,389.8,-29.6
CCE1_122W_33N,33.43,-122.48,4/17/2010,18:17:00,360.7,2,6.43,389.9,2,6.2,1022.3,15.1,100.29,14.56,33.002,363.1,392.3,359.1,388.1,-28.9,360.5,389.5,-29
CCE1_122W_33N,33.43,-122.48,4/17/2010,21:17:00,361.7,2,6.19,390,2,6.13,1021.7,15.4,100.29,14.648,33.001,364,392.4,359.8,388,-28.1,361.2,389.3,-28.2
CCE1_122W_33N,33.43,-122.48,4/18/2010,0:17:00,362.4,2,6.44,389.9,2,6.2,1019.8,15.5,100.39,14.7,32.995,364.7,392.3,359.9,387.1,-27.2,361.2,388.5,-27.3
CCE1_122W_33N,33.43,-122.48,4/18/2010,3:17:00,361.9,2,6.04,390.3,2,5.8,1019,15.4,100.44,14.563,32.979,364.1,392.6,359,387.1,-28.1,360.3,388.5,-28.2
CCE1_122W_33N,33.43,-122.48,4/18/2010,6:17:00,359.9,2,5.91,390.3,2,5.67,1019.6,15,100.43,14.453,32.976,362,392.5,357.2,387.3,-30.1,358.5,388.7,-30.2
CCE1_122W_33N,33.43,-122.48,4/18/2010,9:17:00,360.2,2,5.81,390.4,2,5.57,1019,14.7,100.39,14.382,32.969,362.3,392.6,357.3,387.2,-29.8,358.6,388.6,-30
CCE1_122W_33N,33.43,-122.48,4/18/2010,12:17:00,359.7,2,5.77,390.2,2,5.71,1017.4,14.6,100.48,14.338,32.966,361.8,392.5,356.3,386.5,-30.2,357.6,387.9,-30.3
CCE1_122W_33N,33.43,-122.48,4/18/2010,15:17:00,359.6,2,6.14,390.3,2,5.91,1017.7,14.7,100.48,14.366,32.969,361.8,392.6,356.4,386.7,-30.3,357.7,388.1,-30.4
CCE1_122W_33N,33.43,-122.48,4/18/2010,18:17:00,362.5,2,6.32,390.1,2,6.09,1017.8,15.2,100.48,14.556,32.974,364.8,392.4,359.2,386.5,-27.3,360.6,387.9,-27.3
CCE1_122W_33N,33.43,-122.48,4/18/2010,21:17:00,366.3,2,6.31,390,2,6.07,1018.3,15.6,100.53,14.866,32.975,368.6,392.4,363.1,386.5,-23.5,364.4,387.9,-23.5
CCE1_122W_33N,33.43,-122.48,4/19/2010,0:17:00,366.7,2,6.38,390.4,2,6.14,1016.7,15.8,100.53,14.857,32.977,369,392.8,362.9,386.3,-23.4,364.2,387.7,-23.5
CCE1_122W_33N,33.43,-122.48,4/19/2010,3:17:00,364.9,2,6.14,390.3,2,5.89,1016.9,15.6,100.53,14.888,32.978,367.2,392.7,361.2,386.2,-25.1,362.5,387.7,-25.2
CCE1_122W_33N,33.43,-122.48,4/19/2010,6:17:00,363.4,2,6.09,390.4,2,6.02,1017.1,15.5,100.48,14.807,32.993,365.6,392.8,359.7,386.5,-26.8,361,387.9,-26.9
CCE1_122W_33N,33.43,-122.48,4/19/2010,9:17:00,365.5,2,6.25,390.2,2,6.18,1018.1,15.5,100.44,14.89,33.024,367.8,392.6,362.2,386.7,-24.4,363.5,388,-24.5
CCE1_122W_33N,33.43,-122.48,4/19/2010,12:17:00,364.1,2,6.29,390.2,2,6.05,1017,15.6,100.29,14.903,33.036,366.4,392.6,360.4,386.2,-25.7,361.7,387.6,-25.9
CCE1_122W_33N,33.43,-122.48,4/19/2010,15:17:00,361.8,2,6.49,390,2,6.25,1018.7,15.7,100.24,14.834,33.045,364.2,392.4,358.9,386.7,-27.8,360.2,388.1,-27.9
CCE1_122W_33N,33.43,-122.48,4/19/2010,18:17:00,375.9,2,6.77,389.8,2,6.52,1020,16.4,100.29,15.242,33.149,378.5,392.4,373.3,387,-13.7,374.7,388.4,-13.8
CCE1_122W_33N,33.43,-122.48,4/19/2010,21:17:00,392.1,2,7.13,389.6,2,6.87,1019.8,17.2,100.34,15.582,33.534,394.9,392.2,389.3,386.7,2.6,390.7,388,2.7
CCE1_122W_33N,33.43,-122.48,4/20/2010,0:17:00,388.2,2,7.49,389.4,2,7.21,1018.9,18,100.39,16.872,33.075,391.1,392.2,384.7,385.7,-1,386,387.1,-1.1
CCE1_122W_33N,33.43,-122.48,4/20/2010,3:17:00,378.3,2,7.14,389.3,2,6.86,1019,17.7,100.39,16.072,33.052,381,392,375.1,385.9,-10.8,376.4,387.3,-10.9
CCE1_122W_33N,33.43,-122.48,4/20/2010,6:17:00,375.9,2,6.81,389.4,2,6.73,1019.6,16.9,100.34,15.816,33.063,378.4,392.1,372.9,386.3,-13.4,374.2,387.7,-13.5
CCE1_122W_33N,33.43,-122.48,4/20/2010,9:17:00,373.4,2,6.9,389.6,2,6.83,1017.8,16.6,100.34,15.541,33.061,376,392.3,369.9,386,-16.1,371.3,387.4,-16.1
CCE1_122W_33N,33.43,-122.48,4/20/2010,12:17:00,367.6,2,6.15,390.6,2,5.88,1018.2,16.1,100.34,15.18,33.05,369.8,392.9,364.1,386.9,-22.7,365.4,388.3,-22.8
CCE1_122W_33N,33.43,-122.48,4/20/2010,15:17:00,366.7,2,6.2,390.9,2,6.14,1019.8,15.4,100.24,15.117,33.05,368.9,393.3,363.9,387.9,-24,365.1,389.3,-24.2
CCE1_122W_33N,33.43,-122.48,4/20/2010,18:17:00,364.7,2,6.52,390.9,2,6.28,1021.2,15.3,100.29,15.065,33.055,367.1,393.4,362.6,388.5,-25.9,363.9,390,-26.1
CCE1_122W_33N,33.43,-122.48,4/20/2010,21:17:00,364.9,2,6.22,391.7,2,5.99,1021.9,15,100.29,15.1,33.05,367.2,394.1,362.9,389.5,-26.6,364.2,390.9,-26.7
CCE1_122W_33N,33.43,-122.48,4/21/2010,0:17:00,364.1,2,6.16,391.7,2,5.93,1021.4,14.8,100.29,15.072,33.049,366.3,394,361.9,389.2,-27.4,363.2,390.6,-27.5
CCE1_122W_33N,33.43,-122.48,4/21/2010,3:17:00,361.6,2,5.61,392,2,5.55,1021.6,14.7,100.34,14.93,33.047,363.7,394.2,359.4,389.5,-30.2,360.7,391,-30.2
CCE1_122W_33N,33.43,-122.48,4/21/2010,6:17:00,361.2,2,5.72,392.2,2,5.49,1021.7,14.5,100.24,14.864,33.051,363.3,394.4,359.1,389.8,-30.7,360.4,391.2,-30.9
CCE1_122W_33N,33.43,-122.48,4/21/2010,9:17:00,360.8,2,5.86,391.5,2,5.63,1020.8,14.5,100.29,14.796,33.049,363,393.7,358.4,388.8,-30.4,359.8,390.2,-30.4
CCE1_122W_33N,33.43,-122.48,4/21/2010,12:17:00,360.3,2,5.66,392,2,5.6,1020.1,14.3,100.34,14.744,33.044,362.3,394.2,357.6,389,-31.4,358.9,390.5,-31.6
CCE1_122W_33N,33.43,-122.48,4/21/2010,15:17:00,358.2,2,5.53,392,2,5.47,1021,14.5,100.29,14.6,33.033,360.2,394.1,355.9,389.4,-33.5,357.2,390.8,-33.6
CCE1_122W_33N,33.43,-122.48,4/21/2010,18:17:00,356.6,2,5.57,392.4,2,5.51,1021.5,14.6,100.29,14.496,33.026,358.6,394.5,354.5,390,-35.5,355.8,391.4,-35.6
CCE1_122W_33N,33.43,-122.48,4/21/2010,21:17:00,356.9,2,5.82,392.4,2,5.76,1020.2,14.3,100.24,14.498,33.029,358.9,394.6,354.4,389.6,-35.2,355.6,391,-35.4
CCE1_122W_33N,33.43,-122.48,4/22/2010,0:17:00,357.3,2,5.65,391.6,2,5.59,1018.3,14.3,100.34,14.528,33.03,359.3,393.8,354,388,-34,355.3,389.5,-34.1
CCE1_122W_33N,33.43,-122.48,4/22/2010,3:17:00,357,2,5.34,391.7,2,5.27,1017.5,14.3,100.44,14.484,33.029,358.9,393.8,353.4,387.7,-34.3,354.7,389.2,-34.5
CCE1_122W_33N,33.43,-122.48,4/22/2010,6:17:00,357.3,2,5.51,391.9,2,5.45,1016.6,14.3,100.34,14.442,33.039,359.3,394.1,353.4,387.7,-34.3,354.8,389.1,-34.4
CCE1_122W_33N,33.43,-122.48,4/22/2010,9:17:00,357,2,5.51,391.7,2,5.44,1016.1,14.3,100.29,14.402,33.066,359,393.8,353,387.2,-34.2,354.3,388.7,-34.3
CCE1_122W_33N,33.43,-122.48,4/22/2010,12:17:00,356.9,2,5.68,390.9,2,5.61,1015.4,14.3,100.24,14.331,33.056,359,393.1,352.8,386.3,-33.6,354.1,387.7,-33.6
CCE1_122W_33N,33.43,-122.48,4/22/2010,15:17:00,356.7,2,5.64,391.2,2,5.58,1016.6,14.2,100.29,14.293,33.048,358.7,393.4,352.9,387,-34.1,354.2,388.5,-34.3
CCE1_122W_33N,33.43,-122.48,4/22/2010,18:17:00,355.2,2,5.82,390.6,2,5.6,1016.2,14.3,100.24,14.266,33.041,357.3,392.8,351.4,386.3,-34.9,352.7,387.8,-35
CCE1_122W_33N,33.43,-122.48,4/22/2010,21:17:00,355.2,2,5.87,390.9,2,5.81,1015.4,14.4,100.29,14.248,33.033,357.3,393.2,351.1,386.4,-35.3,352.4,387.8,-35.4
CCE1_122W_33N,33.43,-122.48,4/23/2010,0:17:00,355.2,2,5.88,390.7,2,5.82,1015.9,14.4,100.34,14.267,33.039,357.3,393,351.3,386.4,-35.1,352.6,387.8,-35.2
CCE1_122W_33N,33.43,-122.48,4/23/2010,3:17:00,355.1,2,5.9,391,2,5.84,1016.8,14.5,100.34,14.283,33.046,357.2,393.3,351.5,387.1,-35.5,352.8,388.5,-35.7
CCE1_122W_33N,33.43,-122.48,4/23/2010,6:17:00,355.5,2,5.9,390.9,2,5.84,1018.4,14.5,100.29,14.296,33.039,357.6,393.2,352.4,387.5,-35.1,353.8,389,-35.2
CCE1_122W_33N,33.43,-122.48,4/23/2010,9:17:00,356.3,2,5.9,390.4,2,5.84,1018.6,14.5,100.29,14.348,33.05,358.5,392.7,353.4,387.1,-33.8,354.7,388.6,-33.8
CCE1_122W_33N,33.43,-122.48,4/23/2010,12:17:00,356.4,2,5.88,390,2,5.81,1019.7,14.5,100.24,14.346,33.054,358.5,392.3,353.9,387.1,-33.3,355.1,388.6,-33.5
CCE1_122W_33N,33.43,-122.48,4/23/2010,15:17:00,355.5,2,5.85,389.6,2,5.79,1021.5,14.4,100.24,14.318,33.053,357.6,391.9,353.6,387.5,-33.9,354.9,388.9,-34
CCE1_122W_33N,33.43,-122.48,4/23/2010,18:17:00,353.8,2,6.05,389.2,2,5.83,1023.3,14.6,100.19,14.263,33.042,355.9,391.5,352.5,387.8,-35.3,353.8,389.2,-35.4
CCE1_122W_33N,33.43,-122.48,4/23/2010,21:17:00,353.6,2,6.13,389.1,2,5.9,1023.3,14.8,100.19,14.271,33.027,355.8,391.4,352.4,387.7,-35.3,353.7,389.1,-35.4
CCE1_122W_33N,33.43,-122.48,4/24/2010,0:17:00,354,2,6.01,389.2,2,5.94,1023.2,14.9,100.19,14.364,33.041,356.1,391.6,352.6,387.8,-35.1,354,389.2,-35.3
CCE1_122W_33N,33.43,-122.48,4/24/2010,3:17:00,354.6,2,5.95,389.1,2,5.89,1024.1,14.8,100.14,14.403,33.057,356.7,391.4,353.6,388,-34.4,354.9,389.4,-34.5
CCE1_122W_33N,33.43,-122.48,4/24/2010,6:17:00,354.4,2,5.89,388.4,2,5.83,1025.3,14.6,100.14,14.392,33.058,356.5,390.7,353.8,387.7,-33.9,355.1,389.1,-34.1
CCE1_122W_33N,33.43,-122.48,4/24/2010,9:17:00,353.1,2,5.87,388.9,2,5.8,1024.8,14.5,100.1,14.374,33.055,355.2,391.2,352.3,388,-35.7,353.6,389.5,-35.8
CCE1_122W_33N,33.43,-122.48,4/24/2010,12:17:00,355.1,2,6,390.5,2,5.78,1024.7,14.5,100.1,14.376,33.058,357.2,392.7,354.3,389.5,-35.2,355.6,390.9,-35.3
CCE1_122W_33N,33.43,-122.48,4/24/2010,15:17:00,354.3,2,5.98,389.7,2,5.93,1026.6,14.4,100,14.38,33.057,356.4,392.1,354.1,389.6,-35.5,355.4,391,-35.6
CCE1_122W_33N,33.43,-122.48,4/24/2010,18:17:00,354.2,2,6.07,389.7,2,5.85,1027.8,14.7,100,14.429,33.065,356.4,392,354.5,389.9,-35.5,355.8,391.4,-35.5
CCE1_122W_33N,33.43,-122.48,4/24/2010,21:17:00,354,2,6,389.1,2,5.93,1027.4,14.9,100.05,14.465,33.056,356.1,391.5,354.1,389.2,-35.2,355.4,390.7,-35.3
CCE1_122W_33N,33.43,-122.48,4/25/2010,0:17:00,353.2,2,6.2,389.6,2,5.96,1025.4,15,100.1,14.377,33.04,355.4,392,352.8,389,-36.2,354,390.5,-36.5
CCE1_122W_33N,33.43,-122.48,4/25/2010,3:17:00,352.5,2,5.84,390.2,2,5.78,1025,14.9,100.19,14.276,33.026,354.6,392.5,351.8,389.4,-37.6,353.1,390.9,-37.7
CCE1_122W_33N,33.43,-122.48,4/25/2010,6:17:00,352.4,2,5.92,390.4,2,5.86,1025.2,14.7,100.14,14.253,33.028,354.4,392.7,351.8,389.7,-38,353,391.2,-38.1
CCE1_122W_33N,33.43,-122.48,4/25/2010,9:17:00,353.2,2,6.07,390.7,2,5.84,1023.7,14.6,100.14,14.24,33.031,355.4,393,352.1,389.5,-37.3,353.5,390.9,-37.4
CCE1_122W_33N,33.43,-122.48,4/25/2010,12:17:00,354,2,6.03,390.9,2,5.8,1023,14.5,100.19,14.225,33.034,356.1,393.2,352.6,389.4,-36.7,353.9,390.8,-36.9
CCE1_122W_33N,33.43,-122.48,4/25/2010,15:17:00,352.6,2,6.06,390.3,2,6.01,1024.1,14.6,100.19,14.228,33.037,354.8,392.7,351.7,389.3,-37.6,353,390.7,-37.7
CCE1_122W_33N,33.43,-122.48,4/25/2010,18:17:00,353.2,2,6.02,390.2,2,5.96,1024.8,15,100.24,14.292,33.039,355.3,392.5,352.5,389.3,-36.9,353.7,390.8,-37
CCE1_122W_33N,33.43,-122.48,4/25/2010,21:17:00,353.4,2,6.21,390.4,2,5.98,1023.5,15,100.24,14.257,33,355.6,392.8,352.3,389.1,-36.8,353.6,390.6,-37
CCE1_122W_33N,33.43,-122.48,4/26/2010,0:17:00,354.3,2,6.23,390.3,2,6.17,1021.4,15,100.29,14.257,32.994,356.6,392.8,352.5,388.3,-35.8,353.9,389.8,-35.9
CCE1_122W_33N,33.43,-122.48,4/26/2010,3:17:00,353.7,2,5.91,390.3,2,5.85,1020.4,15.1,100.39,14.213,32.998,355.8,392.6,351.5,387.8,-36.3,352.7,389.2,-36.5
CCE1_122W_33N,33.43,-122.48,4/26/2010,6:17:00,352.8,2,6,390.4,2,5.94,1021.5,14.9,100.39,14.158,32.995,354.9,392.8,351,388.4,-37.4,352.2,389.9,-37.6
CCE1_122W_33N,33.43,-122.48,4/26/2010,9:17:00,353.4,2,6.13,390.5,2,5.9,1020.8,14.8,100.34,14.129,32.993,355.6,392.8,351.4,388.2,-36.8,352.7,389.6,-36.9
CCE1_122W_33N,33.43,-122.48,4/26/2010,12:17:00,352.5,2,6.1,390.3,2,5.87,1019.7,14.6,100.39,14.051,32.982,354.7,392.6,350.2,387.6,-37.4,351.4,389,-37.6
CCE1_122W_33N,33.43,-122.48,4/26/2010,15:17:00,352.5,2,6.11,390.4,2,6.05,1020.2,14.7,100.39,14.062,32.987,354.6,392.8,350.3,388,-37.7,351.5,389.4,-37.9
CCE1_122W_33N,33.43,-122.48,4/26/2010,18:17:00,352.1,2,6.01,390.3,2,5.95,1020.8,14.9,100.39,14.079,32.981,354.2,392.6,350,388,-38,351.3,389.4,-38.1
CCE1_122W_33N,33.43,-122.48,4/26/2010,21:17:00,353.7,2,6.19,390.7,2,6.13,1020.4,14.9,100.44,14.202,32.976,355.9,393.1,351.6,388.3,-36.7,352.8,389.7,-36.9
CCE1_122W_33N,33.43,-122.48,4/27/2010,0:17:00,356.3,2,6.42,390.6,2,6.19,1019,15,100.49,14.294,32.979,358.6,393,353.7,387.6,-33.9,355,389,-34.1
CCE1_122W_33N,33.43,-122.48,4/27/2010,3:17:00,354.3,2,5.91,390.9,2,5.84,1019.4,15,100.54,14.175,32.978,356.4,393.2,351.7,388,-36.3,353,389.4,-36.4
CCE1_122W_33N,33.43,-122.48,4/27/2010,6:17:00,353.2,2,5.96,389.7,2,5.89,1020.7,14.7,100.54,14.133,32.978,355.3,392,351,387.3,-36.3,352.4,388.8,-36.4
CCE1_122W_33N,33.43,-122.48,4/27/2010,9:17:00,353.4,2,5.92,389.2,2,5.86,1019.4,14.6,100.54,14.119,32.98,355.5,391.4,350.9,386.3,-35.4,352.1,387.7,-35.6
CCE1_122W_33N,33.43,-122.48,4/27/2010,12:17:00,353.5,2,6.13,389.4,2,5.9,1019.1,14.7,100.49,14.13,32.982,355.7,391.7,350.9,386.4,-35.5,352.2,387.8,-35.6
CCE1_122W_33N,33.43,-122.48,4/27/2010,15:17:00,353.3,2,6.15,389.3,2,6.1,1019.9,14.8,100.49,14.128,32.981,355.5,391.7,351,386.7,-35.7,352.3,388.2,-35.9
CCE1_122W_33N,33.43,-122.48,4/27/2010,18:17:00,353.3,2,6.49,389.4,2,6.43,1021.3,15.3,100.44,14.201,32.977,355.6,391.9,351.6,387.4,-35.8,352.8,388.9,-36
CCE1_122W_33N,33.43,-122.48,4/27/2010,21:17:00,355.6,2,6.62,389.6,2,6.39,1020.7,15.6,100.54,14.337,32.976,357.9,392.1,353.6,387.4,-33.8,354.9,388.8,-33.9
CCE1_122W_33N,33.43,-122.48,4/28/2010,0:17:00,355.4,2,6.67,389.5,2,6.43,1019.7,15.7,100.54,14.335,32.972,357.7,392.1,353.1,386.9,-33.9,354.3,388.4,-34.1
CCE1_122W_33N,33.43,-122.48,4/28/2010,3:17:00,356.3,2,6.31,389.6,2,6.24,1020.2,15.7,100.54,14.296,32.98,358.6,392.1,354.1,387.2,-33.1,355.4,388.6,-33.2
CCE1_122W_33N,33.43,-122.48,4/28/2010,6:17:00,355.4,2,6.17,389.7,2,6.11,1021.7,15.3,100.44,14.239,32.979,357.6,392.1,353.6,387.7,-34.1,355,389.2,-34.2
CCE1_122W_33N,33.43,-122.48,4/28/2010,9:17:00,354.1,2,6.06,390.5,2,6,1021.8,15,100.44,14.219,32.98,356.3,392.9,352.4,388.6,-36.2,353.7,390,-36.3
CCE1_122W_33N,33.43,-122.48,4/28/2010,12:17:00,352.8,2,6.15,391.3,2,5.92,1022,14.8,100.44,14.154,32.976,355,393.6,351.2,389.4,-38.2,352.5,390.8,-38.3
CCE1_122W_33N,33.43,-122.48,4/28/2010,15:17:00,353.2,2,6.25,391.2,2,6.02,1022.9,14.7,100.39,14.138,32.973,355.4,393.6,352,389.7,-37.8,353.2,391.2,-38
CCE1_122W_33N,33.43,-122.48,4/28/2010,18:17:00,353.9,2,6.25,391,2,6.03,1023.7,14.7,100.34,14.197,32.972,356.1,393.4,352.9,389.8,-36.9,354.2,391.3,-37.1
CCE1_122W_33N,33.43,-122.48,4/28/2010,21:17:00,355.2,2,6.25,391.3,2,6.02,1023.3,14.7,100.44,14.301,32.971,357.5,393.7,354,390,-35.9,355.4,391.4,-36
CCE1_122W_33N,33.43,-122.48,4/29/2010,0:17:00,354.8,2,6.09,391.2,2,6.03,1022.1,14.7,100.49,14.264,32.969,357,393.6,353.1,389.4,-36.2,354.5,390.8,-36.3
CCE1_122W_33N,33.43,-122.48,4/29/2010,3:17:00,354.4,2,5.88,391.6,2,5.82,1022.3,14.5,100.44,14.206,32.969,356.5,393.8,352.8,389.7,-37,354.1,391.1,-37
CCE1_122W_33N,33.43,-122.48,4/29/2010,6:17:00,353.5,2,5.96,391.5,2,5.74,1023.5,14.3,100.44,14.164,32.97,355.6,393.8,352.3,390.1,-37.8,353.6,391.6,-38
CCE1_122W_33N,33.43,-122.48,4/29/2010,9:17:00,352.6,2,5.71,391.8,2,5.49,1024,14.1,100.44,14.124,32.973,354.6,394,351.5,390.6,-39.1,352.8,392,-39.2
CCE1_122W_33N,33.43,-122.48,4/29/2010,12:17:00,351.8,2,5.7,391.2,2,5.48,1024.3,14.1,100.39,14.104,32.983,353.8,393.4,350.8,390.1,-39.3,352.1,391.6,-39.4
CCE1_122W_33N,33.43,-122.48,4/29/2010,15:17:00,351,2,5.53,391.4,2,5.47,1025.9,14,100.39,14.093,32.987,353,393.5,350.6,390.9,-40.3,351.9,392.3,-40.4
CCE1_122W_33N,33.43,-122.48,4/29/2010,18:17:00,351.2,2,5.83,391.5,2,5.62,1026.9,14,100.34,14.129,32.992,353.2,393.7,351.1,391.4,-40.3,352.4,392.9,-40.4
CCE1_122W_33N,33.43,-122.48,4/29/2010,21:17:00,352,2,5.99,391.4,2,5.77,1026.5,14,100.29,14.193,32.995,354.1,393.7,351.9,391.2,-39.3,353.2,392.7,-39.5
CCE1_122W_33N,33.43,-122.48,4/30/2010,0:17:00,351.8,2,5.61,391.6,2,5.71,1025.6,14.3,100.39,14.213,33,353.8,393.9,351.3,391,-39.8,352.6,392.5,-40
CCE1_122W_33N,33.43,-122.48,4/30/2010,3:17:00,352.3,2,5.62,391.4,2,5.56,1025.3,14.3,100.34,14.207,33.007,354.3,393.6,351.6,390.6,-39,353,392.1,-39.2
CCE1_122W_33N,33.43,-122.48,4/30/2010,6:17:00,352.5,2,5.72,391.1,2,5.66,1025.6,14.1,100.24,14.181,33.009,354.5,393.3,352,390.5,-38.5,353.3,391.9,-38.7
CCE1_122W_33N,33.43,-122.48,4/30/2010,9:17:00,352.9,2,5.54,391.6,2,5.47,1025.3,14.1,100.29,14.129,33.006,354.9,393.7,352.2,390.8,-38.6,353.6,392.2,-38.7
CCE1_122W_33N,33.43,-122.48,4/30/2010,12:17:00,352.6,2,5.54,391.4,2,5.48,1024.2,14,100.15,14.089,33.003,354.6,393.6,351.6,390.3,-38.7,352.9,391.7,-38.8
CCE1_122W_33N,33.43,-122.48,4/30/2010,15:17:00,352.6,2,5.55,391.3,2,5.49,1025.2,14.1,100.15,14.075,33.004,354.5,393.5,351.9,390.6,-38.7,353.2,392,-38.9
CCE1_122W_33N,33.43,-122.48,4/30/2010,18:17:00,352.7,2,5.68,390.8,2,5.62,1025.4,14,100.15,14.086,33.006,354.8,393.1,352.2,390.2,-38,353.5,391.7,-38.2
CCE1_122W_33N,33.43,-122.48,4/30/2010,21:17:00,352.9,2,6.03,390.5,2,5.81,1024.7,14.1,100.15,14.127,33.009,355,392.8,352.2,389.6,-37.4,353.5,391.1,-37.6
CCE1_122W_33N,33.43,-122.48,5/1/2010,0:17:00,353.8,2,5.97,390.7,2,5.92,1023.5,14.4,100.19,14.148,33.014,355.9,393,352.6,389.4,-36.8,353.9,390.8,-36.9
CCE1_122W_33N,33.43,-122.48,5/1/2010,3:17:00,354.3,2,5.7,391.3,2,5.64,1022.8,14.5,100.15,14.177,33.024,356.3,393.5,352.8,389.6,-36.8,354.1,391,-37
CCE1_122W_33N,33.43,-122.48,5/1/2010,6:17:00,354,2,5.67,390.8,2,5.77,1023.3,14.4,100.15,14.177,33.034,356,393.1,352.6,389.4,-36.8,354,390.8,-36.9
CCE1_122W_33N,33.43,-122.48,5/1/2010,9:17:00,354.2,2,5.79,391,2,5.73,1022.7,14.3,100.15,14.133,33.028,356.3,393.3,352.7,389.3,-36.6,354.1,390.8,-36.8
CCE1_122W_33N,33.43,-122.48,5/1/2010,12:17:00,354.5,2,5.81,391,2,5.75,1022.1,14.3,100.1,14.087,33.018,356.5,393.3,352.8,389.1,-36.3,354.1,390.6,-36.5
CCE1_122W_33N,33.43,-122.48,5/1/2010,15:17:00,354.3,2,5.97,390.4,2,5.91,1023.6,14.4,100.05,14.069,33.015,356.4,392.7,353.2,389.2,-36,354.5,390.6,-36.1
CCE1_122W_33N,33.43,-122.48,5/1/2010,18:17:00,354.3,2,6.02,390.2,2,5.96,1023.9,14.5,100.05,14.128,33.026,356.5,392.5,353.4,389.1,-35.7,354.7,390.5,-35.8
CCE1_122W_33N,33.43,-122.48,5/1/2010,21:17:00,354.8,2,6.22,389.7,2,6.17,1022.8,14.6,100.05,14.14,33.022,357.1,392.1,353.5,388.3,-34.8,354.9,389.7,-34.8
CCE1_122W_33N,33.43,-122.48,5/2/2010,0:17:00,355,2,6.19,388.9,2,6.14,1021.2,14.9,100.1,14.111,33.003,357.2,391.3,353.2,386.9,-33.7,354.4,388.3,-33.8
CCE1_122W_33N,33.43,-122.48,5/2/2010,3:17:00,354.1,2,6.05,388.7,2,5.98,1020.3,15,100.15,14.026,32.988,356.2,391,351.9,386.3,-34.4,353.2,387.7,-34.5
CCE1_122W_33N,33.43,-122.48,5/2/2010,6:17:00,354,2,5.96,389,2,5.9,1020.5,14.7,100.15,13.985,32.988,356.1,391.3,351.8,386.7,-34.8,353.1,388,-34.9
CCE1_122W_33N,33.43,-122.48,5/2/2010,9:17:00,354.4,2,5.9,389.8,2,5.83,1020,14.5,100.1,13.981,32.993,356.5,392.1,352,387.2,-35.2,353.4,388.6,-35.3
CCE1_122W_33N,33.43,-122.48,5/2/2010,12:17:00,354.8,2,5.87,390.1,2,5.81,1019.6,14.5,100.15,13.987,32.998,356.9,392.3,352.3,387.3,-35,353.6,388.7,-35.1
CCE1_122W_33N,33.43,-122.48,5/2/2010,15:17:00,353.8,2,6.01,390.2,2,5.95,1021.8,14.4,100.15,13.972,32.997,355.9,392.6,352.1,388.4,-36.2,353.4,389.8,-36.4
CCE1_122W_33N,33.43,-122.48,5/2/2010,18:17:00,354.2,2,6.03,389.7,2,5.97,1022.7,14.5,100.1,13.993,32.995,356.3,392,352.8,388.2,-35.3,354.1,389.6,-35.5
CCE1_122W_33N,33.43,-122.48,5/2/2010,21:17:00,355,2,6.23,389.9,2,6.17,1023,14.6,100.15,14.049,32.996,357.2,392.4,353.8,388.6,-34.9,355.1,390.1,-35
CCE1_122W_33N,33.43,-122.48,5/3/2010,0:17:00,355,2,6.28,389.7,2,6.23,1022.2,14.7,100.1,14.113,33.003,357.3,392.2,353.5,388.1,-34.5,354.9,389.5,-34.7
CCE1_122W_33N,33.43,-122.48,5/3/2010,3:17:00,354.8,2,5.97,390,2,5.91,1022.4,14.8,100.15,14.095,33.009,356.9,392.3,353.3,388.3,-35,354.6,389.7,-35.2
CCE1_122W_33N,33.43,-122.48,5/3/2010,6:17:00,354.5,2,6.09,390.3,2,6.03,1023.6,14.7,100.1,14.054,33.005,356.7,392.6,353.5,389.1,-35.6,354.8,390.5,-35.7
CCE1_122W_33N,33.43,-122.48,5/3/2010,9:17:00,354.9,2,6.05,390.2,2,5.99,1023.5,14.6,100.1,14.033,33,357,392.6,353.8,389,-35.2,355.1,390.5,-35.4
CCE1_122W_33N,33.43,-122.48,5/3/2010,12:17:00,354.4,2,6.04,390.4,2,5.98,1024.4,14.6,100.05,14.023,33,356.6,392.8,353.7,389.6,-35.9,355,391,-36
CCE1_122W_33N,33.43,-122.48,5/3/2010,15:17:00,353.9,2,6.23,390.7,2,6.17,1026.3,14.7,100.05,14.021,32.999,356.1,393.1,353.9,390.6,-36.7,355.2,392.1,-36.9
CCE1_122W_33N,33.43,-122.48,5/3/2010,18:17:00,354.3,2,6.16,390.7,2,6.1,1028.5,15,100,14.102,32.999,356.5,393.1,355,391.4,-36.4,356.3,392.9,-36.6
CCE1_122W_33N,33.43,-122.48,5/3/2010,21:17:00,359,2,6.21,390.9,2,6.15,1028,15.1,100.1,14.391,32.995,361.3,393.3,359.4,391.3,-31.9,360.8,392.8,-32
CCE1_122W_33N,33.43,-122.48,5/4/2010,0:17:00,358.8,2,6.43,390.7,2,6.38,1027.4,15.2,100.1,14.408,32.999,361.1,393.2,359.1,391,-31.9,360.4,392.4,-32
CCE1_122W_33N,33.43,-122.48,5/4/2010,3:17:00,356.7,2,6.09,390.4,2,6.02,1027.4,15.2,100.05,14.323,33.005,358.9,392.7,356.9,390.6,-33.6,358.2,392,-33.7
CCE1_122W_33N,33.43,-122.48,5/4/2010,6:17:00,356.7,2,6.16,389.5,2,6.1,1028,14.9,100.05,14.321,33.024,358.9,391.9,357.2,389.9,-32.8,358.5,391.4,-33
CCE1_122W_33N,33.43,-122.48,5/4/2010,9:17:00,356.6,2,6.14,389.1,2,6.08,1027.4,14.9,100.05,14.281,33.023,358.8,391.5,356.8,389.4,-32.5,358.2,390.8,-32.6
CCE1_122W_33N,33.43,-122.48,5/4/2010,12:17:00,356.4,2,5.96,389.2,2,5.9,1026,14.8,100,14.244,33.021,358.5,391.5,356.1,388.8,-32.7,357.4,390.3,-32.9
CCE1_122W_33N,33.43,-122.48,5/4/2010,15:17:00,355.8,2,6.07,390,2,6.01,1026.7,14.7,100,14.243,33.024,357.9,392.3,355.7,389.9,-34.2,357,391.3,-34.3
CCE1_122W_33N,33.43,-122.48,5/4/2010,18:17:00,355.7,2,6.13,390.6,2,6.07,1026.7,14.8,100,14.297,33.032,357.9,392.9,355.7,390.5,-34.8,357,391.9,-34.9
CCE1_122W_33N,33.43,-122.48,5/4/2010,21:17:00,357.5,2,6.28,390.1,2,6.22,1025.1,14.8,100.05,14.363,33.032,359.7,392.6,356.9,389.5,-32.6,358.2,391,-32.8
CCE1_122W_33N,33.43,-122.48,5/5/2010,0:17:00,357.8,2,6.31,390.6,2,6.25,1023.6,14.8,100.1,14.361,33.028,360,393,356.7,389.4,-32.7,358,390.8,-32.8
CCE1_122W_33N,33.43,-122.48,5/5/2010,3:17:00,356.9,2,6,390.5,2,5.94,1022.8,14.9,100.1,14.247,33.009,359.1,392.8,355.5,388.9,-33.4,356.8,390.3,-33.5
CCE1_122W_33N,33.43,-122.48,5/5/2010,6:17:00,356.4,2,6.08,390.8,2,6.02,1023.4,14.7,100.1,14.139,32.993,358.5,393.1,355.2,389.5,-34.3,356.5,390.9,-34.4
CCE1_122W_33N,33.43,-122.48,5/5/2010,9:17:00,356.3,2,6.01,390.7,2,5.95,1023.3,14.5,100.15,14.13,32.996,358.5,393.1,355.1,389.4,-34.3,356.5,390.9,-34.4
CCE1_122W_33N,33.43,-122.48,5/5/2010,12:17:00,356,2,6.12,390.4,2,6.07,1023.2,14.3,100.1,14.121,33.003,358.2,392.8,354.8,389.1,-34.3,356.1,390.5,-34.4
CCE1_122W_33N,33.43,-122.48,5/5/2010,15:17:00,355.9,2,5.99,390.8,2,5.93,1024.3,14.4,100.05,14.08,32.992,358,393.1,355.1,389.8,-34.8,356.3,391.3,-34.9
CCE1_122W_33N,33.43,-122.48,5/5/2010,18:17:00,355.2,2,5.9,390.7,2,5.84,1024.8,14.6,100.1,14.082,32.985,357.3,393,354.5,389.9,-35.4,355.8,391.4,-35.6
CCE1_122W_33N,33.43,-122.48,5/5/2010,21:17:00,355.5,2,5.88,391,2,5.82,1024.6,14.6,100.05,14.092,32.982,357.6,393.3,354.8,390.1,-35.4,356,391.6,-35.5
CCE1_122W_33N,33.43,-122.48,5/6/2010,0:17:00,356.2,2,5.99,391.3,2,5.93,1023.7,14.4,100.05,14.096,32.983,358.3,393.7,355.1,390.1,-35,356.4,391.6,-35.2
CCE1_122W_33N,33.43,-122.48,5/6/2010,3:17:00,381.3,4,5.82,390.8,2,5.76,1023.6,14.4,100.1,14.072,32.985,383.5,393,380,389.5,-9.4,381.5,390.9,-9.4
CCE1_122W_33N,33.43,-122.48,5/6/2010,6:17:00,355.8,2,5.95,390.7,2,5.89,1024.7,14.3,99.95,14.046,32.985,357.9,393,355.1,389.9,-34.8,356.4,391.3,-35
CCE1_122W_33N,33.43,-122.48,5/6/2010,9:17:00,356.3,2,5.91,391,2,5.69,1023.8,14.2,100,14.023,32.985,358.4,393.3,355.3,389.8,-34.5,356.6,391.3,-34.7
CCE1_122W_33N,33.43,-122.48,5/6/2010,12:17:00,356.4,2,5.87,390.8,2,5.82,1023,14.1,100,13.996,32.984,358.5,393.1,355,389.4,-34.3,356.4,390.8,-34.4
CCE1_122W_33N,33.43,-122.48,5/6/2010,15:17:00,356,2,6.04,390.4,2,5.99,1023.7,14.1,99.95,14.003,32.984,358.1,392.7,355,389.3,-34.3,356.2,390.7,-34.4
CCE1_122W_33N,33.43,-122.48,5/6/2010,18:17:00,355.8,2,6,389.9,2,5.94,1024.7,14.5,99.95,14.024,32.985,358,392.3,355.2,389.2,-34,356.5,390.7,-34.2
CCE1_122W_33N,33.43,-122.48,5/6/2010,21:17:00,356.5,2,6.05,389.4,2,5.99,1023.9,14.6,100,14.103,32.992,358.7,391.7,355.6,388.3,-32.7,356.9,389.7,-32.8
CCE1_122W_33N,33.43,-122.48,5/7/2010,0:17:00,356.6,2,6.24,389,2,6.18,1022.8,14.6,100.05,14.133,32.998,358.8,391.4,355.3,387.6,-32.3,356.6,389,-32.4
CCE1_122W_33N,33.43,-122.48,5/7/2010,3:17:00,356.2,2,6.07,389.2,2,6.01,1022.6,14.6,100.05,14.094,33,358.4,391.5,354.8,387.6,-32.8,356.1,389,-32.9
CCE1_122W_33N,33.43,-122.48,5/7/2010,6:17:00,356.1,2,6,389.3,2,5.95,1023.2,14.4,100.05,14.074,33.001,358.2,391.6,354.9,387.9,-33.1,356.1,389.4,-33.2
CCE1_122W_33N,33.43,-122.48,5/7/2010,9:17:00,357.3,2,6,389.8,2,5.94,1022.7,14.4,100,14.066,33.002,359.5,392.1,355.9,388.3,-32.3,357.3,389.7,-32.4
CCE1_122W_33N,33.43,-122.48,5/7/2010,12:17:00,357.4,2,6.12,389.9,2,6.06,1022.5,14.3,100,14.055,33.002,359.6,392.2,356,388.3,-32.3,357.3,389.7,-32.4
CCE1_122W_33N,33.43,-122.48,5/7/2010,15:17:00,356.9,2,6.14,389.8,2,6.09,1023.2,14.4,100,14.048,33.001,359.1,392.2,355.7,388.5,-32.8,357.1,390,-32.9
CCE1_122W_33N,33.43,-122.48,5/7/2010,18:17:00,356.8,2,5.88,390.1,2,5.98,1024.2,14.6,100,14.078,33.001,358.9,392.5,355.9,389.2,-33.3,357.2,390.6,-33.4
CCE1_122W_33N,33.43,-122.48,5/7/2010,21:17:00,357.7,2,6.21,390,2,6.15,1023.9,14.6,99.95,14.139,33.006,359.9,392.4,356.8,388.9,-32.2,358.1,390.4,-32.3
CCE1_122W_33N,33.43,-122.48,5/8/2010,0:17:00,357.2,2,6.37,389.9,2,6.32,1023.1,14.6,100.05,14.119,33.005,359.5,392.3,356,388.6,-32.6,357.4,390,-32.6
CCE1_122W_33N,33.43,-122.48,5/8/2010,3:17:00,356.7,2,6.12,389.9,2,6.06,1023.1,14.7,100.05,14.092,33.002,358.9,392.3,355.5,388.6,-33,356.8,390,-33.2
CCE1_122W_33N,33.43,-122.48,5/8/2010,6:17:00,357,2,5.94,390.1,2,5.88,1023.6,14.7,100.05,14.068,33.001,359.1,392.4,355.9,388.8,-32.9,357.2,390.3,-33.1
CCE1_122W_33N,33.43,-122.48,5/8/2010,9:17:00,357.2,2,5.95,390,2,5.89,1022.9,14.7,100.05,14.067,32.995,359.4,392.3,355.9,388.5,-32.6,357.2,389.9,-32.7
CCE1_122W_33N,33.43,-122.48,5/8/2010,12:17:00,358.4,2,5.94,389.9,2,5.88,1022.6,14.7,100,14.073,33.014,360.6,392.2,357,388.3,-31.3,358.3,389.7,-31.4
CCE1_122W_33N,33.43,-122.48,5/8/2010,15:17:00,357.6,2,5.91,390.1,2,5.84,1023.7,14.6,100,14.048,33.001,359.7,392.4,356.5,388.9,-32.4,357.8,390.4,-32.5
CCE1_122W_33N,33.43,-122.48,5/8/2010,18:17:00,356.9,2,6.07,390,2,6.01,1024.5,14.6,100,14.063,32.994,359.1,392.4,356.2,389.2,-33,357.5,390.7,-33.2
CCE1_122W_33N,33.43,-122.48,5/8/2010,21:17:00,357.1,2,6.29,389.3,2,6.23,1024.2,14.8,99.95,14.116,32.993,359.4,391.7,356.4,388.4,-32.1,357.7,389.8,-32.1
CCE1_122W_33N,33.43,-122.48,5/9/2010,0:17:00,358,2,6.32,389.4,2,6.27,1023,14.9,100,14.144,32.993,360.3,391.8,356.8,388,-31.2,358.1,389.4,-31.3
CCE1_122W_33N,33.43,-122.48,5/9/2010,3:17:00,357.4,2,6.26,389.8,2,6.2,1023.4,14.7,100,14.127,32.992,359.6,392.2,356.3,388.6,-32.3,357.6,390,-32.4
CCE1_122W_33N,33.43,-122.48,5/9/2010,6:17:00,357.3,2,6.2,390.1,2,6.14,1023.8,14.5,100,14.12,32.993,359.5,392.5,356.4,389,-32.7,357.6,390.5,-32.8
CCE1_122W_33N,33.43,-122.48,5/9/2010,9:17:00,357.9,2,6.18,390.5,2,6.12,1023.4,14.5,99.95,14.118,32.993,360.1,392.9,356.8,389.3,-32.5,358.1,390.7,-32.6
CCE1_122W_33N,33.43,-122.48,5/9/2010,12:17:00,358.1,2,6.36,390,2,6.14,1023,14.5,99.95,14.106,32.993,360.4,392.4,356.9,388.6,-31.7,358.3,390.1,-31.8
CCE1_122W_33N,33.43,-122.48,5/9/2010,15:17:00,357.9,2,6.38,390.6,2,6.16,1024.1,14.6,99.95,14.112,32.992,360.2,393,357.1,389.7,-32.6,358.4,391.1,-32.6
CCE1_122W_33N,33.43,-122.48,5/9/2010,18:17:00,357.8,2,6.43,391.1,2,6.21,1025.2,14.7,99.95,14.227,32.996,360.1,393.5,357.4,390.5,-33.2,358.7,392,-33.3
CCE1_122W_33N,33.43,-122.48,5/9/2010,21:17:00,358.8,2,6.34,390.6,2,6.28,1025.8,14.9,100,14.32,32.996,361,393.1,358.5,390.3,-31.8,359.8,391.8,-32
CCE1_122W_33N,33.43,-122.48,5/10/2010,0:17:00,359.2,2,6.54,390.8,2,6.48,1025.3,15,100,14.359,33.002,361.6,393.4,358.8,390.4,-31.5,360.2,391.8,-31.7
CCE1_122W_33N,33.43,-122.48,5/10/2010,3:17:00,358.3,2,6.36,391.3,2,6.13,1025.5,15,100,14.292,32.998,360.6,393.7,358,390.8,-32.9,359.3,392.2,-33
CCE1_122W_33N,33.43,-122.48,5/10/2010,6:17:00,358.3,2,6.28,391.9,2,6.22,1026.9,14.8,100,14.249,32.999,360.5,394.4,358.4,392,-33.6,359.7,393.5,-33.8
CCE1_122W_33N,33.43,-122.48,5/10/2010,9:17:00,357.4,2,6.24,391.1,2,6.18,1026.2,14.7,100,14.215,33.001,359.6,393.5,357.3,390.9,-33.7,358.6,392.4,-33.8
CCE1_122W_33N,33.43,-122.48,5/10/2010,12:17:00,358.8,2,6.21,390.7,2,5.99,1026,14.6,99.95,14.222,33.023,361.1,393.1,358.6,390.4,-31.8,360,391.9,-31.9
CCE1_122W_33N,33.43,-122.48,5/10/2010,15:17:00,358.7,2,6.25,389.6,2,6.19,1027,14.7,99.95,14.266,33.039,360.9,392,358.8,389.7,-30.9,360.1,391.1,-31
CCE1_122W_33N,33.43,-122.48,5/10/2010,18:17:00,358.3,2,6.32,389.6,2,6.26,1027.7,14.9,99.95,14.333,33.021,360.6,392.1,358.7,390,-31.4,360,391.5,-31.5
CCE1_122W_33N,33.43,-122.48,5/10/2010,21:17:00,359.8,2,6.52,389.2,2,6.29,1027.1,15,100,14.477,33.01,362.2,391.7,360,389.4,-29.3,361.4,390.8,-29.4
CCE1_122W_33N,33.43,-122.48,5/11/2010,0:17:00,360.2,2,6.39,389.3,2,6.33,1026.2,15.1,100.05,14.473,33.007,362.5,391.8,360,389.1,-29.1,361.3,390.6,-29.2
CCE1_122W_33N,33.43,-122.48,5/11/2010,3:17:00,360.1,2,6.36,392.5,2,6.13,1026.2,15,100.05,14.4,33.007,362.4,395,359.9,392.3,-32.3,361.3,393.8,-32.5
CCE1_122W_33N,33.43,-122.48,5/11/2010,6:17:00,358.9,2,6.21,390.8,2,5.98,1027.7,14.6,100.05,14.343,33.011,361.1,393.2,359.2,391.1,-31.9,360.5,392.6,-32
CCE1_122W_33N,33.43,-122.48,5/11/2010,9:17:00,357.7,2,6.24,390.7,2,6.03,1026.8,14.3,100,14.323,33.012,360,393.1,357.8,390.7,-32.9,359.1,392.1,-33
CCE1_122W_33N,33.43,-122.48,5/11/2010,12:17:00,358.8,2,6.12,391.7,2,6.06,1026.2,14.4,100,14.321,33.015,361,394.1,358.6,391.5,-32.9,359.9,392.9,-33
CCE1_122W_33N,33.43,-122.48,5/11/2010,15:17:00,358.6,2,6.14,391,2,5.92,1027.4,14.4,99.95,14.3,33.012,360.8,393.3,358.8,391.2,-32.3,360.1,392.6,-32.4
CCE1_122W_33N,33.43,-122.48,5/11/2010,18:17:00,357.2,2,6.03,388.8,2,5.97,1028.4,14.6,99.95,14.325,33.012,359.3,391.2,357.7,389.4,-31.7,359,390.9,-31.9
CCE1_122W_33N,33.43,-122.48,5/11/2010,21:17:00,358.8,2,6.06,390.1,2,6,1027.9,14.7,99.95,14.397,33.014,361,392.4,359.1,390.4,-31.3,360.5,391.8,-31.4
CCE1_122W_33N,33.43,-122.48,5/12/2010,0:17:00,359.6,2,6.08,389.3,2,6.02,1026.6,14.7,100.05,14.412,33.015,361.8,391.7,359.4,389.2,-29.7,360.8,390.6,-29.8
CCE1_122W_33N,33.43,-122.48,5/12/2010,3:17:00,359.3,2,6.03,389.3,2,5.8,1026.4,14.6,100.05,14.374,33.016,361.4,391.6,359.1,389,-30,360.4,390.5,-30.1
CCE1_122W_33N,33.43,-122.48,5/12/2010,6:17:00,359.5,2,5.98,389.6,2,5.76,1026.1,14.4,100,14.341,33.015,361.6,391.9,359.2,389.2,-30.1,360.5,390.7,-30.2
CCE1_122W_33N,33.43,-122.48,5/12/2010,9:17:00,359.8,2,5.83,389.6,2,5.78,1024.5,14.4,100.05,14.316,33.017,361.9,391.9,358.9,388.6,-29.7,360.2,390.1,-29.9
CCE1_122W_33N,33.43,-122.48,5/12/2010,12:17:00,359.3,2,5.86,388.9,2,5.8,1024.3,14.5,100,14.268,33.016,361.4,391.2,358.3,387.8,-29.5,359.6,389.3,-29.7
CCE1_122W_33N,33.43,-122.48,5/12/2010,15:17:00,359.6,2,6.14,387.8,2,5.92,1025,14.4,99.95,14.214,33.014,361.8,390.2,359,387.1,-28.1,360.3,388.6,-28.3
CCE1_122W_33N,33.43,-122.48,5/12/2010,18:17:00,358.9,2,6.18,387.4,2,6.13,1025.5,14.5,99.95,14.227,33.015,361.1,389.8,358.5,387,-28.5,359.8,388.4,-28.6
CCE1_122W_33N,33.43,-122.48,5/12/2010,21:17:00,358.8,2,6.23,387.3,2,6.17,1025.1,14.6,100,14.263,33.016,361,389.7,358.2,386.7,-28.5,359.5,388.1,-28.6
CCE1_122W_33N,33.43,-122.48,5/13/2010,0:17:00,358.5,2,6.26,386.8,2,6.03,1023.3,14.7,100,14.242,33.014,360.8,389.2,357.3,385.5,-28.1,358.7,386.9,-28.2
CCE1_122W_33N,33.43,-122.48,5/13/2010,3:17:00,359.4,2,6.2,387.6,2,5.98,1023,14.5,100,14.15,33.03,361.7,389.9,358.2,386.1,-28,359.5,387.6,-28
CCE1_122W_33N,33.43,-122.48,5/13/2010,6:17:00,360,2,6.01,387.7,2,5.95,1022.9,14.5,100,14.138,33.035,362.1,390,358.6,386.2,-27.6,359.9,387.6,-27.7
CCE1_122W_33N,33.43,-122.48,5/13/2010,9:17:00,360.4,2,6.03,389,2,5.97,1021.5,14.5,100.05,14.115,33.037,362.6,391.3,358.5,387,-28.4,359.9,388.4,-28.5
CCE1_122W_33N,33.43,-122.48,5/13/2010,12:17:00,360.6,2,6.02,388.5,2,5.96,1020.4,14.4,100.05,14.096,33.06,362.8,390.8,358.4,386,-27.7,359.7,387.5,-27.8
CCE1_122W_33N,33.43,-122.48,5/13/2010,15:17:00,360.9,2,6.13,388.8,2,6.08,1021,14.3,100.05,14.099,33.057,363.1,391.1,358.9,386.6,-27.7,360.2,388,-27.8
CCE1_122W_33N,33.43,-122.48,5/13/2010,18:17:00,359.9,2,6.14,388.6,2,6.09,1021.4,14.3,100.05,14.109,33.05,362.1,391,358.1,386.6,-28.6,359.4,388,-28.7
CCE1_122W_33N,33.43,-122.48,5/13/2010,21:17:00,360.2,2,6.22,388,2,6.17,1020.9,14.5,100.1,14.118,33.056,362.4,390.4,358.2,385.8,-27.7,359.5,387.3,-27.8
CCE1_122W_33N,33.43,-122.48,5/14/2010,0:17:00,360,2,6.11,387.5,2,6.05,1019.9,14.7,100.1,14.131,33.042,362.2,389.9,357.6,385,-27.3,358.9,386.4,-27.4
CCE1_122W_33N,33.43,-122.48,5/14/2010,3:17:00,360.6,2,6.1,387.1,2,6.04,1020.4,14.7,100.05,14.155,33.031,362.8,389.5,358.3,384.7,-26.4,359.7,386.2,-26.5
CCE1_122W_33N,33.43,-122.48,5/14/2010,6:17:00,360.3,2,6.06,386.4,2,6,1021.2,14.6,100.05,14.143,33.031,362.4,388.8,358.3,384.3,-26,359.6,385.8,-26.2
CCE1_122W_33N,33.43,-122.48,5/14/2010,9:17:00,361,2,6.05,387.4,2,5.99,1020.5,14.5,100.05,14.129,33.031,363.2,389.8,358.8,385.1,-26.3,360.1,386.5,-26.4
CCE1_122W_33N,33.43,-122.48,5/14/2010,12:17:00,360.4,2,6.05,387.7,2,5.99,1020.3,14.5,100,14.093,33.026,362.6,390.1,358.1,385.3,-27.2,359.5,386.7,-27.3
CCE1_122W_33N,33.43,-122.48,5/14/2010,15:17:00,360.8,2,6.02,387.5,2,5.96,1021.6,14.5,99.95,14.084,33.009,363,389.8,359,385.6,-26.5,360.3,386.9,-26.6
CCE1_122W_33N,33.43,-122.48,5/14/2010,18:17:00,360.4,2,6.16,386.9,2,6.1,1022.5,14.4,99.95,14.135,33.009,362.6,389.3,358.9,385.3,-26.4,360.2,386.8,-26.5
CCE1_122W_33N,33.43,-122.48,5/14/2010,21:17:00,360.6,2,6.4,388.1,2,6.35,1022.5,14.6,100,14.26,33.012,362.9,390.6,359.2,386.6,-27.4,360.5,388,-27.5
CCE1_122W_33N,33.43,-122.48,5/15/2010,0:17:00,360.6,2,6.31,387.9,2,6.25,1021.3,14.8,100,14.288,33.014,362.8,390.3,358.7,385.8,-27.1,360,387.2,-27.3
CCE1_122W_33N,33.43,-122.48,5/15/2010,3:17:00,360.3,2,6.3,389.3,2,6.07,1021.4,14.8,100,14.268,33.014,362.6,391.6,358.4,387.2,-28.8,359.8,388.6,-28.8
CCE1_122W_33N,33.43,-122.48,5/15/2010,6:17:00,361.2,2,6.21,389.7,2,6.16,1022.3,14.6,100,14.24,33.015,363.5,392.1,359.7,388,-28.3,361,389.4,-28.4
CCE1_122W_33N,33.43,-122.48,5/15/2010,9:17:00,361.2,2,6.19,390.2,2,5.97,1021.6,14.5,100,14.236,33.015,363.4,392.5,359.4,388.2,-28.8,360.7,389.6,-28.9
CCE1_122W_33N,33.43,-122.48,5/15/2010,12:17:00,360.6,2,6.01,390.2,2,5.96,1021.6,14.4,99.95,14.236,33.014,362.8,392.5,358.8,388.2,-29.4,360.1,389.6,-29.5
CCE1_122W_33N,33.43,-122.48,5/15/2010,15:17:00,360.1,2,6.12,390.3,2,5.9,1022.5,14.3,100,14.228,33.014,362.3,392.6,358.6,388.6,-30.1,359.9,390,-30.1
CCE1_122W_33N,33.43,-122.48,5/15/2010,18:17:00,360.3,2,6.26,390.3,2,6.21,1022.7,14.3,100,14.247,33.015,362.5,392.7,358.9,388.8,-29.9,360.2,390.2,-30
CCE1_122W_33N,33.43,-122.48,5/15/2010,21:17:00,360.4,2,6.34,390.7,2,6.29,1022.9,14.5,100,14.297,33.015,362.7,393.2,359.1,389.3,-30.2,360.4,390.7,-30.3
CCE1_122W_33N,33.43,-122.48,5/16/2010,0:17:00,359.8,2,6.25,390.5,2,6.2,1021.6,14.6,100,14.278,33.008,362,392.9,358,388.5,-30.5,359.3,389.9,-30.7
CCE1_122W_33N,33.43,-122.48,5/16/2010,3:17:00,359.9,2,6.19,389.9,2,6.13,1021,14.5,100.05,14.178,32.998,362.2,392.3,357.9,387.7,-29.8,359.3,389.2,-29.9
CCE1_122W_33N,33.43,-122.48,5/16/2010,6:17:00,360.3,2,6.08,390.1,2,6.03,1021.5,14.2,100,14.134,32.995,362.5,392.5,358.5,388.1,-29.6,359.8,389.6,-29.8
CCE1_122W_33N,33.43,-122.48,5/16/2010,9:17:00,360.8,2,6.04,390.4,2,5.99,1020.6,14.1,100,14.128,32.995,362.9,392.7,358.6,388,-29.4,359.9,389.4,-29.6
CCE1_122W_33N,33.43,-122.48,5/16/2010,12:17:00,360.1,2,6.08,390.4,2,6.02,1019.8,14.1,100,14.133,32.996,362.3,392.7,357.6,387.7,-30,359,389.1,-30.1
CCE1_122W_33N,33.43,-122.48,5/16/2010,15:17:00,360.4,2,6.11,390.5,2,5.9,1020.1,14.3,100,14.121,32.996,362.6,392.8,358,387.9,-29.8,359.4,389.3,-29.9
CCE1_122W_33N,33.43,-122.48,5/16/2010,18:17:00,360.3,2,6.26,390.3,2,6.04,1020.4,14.2,100,14.161,32.998,362.6,392.7,358.1,387.9,-29.8,359.5,389.3,-29.8
CCE1_122W_33N,33.43,-122.48,5/16/2010,21:17:00,362.4,2,6.52,390.3,2,6.3,1020,14.5,100,14.279,33,364.8,392.8,360.2,387.8,-27.6,361.5,389.2,-27.7
CCE1_122W_33N,33.43,-122.48,5/17/2010,0:17:00,362.6,2,6.49,390.4,2,6.27,1018.7,14.8,100.05,14.307,33,365,392.8,359.8,387.3,-27.5,361.2,388.7,-27.5
CCE1_122W_33N,33.43,-122.48,5/17/2010,3:17:00,362.3,2,6.29,390.7,2,6.23,1018.7,14.7,100.1,14.27,33.001,364.6,393.1,359.5,387.6,-28.1,360.8,389,-28.2
CCE1_122W_33N,33.43,-122.48,5/17/2010,6:17:00,362,2,6.12,390.7,2,6.06,1019.2,14.7,100.05,14.251,33.002,364.2,393.1,359.3,387.8,-28.5,360.6,389.2,-28.6
CCE1_122W_33N,33.43,-122.48,5/17/2010,9:17:00,362.3,2,6.26,390.2,2,6.21,1017.9,14.6,100.05,14.238,33.002,364.6,392.7,359.2,386.9,-27.6,360.5,388.3,-27.8
CCE1_122W_33N,33.43,-122.48,5/17/2010,12:17:00,359.7,2,6.29,390.1,2,6.24,1018,14.7,100.05,14.22,33.001,361.9,392.5,356.6,386.8,-30.1,357.9,388.2,-30.3
CCE1_122W_33N,33.43,-122.48,5/17/2010,15:17:00,360,2,6.75,389.4,2,6.52,1018.4,15,100,14.224,33,362.4,391.9,357.2,386.3,-29.1,358.5,387.7,-29.2
CCE1_122W_33N,33.43,-122.48,5/17/2010,18:17:00,361.7,2,6.86,389.3,2,6.64,1018.7,15.3,100,14.272,32.997,364.2,391.9,359.1,386.4,-27.3,360.4,387.8,-27.4
CCE1_122W_33N,33.43,-122.48,5/17/2010,21:17:00,363.7,2,6.97,389,2,6.92,1018.6,15.5,100.1,14.384,32.993,366.2,391.7,361,386.1,-25.1,362.3,387.6,-25.2
CCE1_122W_33N,33.43,-122.48,5/18/2010,0:17:00,364.4,2,6.85,390,2,6.79,1017.7,15.7,100.1,14.411,32.995,366.9,392.6,361.4,386.7,-25.3,362.7,388.1,-25.4
CCE1_122W_33N,33.43,-122.48,5/18/2010,3:17:00,363.9,2,6.84,389.7,2,6.79,1018.1,15.6,100.15,14.45,33.004,366.4,392.3,361,386.6,-25.5,362.3,387.9,-25.6
CCE1_122W_33N,33.43,-122.48,5/18/2010,6:17:00,364.3,2,6.84,389.7,2,6.79,1019,15.7,100.15,14.418,33.01,366.8,392.4,361.8,386.9,-25.2,363,388.4,-25.3
CCE1_122W_33N,33.43,-122.48,5/18/2010,9:17:00,363.6,2,6.72,389.6,2,6.67,1019.3,15.4,100.15,14.399,33.021,366,392.2,361.1,386.9,-25.9,362.4,388.3,-25.9
CCE1_122W_33N,33.43,-122.48,5/18/2010,12:17:00,362.9,2,6.58,389.8,2,6.36,1020.7,15.1,100.1,14.383,33.031,365.3,392.3,360.9,387.5,-26.6,362.2,389,-26.8
CCE1_122W_33N,33.43,-122.48,5/18/2010,15:17:00,361.2,2,6.75,389.5,2,6.53,1022.4,15.1,100.14,14.378,33.044,363.7,392.1,359.9,388,-28.1,361.2,389.4,-28.2
CCE1_122W_33N,33.43,-122.48,5/18/2010,18:17:00,362.6,2,6.65,389.7,2,6.6,1024.1,15.3,100.1,14.503,33.047,365,392.3,361.8,388.8,-27,363.1,390.2,-27.2
CCE1_122W_33N,33.43,-122.48,5/18/2010,21:17:00,366,2,6.82,389.7,2,6.59,1024.3,15.3,100.1,14.684,33.046,368.5,392.3,365.2,388.8,-23.6,366.6,390.2,-23.7
CCE1_122W_33N,33.43,-122.48,5/19/2010,0:17:00,365.9,2,6.9,389.9,2,6.68,1024.1,15.5,100.1,14.744,33.039,368.4,392.5,365,388.9,-23.8,366.4,390.3,-24
CCE1_122W_33N,33.43,-122.48,5/19/2010,3:17:00,362.8,2,6.52,390.3,2,6.46,1024.2,15.4,100.14,14.553,33.019,365.1,392.9,361.9,389.4,-27.5,363.2,390.8,-27.7
CCE1_122W_33N,33.43,-122.48,5/19/2010,6:17:00,363,2,6.55,390.2,2,6.32,1024.8,15,100.14,14.524,33.014,365.4,392.6,362.4,389.4,-27,363.7,390.8,-27.1
CCE1_122W_33N,33.43,-122.48,5/19/2010,9:17:00,363.3,2,6.5,390.7,2,6.45,1024.2,14.9,100.1,14.506,33.013,365.6,393.2,362.4,389.7,-27.4,363.7,391.2,-27.5
CCE1_122W_33N,33.43,-122.48,5/19/2010,12:17:00,362.9,2,6.48,390.7,2,6.43,1024.2,14.9,100.1,14.485,33.012,365.3,393.2,362,389.7,-27.7,363.4,391.2,-27.8
CCE1_122W_33N,33.43,-122.48,5/19/2010,15:17:00,361.8,2,6.55,390.6,2,6.33,1025,15,100.14,14.505,33.02,364.2,393.1,361.3,389.9,-28.6,362.6,391.4,-28.8
CCE1_122W_33N,33.43,-122.48,5/19/2010,18:17:00,362.8,2,6.64,390.3,2,6.41,1025.9,15.3,100.1,14.639,33.044,365.2,392.8,362.5,389.9,-27.4,363.9,391.4,-27.5
CCE1_122W_33N,33.43,-122.48,5/19/2010,21:17:00,365.8,2,6.66,390.2,2,6.61,1026.2,15.3,100.19,14.783,33.049,368.3,392.8,365.6,390,-24.3,367,391.4,-24.4
CCE1_122W_33N,33.43,-122.48,5/20/2010,0:17:00,367.1,2,7.12,390.1,2,6.9,1025.1,15.6,100.14,14.866,33.041,369.7,392.8,366.6,389.5,-22.9,368,391,-23
CCE1_122W_33N,33.43,-122.48,5/20/2010,3:17:00,365,2,6.67,390.5,2,6.61,1024.7,15.8,100.19,14.743,33.043,367.4,393.1,364.3,389.8,-25.5,365.6,391.2,-25.6
CCE1_122W_33N,33.43,-122.48,5/20/2010,6:17:00,364.6,2,6.8,391.3,2,6.74,1025.3,15.7,100.19,14.675,33.043,367.1,393.9,364.1,390.8,-26.6,365.5,392.2,-26.7
CCE1_122W_33N,33.43,-122.48,5/20/2010,9:17:00,365.7,2,6.78,390.7,2,6.55,1024.4,15.6,100.14,14.644,33.042,368.2,393.2,364.9,389.8,-24.9,366.3,391.2,-24.9
CCE1_122W_33N,33.43,-122.48,5/20/2010,12:17:00,364,2,6.46,390.8,2,6.4,1024.6,15.2,100.19,14.552,33.039,366.4,393.3,363.3,390,-26.7,364.6,391.4,-26.8
CCE1_122W_33N,33.43,-122.48,5/20/2010,15:17:00,362.2,2,6.36,390.5,2,6.3,1025,15,100.1,14.481,33.04,364.5,393,361.5,389.8,-28.3,362.9,391.3,-28.4
CCE1_122W_33N,33.43,-122.48,5/20/2010,18:17:00,362.8,2,6.34,390.7,2,6.28,1025.4,14.9,100.05,14.51,33.043,365.1,393.2,362.3,390.1,-27.9,363.6,391.6,-28
CCE1_122W_33N,33.43,-122.48,5/20/2010,21:17:00,363.7,2,6.46,390.5,2,6.4,1025.1,14.8,100.14,14.568,33.049,366,393,363.1,389.8,-26.7,364.4,391.3,-26.9
CCE1_122W_33N,33.43,-122.48,5/21/2010,0:17:00,363.8,2,6.58,390.4,2,6.53,1023.8,14.7,100.19,14.616,33.052,366.2,392.9,362.7,389.3,-26.5,364.1,390.7,-26.5
CCE1_122W_33N,33.43,-122.48,5/21/2010,3:17:00,363.7,2,6.15,390.9,2,6.09,1023.5,14.8,100.14,14.643,33.066,365.9,393.3,362.4,389.5,-27.2,363.7,390.9,-27.2
CCE1_122W_33N,33.43,-122.48,5/21/2010,6:17:00,362.8,2,6.14,391,2,6.08,1023.8,14.8,100.1,14.56,33.058,365.1,393.3,361.7,389.7,-28,363,391.1,-28
CCE1_122W_33N,33.43,-122.48,5/21/2010,9:17:00,363.6,2,6.12,391.2,2,6.06,1022.7,14.8,100.14,14.517,33.051,365.8,393.5,362,389.5,-27.5,363.4,390.9,-27.5
CCE1_122W_33N,33.43,-122.48,5/21/2010,12:17:00,364.2,2,6.21,391.1,2,6.16,1022.5,14.6,100.1,14.488,33.05,366.5,393.5,362.6,389.4,-26.7,364,390.8,-26.8
CCE1_122W_33N,33.43,-122.48,5/21/2010,15:17:00,363.2,2,6.34,391.1,2,6.29,1023.9,14.5,100.05,14.441,33.048,365.5,393.5,362.2,390,-27.8,363.5,391.4,-27.8
CCE1_122W_33N,33.43,-122.48,5/21/2010,18:17:00,362.7,2,6.26,390.7,2,6.2,1024.6,14.7,100.05,14.506,33.048,365,393.1,361.9,389.8,-27.9,363.3,391.2,-28
CCE1_122W_33N,33.43,-122.48,5/21/2010,21:17:00,364,2,6.47,391,2,6.41,1024.4,14.8,100.1,14.571,33.049,366.4,393.5,363.2,390.1,-26.9,364.5,391.5,-27
CCE1_122W_33N,33.43,-122.48,5/22/2010,0:17:00,364.3,2,6.68,390.3,2,6.63,1023,14.9,100.1,14.598,33.049,366.8,392.9,363.1,388.9,-25.8,364.4,390.4,-25.9
CCE1_122W_33N,33.43,-122.48,5/22/2010,3:17:00,363.7,2,6.58,390.6,2,6.52,1023.2,15.1,100.1,14.573,33.051,366.1,393.2,362.5,389.3,-26.8,363.8,390.7,-26.9
CCE1_122W_33N,33.43,-122.48,5/22/2010,6:17:00,363.5,2,6.38,390.8,2,6.33,1023.9,15,100.14,14.556,33.053,365.9,393.3,362.5,389.7,-27.2,363.9,391.1,-27.2
CCE1_122W_33N,33.43,-122.48,5/22/2010,9:17:00,363.3,2,6.31,391.3,2,6.08,1023.3,14.8,100.05,14.463,33.048,365.6,393.7,362,389.9,-27.9,363.4,391.3,-27.9
CCE1_122W_33N,33.43,-122.48,5/22/2010,12:17:00,363.3,2,6.29,391.3,2,6.07,1023.4,14.3,100,14.406,33.045,365.6,393.7,362.1,389.9,-27.8,363.5,391.4,-27.9
CCE1_122W_33N,33.43,-122.48,5/22/2010,15:17:00,362.8,2,6.37,391.3,2,6.16,1024.3,14.1,100.05,14.402,33.045,365.1,393.7,361.9,390.3,-28.4,363.3,391.7,-28.5
CCE1_122W_33N,33.43,-122.48,5/22/2010,18:17:00,362.4,2,6.28,391.3,2,6.06,1024.4,14.3,100,14.42,33.044,364.7,393.7,361.6,390.3,-28.8,362.9,391.8,-28.9
CCE1_122W_33N,33.43,-122.48,5/22/2010,21:17:00,363.4,2,6.3,391.4,2,6.25,1023.5,14.4,100.05,14.466,33.046,365.7,393.8,362.2,390.1,-27.8,363.6,391.5,-27.9
CCE1_122W_33N,33.43,-122.48,5/23/2010,0:17:00,364,2,6.33,391.5,2,6.28,1022.6,14.4,100.05,14.54,33.047,366.3,394,362.5,389.9,-27.4,363.8,391.3,-27.5
CCE1_122W_33N,33.43,-122.48,5/23/2010,3:17:00,364.1,2,6.15,391.8,2,6.09,1021.7,14.4,100.15,14.555,33.05,366.3,394.2,362.2,389.8,-27.6,363.5,391.2,-27.7
CCE1_122W_33N,33.43,-122.48,5/23/2010,6:17:00,363.4,2,5.66,391.5,2,5.76,1021.8,14.4,100.14,14.549,33.049,365.5,393.8,361.4,389.4,-28,362.7,390.8,-28.1
CCE1_122W_33N,33.43,-122.48,5/23/2010,9:17:00,364.4,2,5.99,391.7,2,5.93,1021,14.4,100.1,14.506,33.055,366.6,394,362.2,389.3,-27.1,363.5,390.7,-27.2
CCE1_122W_33N,33.43,-122.48,5/23/2010,12:17:00,362.7,2,6.11,391.4,2,5.89,1020.9,14.3,100.1,14.278,33.069,364.9,393.7,360.6,389.1,-28.5,361.9,390.5,-28.6
CCE1_122W_33N,33.43,-122.48,5/23/2010,15:17:00,364.6,2,6.12,391.7,2,6.07,1022.2,13.9,100.19,13.801,33.143,366.9,394.1,363.1,390.1,-27,364.5,391.6,-27
CCE1_122W_33N,33.43,-122.48,5/23/2010,18:17:00,363.4,2,6.14,391,2,6.09,1023.3,14,100.48,13.894,33.156,365.6,393.4,362.3,389.8,-27.5,363.6,391.3,-27.6
CCE1_122W_33N,33.43,-122.48,5/23/2010,21:17:00,360.7,2,6.07,390.9,2,6.18,1023.8,14.2,100.58,14.087,33.135,362.9,393.3,359.7,389.8,-30.1,361,391.3,-30.2
CCE1_122W_33N,33.43,-122.48,5/24/2010,0:17:00,361.6,2,6.17,390.4,2,6.28,1023.5,14.5,100.68,14.067,33.131,363.8,392.9,360.5,389.3,-28.8,361.8,390.8,-28.9
CCE1_122W_33N,33.43,-122.48,5/24/2010,3:17:00,360.1,2,6.28,391.1,2,6.07,1024,14.3,100.72,13.891,33.133,362.3,393.5,359.3,390.2,-30.9,360.6,391.6,-31.1
CCE1_122W_33N,33.43,-122.48,5/24/2010,6:17:00,361.8,2,6.04,391,2,5.99,1025.1,14.1,100.53,13.848,33.133,364,393.4,361.3,390.5,-29.1,362.7,392,-29.3
CCE1_122W_33N,33.43,-122.48,5/24/2010,9:17:00,358.9,2,6.2,391.4,2,5.99,1024,14.1,100.43,13.86,33.114,361.1,393.7,358.1,390.4,-32.4,359.4,391.8,-32.4
CCE1_122W_33N,33.43,-122.48,5/24/2010,12:17:00,359.7,2,6.32,391.1,2,6.12,1023.6,14,100.29,13.833,33.109,361.9,393.5,358.8,390.1,-31.3,360.1,391.5,-31.4
CCE1_122W_33N,33.43,-122.48,5/25/2010,15:17:00,367.1,2,6.7,390.5,2,6.48,1021.2,14.9,100.44,13.931,33.124,369.5,393.1,365.4,388.6,-23.2,366.7,390.1,-23.4
CCE1_122W_33N,33.43,-122.48,5/25/2010,18:17:00,370.8,2,6.88,390.3,2,6.83,1021.5,15,100.54,14.058,33.141,373.3,393,369.2,388.6,-19.4,370.5,390.1,-19.6
CCE1_122W_33N,33.43,-122.48,5/25/2010,21:17:00,374.5,2,7.07,390.1,2,7.02,1021,15.4,100.73,14.647,33.148,377.2,392.8,372.6,388,-15.5,374,389.5,-15.5
CCE1_122W_33N,33.43,-122.48,5/26/2010,0:17:00,368.2,2,7.26,390,2,7.03,1019.9,15.8,100.93,14.607,33.123,370.9,392.8,366,387.6,-21.6,367.4,389.1,-21.7
CCE1_122W_33N,33.43,-122.48,5/26/2010,3:17:00,368,2,6.91,389.8,2,6.85,1019.2,15.8,101.07,14.546,33.128,370.5,392.4,365.4,387,-21.6,366.7,388.4,-21.7
CCE1_122W_33N,33.43,-122.48,5/26/2010,6:17:00,369,2,6.81,390.1,2,6.76,1020.2,15.6,100.97,14.429,33.131,371.5,392.7,366.8,387.7,-20.9,368.1,389.1,-21
CCE1_122W_33N,33.43,-122.48,5/26/2010,9:17:00,366.1,2,6.9,390.6,2,6.67,1019.5,15.4,100.93,14.394,33.134,368.7,393.2,363.8,388,-24.2,365.1,389.4,-24.3
CCE1_122W_33N,33.43,-122.48,5/26/2010,12:17:00,362.8,2,6.69,390.7,2,6.63,1019.1,15.3,100.78,14.248,33.129,365.3,393.3,360.3,388,-27.7,361.7,389.4,-27.7
CCE1_122W_33N,33.43,-122.48,5/26/2010,15:17:00,364.6,2,7,390.6,2,6.96,1019.7,15.2,100.73,14.184,33.131,367.2,393.3,362.4,388.2,-25.8,363.8,389.6,-25.9
CCE1_122W_33N,33.43,-122.48,5/26/2010,18:17:00,372.8,2,7.04,390,2,6.98,1019.9,15.7,100.78,14.642,33.167,375.4,392.7,370.5,387.5,-17.1,371.8,388.9,-17.1
CCE1_122W_33N,33.43,-122.48,5/26/2010,21:17:00,372.4,2,7.16,390.2,2,7.1,1019.4,16.4,100.88,14.837,33.148,375.1,393,369.9,387.5,-17.7,371.2,389,-17.7
CCE1_122W_33N,33.43,-122.48,5/27/2010,0:17:00,374.9,2,7.16,390.2,2,7.11,1018.8,16.4,100.78,15.072,33.099,377.6,393,372.1,387.3,-15.2,373.4,388.6,-15.2
CCE1_122W_33N,33.43,-122.48,5/27/2010,3:17:00,373.3,2,7.07,390.2,2,7.01,1018.5,16.2,100.63,15.226,33.066,375.9,392.9,370.2,387,-16.8,371.5,388.4,-16.8
CCE1_122W_33N,33.43,-122.48,5/27/2010,6:17:00,373.2,2,6.94,390.5,2,6.88,1019.2,15.9,100.49,14.984,33.061,375.8,393.2,370.4,387.6,-17.1,371.8,389,-17.2
CCE1_122W_33N,33.43,-122.48,5/27/2010,9:17:00,370.4,2,6.79,391,2,6.74,1018.8,15.5,100.39,14.775,33.054,372.9,393.7,367.6,388,-20.4,368.9,389.4,-20.6
CCE1_122W_33N,33.43,-122.48,5/27/2010,12:17:00,369.3,2,6.89,390.8,2,6.66,1019,15.4,100.29,14.781,33.052,371.9,393.4,366.6,387.8,-21.2,368,389.2,-21.3
CCE1_122W_33N,33.43,-122.48,5/27/2010,15:17:00,369.5,2,7.3,390.4,2,7.08,1020.1,15.5,100.24,14.813,33.065,372.2,393.2,367.3,388,-20.7,368.6,389.4,-20.8
CCE1_122W_33N,33.43,-122.48,5/27/2010,18:17:00,374.6,2,7.26,390.7,2,7.21,1020.7,16.3,100.29,15.061,33.089,377.4,393.5,372.5,388.4,-15.9,373.9,389.9,-16
CCE1_122W_33N,33.43,-122.48,5/27/2010,21:17:00,376.5,2,7.58,390.6,2,7.34,1020.9,16.2,100.39,15.318,33.076,379.3,393.5,374.4,388.4,-13.9,375.8,389.8,-14.1
CCE1_122W_33N,33.43,-122.48,5/28/2010,0:17:00,375.7,2,7.56,390.4,2,7.51,1021.1,16.1,100.39,15.247,33.069,378.6,393.4,373.8,388.4,-14.6,375.2,389.8,-14.7
CCE1_122W_33N,33.43,-122.48,5/28/2010,3:17:00,372.5,2,7.33,390.7,2,7.1,1021.5,16,100.39,15.061,33.066,375.2,393.5,370.7,388.7,-18,372,390.2,-18.1
CCE1_122W_33N,33.43,-122.48,5/28/2010,6:17:00,371.7,2,6.89,391.2,2,6.67,1023,15.4,100.34,15,32.985,374.3,393.9,370.3,389.7,-19.4,371.7,391.2,-19.5
CCE1_122W_33N,33.43,-122.48,5/28/2010,9:17:00,370,2,6.81,390.7,2,6.59,1023.2,15.2,100.29,14.973,33.041,372.6,393.3,368.7,389.2,-20.5,370.1,390.7,-20.6
CCE1_122W_33N,33.43,-122.48,5/28/2010,12:17:00,367.8,2,6.62,390.8,2,6.4,1023.8,15.2,100.29,14.868,33.043,370.2,393.3,366.7,389.5,-22.8,368,391,-23
CCE1_122W_33N,33.43,-122.48,5/28/2010,15:17:00,366.9,2,6.76,390.8,2,6.71,1025.2,15.1,100.19,14.801,33.037,369.4,393.4,366.4,390.2,-23.8,367.7,391.6,-23.9
CCE1_122W_33N,33.43,-122.48,5/28/2010,18:17:00,368,2,6.72,390.6,2,6.5,1026.7,15.1,100.15,14.859,33.037,370.5,393.2,368,390.5,-22.5,369.4,392,-22.6
CCE1_122W_33N,33.43,-122.48,5/28/2010,21:17:00,368.8,2,6.9,390.5,2,6.68,1027.4,15.1,100.19,14.981,33.037,371.4,393.1,369.1,390.7,-21.6,370.5,392.1,-21.6
CCE1_122W_33N,33.43,-122.48,5/29/2010,0:17:00,368.8,2,6.65,390.5,2,6.6,1026.2,15.3,100.19,14.994,33.036,371.3,393.1,368.6,390.2,-21.6,369.9,391.6,-21.7
CCE1_122W_33N,33.43,-122.48,5/29/2010,3:17:00,369.7,2,6.37,390.8,2,6.32,1025.4,15.5,100.19,14.971,33.037,372,393.2,369,390,-21,370.3,391.4,-21.1
CCE1_122W_33N,33.43,-122.48,5/29/2010,6:17:00,367.7,2,6.49,390.7,2,6.43,1024.9,15.3,100.15,14.792,33.049,370.1,393.3,366.9,389.9,-23,368.3,391.4,-23.1
CCE1_122W_33N,33.43,-122.48,5/29/2010,9:17:00,366,2,6.62,390.4,2,6.57,1023.8,15.2,100.24,14.693,33.061,368.5,393,365,389.3,-24.3,366.4,390.7,-24.4
CCE1_122W_33N,33.43,-122.48,5/29/2010,12:17:00,365.1,2,6.47,390.6,2,6.41,1023.1,15.2,100.19,14.632,33.062,367.4,393.1,363.7,389.2,-25.4,365,390.6,-25.5
CCE1_122W_33N,33.43,-122.48,5/29/2010,15:17:00,364.9,2,6.69,389.9,2,6.63,1024,15.4,100.15,14.675,33.063,367.4,392.5,364,388.9,-24.9,365.4,390.3,-25
CCE1_122W_33N,33.43,-122.48,5/29/2010,18:17:00,367.1,2,6.7,390.5,2,6.65,1023.4,15.4,100.15,14.724,33.064,369.6,393.1,366,389.3,-23.3,367.3,390.7,-23.4
CCE1_122W_33N,33.43,-122.48,5/29/2010,21:17:00,366.5,2,6.86,389.8,2,6.81,1022.8,15.4,100.15,14.765,33.067,369.1,392.5,365.2,388.4,-23.2,366.6,389.8,-23.2
CCE1_122W_33N,33.43,-122.48,5/30/2010,0:17:00,366.3,2,6.94,389.6,2,6.89,1021.2,15.5,100.19,14.726,33.071,368.8,392.3,364.4,387.6,-23.2,365.7,389,-23.3
CCE1_122W_33N,33.43,-122.48,5/30/2010,3:17:00,367.6,2,6.66,390.7,2,6.6,1021.1,15.7,100.19,14.79,33.073,370.1,393.3,365.6,388.5,-23,366.9,389.9,-23
CCE1_122W_33N,33.43,-122.48,5/30/2010,6:17:00,367.3,2,6.75,390.5,2,6.69,1020.6,15.5,100.24,14.749,33.073,369.8,393.1,365.2,388.2,-23,366.5,389.6,-23.1
CCE1_122W_33N,33.43,-122.48,5/30/2010,9:17:00,367.6,2,6.85,390.3,2,6.79,1019.6,15.3,100.24,14.731,33.073,370.1,393,365.1,387.6,-22.5,366.4,389.1,-22.7
CCE1_122W_33N,33.43,-122.48,5/30/2010,12:17:00,367.8,2,6.69,390.6,2,6.63,1018.4,15.3,100.29,14.683,33.073,370.3,393.2,364.8,387.4,-22.5,366.2,388.8,-22.6
CCE1_122W_33N,33.43,-122.48,5/30/2010,15:17:00,366.7,2,6.89,390.2,2,6.84,1019.7,15.4,100.24,14.605,33.069,369.2,392.9,364.3,387.6,-23.3,365.6,389.1,-23.5
CCE1_122W_33N,33.43,-122.48,5/30/2010,18:17:00,367.4,2,6.89,390.3,2,6.85,1020.4,15.4,100.24,14.629,33.058,369.9,392.9,365.2,388,-22.7,366.5,389.3,-22.8
CCE1_122W_33N,33.43,-122.48,5/30/2010,21:17:00,368.4,2,6.88,390.2,2,6.82,1019.9,15.3,100.24,14.726,33.063,371,392.8,366.1,387.6,-21.6,367.4,389,-21.6
CCE1_122W_33N,33.43,-122.48,5/31/2010,0:17:00,368.4,2,6.95,390.2,2,6.9,1019.2,15.5,100.34,14.841,33.082,371,392.9,365.7,387.4,-21.6,367.1,388.8,-21.7
CCE1_122W_33N,33.43,-122.48,5/31/2010,3:17:00,367.9,2,6.85,390,2,6.79,1019.2,15.7,100.34,14.773,33.073,370.4,392.7,365.2,387.2,-21.9,366.5,388.6,-22.1
CCE1_122W_33N,33.43,-122.48,5/31/2010,6:17:00,368.4,2,6.95,389.9,2,6.9,1020.1,15.5,100.34,14.739,33.07,370.9,392.6,366.1,387.5,-21.4,367.4,388.9,-21.5
CCE1_122W_33N,33.43,-122.48,5/31/2010,9:17:00,369.3,2,7.08,389.9,2,6.86,1019.2,15.4,100.34,14.708,33.066,371.9,392.6,366.7,387.1,-20.4,368.1,388.5,-20.5
CCE1_122W_33N,33.43,-122.48,5/31/2010,12:17:00,368.3,2,6.88,390.2,2,6.83,1019,15.3,100.34,14.688,33.074,370.9,392.9,365.6,387.3,-21.7,367,388.8,-21.8
CCE1_122W_33N,33.43,-122.48,5/31/2010,15:17:00,368.4,2,7.11,390.8,2,7.06,1019.8,15.5,100.29,14.701,33.079,371,393.6,366.1,388.4,-22.3,367.4,389.8,-22.4
CCE1_122W_33N,33.43,-122.48,5/31/2010,18:17:00,368.9,2,6.97,390.9,2,6.93,1021,15.6,100.24,14.749,33.072,371.5,393.6,366.9,388.8,-21.9,368.3,390.2,-21.9
CCE1_122W_33N,33.43,-122.48,5/31/2010,21:17:00,369.5,2,6.96,390.5,2,7.09,1021.7,15.6,100.29,14.807,33.074,372.1,393.3,367.8,388.7,-20.9,369.1,390.2,-21
CCE1_122W_33N,33.43,-122.48,6/1/2010,0:17:00,368,2,7.01,390,2,6.96,1021.4,15.7,100.34,14.805,33.078,370.6,392.7,366.2,388,-21.9,367.5,389.5,-21.9
CCE1_122W_33N,33.43,-122.48,6/1/2010,3:17:00,368.2,2,6.82,390.3,2,6.95,1021.7,15.7,100.29,14.8,33.075,370.7,393.1,366.4,388.5,-22.1,367.7,390,-22.2
CCE1_122W_33N,33.43,-122.48,6/1/2010,6:17:00,369.5,2,6.97,390.2,2,6.92,1022.3,15.6,100.29,14.804,33.065,372.1,392.9,368,388.6,-20.6,369.4,390,-20.6
CCE1_122W_33N,33.43,-122.48,6/1/2010,9:17:00,370.2,2,7.03,390.3,2,6.97,1021.7,15.7,100.24,14.792,33.065,372.8,393,368.5,388.5,-19.9,369.8,389.9,-20
CCE1_122W_33N,33.43,-122.48,6/1/2010,12:17:00,368.7,2,6.98,390.8,2,6.93,1021.7,15.6,100.24,14.731,33.074,371.3,393.5,367.1,389,-21.9,368.4,390.4,-22
CCE1_122W_33N,33.43,-122.48,6/1/2010,15:17:00,367.7,2,7.02,390.6,2,6.97,1022.7,15.3,100.19,14.695,33.069,370.3,393.4,366.4,389.2,-22.8,367.8,390.7,-22.9
CCE1_122W_33N,33.43,-122.48,6/1/2010,18:17:00,367.6,2,7.01,390.4,2,6.96,1023.6,15.3,100.15,14.739,33.069,370.2,393.1,366.6,389.3,-22.7,368,390.7,-22.8
CCE1_122W_33N,33.43,-122.48,6/1/2010,21:17:00,370.8,2,7.04,390.4,2,6.99,1023.1,15.4,100.19,14.905,33.072,373.5,393.2,369.6,389.1,-19.5,371,390.6,-19.6
CCE1_122W_33N,33.43,-122.48,6/2/2010,0:17:00,370.3,2,7.12,390.6,2,7.08,1022.7,15.6,100.19,14.926,33.07,372.9,393.3,368.9,389.1,-20.2,370.2,390.5,-20.3
CCE1_122W_33N,33.43,-122.48,6/2/2010,3:17:00,369.4,2,7.02,390.4,2,6.96,1022.3,15.7,100.15,14.912,33.078,372,393.1,367.8,388.8,-20.9,369.2,390.2,-20.9
CCE1_122W_33N,33.43,-122.48,6/2/2010,6:17:00,370.8,2,6.99,391.1,2,6.94,1022.8,15.7,100.19,14.929,33.078,373.4,393.8,369.4,389.6,-20.2,370.8,391,-20.3
CCE1_122W_33N,33.43,-122.48,6/2/2010,9:17:00,371.2,2,7.21,390.7,2,7.16,1021.6,15.7,100.19,14.924,33.08,373.9,393.5,369.5,388.9,-19.4,370.8,390.3,-19.4
CCE1_122W_33N,33.43,-122.48,6/2/2010,12:17:00,369.7,2,7.04,390.6,2,6.99,1021.4,15.8,100.19,14.947,33.092,372.3,393.4,367.8,388.6,-20.8,369.2,390.1,-20.9
CCE1_122W_33N,33.43,-122.48,6/2/2010,15:17:00,369.5,2,7.02,390.7,2,6.96,1022.4,15.7,100.15,14.983,33.093,372.1,393.5,368,389.1,-21.1,369.3,390.6,-21.2
CCE1_122W_33N,33.43,-122.48,6/2/2010,18:17:00,369.3,2,7.06,390.2,2,7.18,1022.9,15.8,100.15,15.037,33.092,372,393,368,388.8,-20.8,369.4,390.2,-20.9
CCE1_122W_33N,33.43,-122.48,6/2/2010,21:17:00,370.7,2,7.28,390,2,7.22,1022.8,15.9,100.15,15.083,33.091,373.4,392.9,369.3,388.6,-19.3,370.7,390.1,-19.4
CCE1_122W_33N,33.43,-122.48,6/3/2010,0:17:00,371.4,2,7.31,389.9,2,7.26,1021.7,16,100.19,15.142,33.09,374.1,392.8,369.6,388.1,-18.5,371,389.5,-18.5
CCE1_122W_33N,33.43,-122.48,6/3/2010,3:17:00,371.3,2,7.14,390.4,2,7.08,1020.9,16,100.19,15.113,33.09,374,393.1,369.3,388.1,-18.9,370.6,389.5,-18.9
CCE1_122W_33N,33.43,-122.48,6/3/2010,6:17:00,371.6,2,7.11,390.4,2,7.05,1021.2,15.9,100.24,15.102,33.093,374.2,393.2,369.6,388.3,-18.7,370.9,389.7,-18.8
CCE1_122W_33N,33.43,-122.48,6/3/2010,9:17:00,371.8,2,7.1,390.3,2,7.05,1020.5,15.9,100.19,15.084,33.093,374.5,393.1,369.6,387.9,-18.3,371,389.4,-18.4
CCE1_122W_33N,33.43,-122.48,6/3/2010,12:17:00,372,2,7.09,390.2,2,7.04,1020.4,15.9,100.19,15.062,33.09,374.7,393,369.8,387.8,-18,371.1,389.3,-18.1
CCE1_122W_33N,33.43,-122.48,6/3/2010,15:17:00,372,2,7.1,390,2,7.22,1021.1,15.9,100.15,15.059,33.079,374.7,392.8,370,387.9,-17.9,371.4,389.3,-17.9
CCE1_122W_33N,33.43,-122.48,6/3/2010,18:17:00,374.2,2,7.35,390,2,7.3,1021.6,16.1,100.19,15.14,33.071,377,392.9,372.4,388.2,-15.7,373.8,389.6,-15.8
CCE1_122W_33N,33.43,-122.48,6/3/2010,21:17:00,376.5,2,7.46,389.6,2,7.41,1020.5,16.3,100.24,15.272,33.068,379.3,392.5,374.3,387.3,-13.1,375.6,388.7,-13.1
CCE1_122W_33N,33.43,-122.48,6/4/2010,0:17:00,376.4,2,7.53,389.5,2,7.48,1020.1,16.4,100.29,15.28,33.07,379.3,392.4,374.1,387.1,-12.9,375.5,388.5,-13
CCE1_122W_33N,33.43,-122.48,6/4/2010,3:17:00,375.1,2,7.31,390,2,7.25,1020,16.4,100.24,15.256,33.077,377.8,392.9,372.7,387.5,-14.8,374,388.9,-14.9
CCE1_122W_33N,33.43,-122.48,6/4/2010,6:17:00,374.8,2,7.25,389.7,2,7.2,1020.7,16.2,100.24,15.225,33.073,377.5,392.5,372.6,387.4,-14.8,374,388.8,-14.9
CCE1_122W_33N,33.43,-122.48,6/4/2010,9:17:00,376.3,2,7.22,389.7,2,7.17,1020.1,16.2,100.24,15.206,33.071,379,392.5,373.9,387.1,-13.2,375.2,388.6,-13.4
CCE1_122W_33N,33.43,-122.48,6/4/2010,12:17:00,375.8,2,7.17,389.7,2,7.11,1020.7,16,100.19,15.198,33.071,378.6,392.4,373.6,387.4,-13.7,375.1,388.7,-13.7
CCE1_122W_33N,33.43,-122.48,6/4/2010,15:17:00,375.4,2,7.15,389.6,2,7.28,1021.1,16,100.15,15.198,33.07,378.1,392.5,373.3,387.5,-14.2,374.7,389,-14.3
CCE1_122W_33N,33.43,-122.48,6/4/2010,18:17:00,374.6,2,7.39,389.4,2,7.34,1021.8,16.1,100.15,15.225,33.073,377.4,392.3,372.9,387.6,-14.7,374.3,389,-14.8
CCE1_122W_33N,33.43,-122.48,6/4/2010,21:17:00,377,2,7.72,389.1,2,7.67,1021.1,16.5,100.24,15.418,33.074,379.9,392.1,375.1,387.1,-12.1,376.4,388.5,-12.1
CCE1_122W_33N,33.43,-122.48,6/5/2010,0:17:00,378.4,2,7.66,389.3,2,7.6,1020.4,16.7,100.24,15.473,33.073,381.3,392.3,376.2,387,-10.8,377.5,388.4,-10.9
CCE1_122W_33N,33.43,-122.48,6/5/2010,3:17:00,376.5,2,7.44,389.5,2,7.38,1020.1,16.6,100.24,15.397,33.075,379.4,392.4,374.1,387,-12.8,375.5,388.4,-12.9
CCE1_122W_33N,33.43,-122.48,6/5/2010,6:17:00,376.6,2,7.39,389.4,2,7.33,1020.5,16.5,100.24,15.4,33.079,379.4,392.3,374.3,387,-12.7,375.7,388.5,-12.8
CCE1_122W_33N,33.43,-122.48,6/5/2010,9:17:00,377.3,2,7.35,389.7,2,7.3,1019.7,16.4,100.24,15.339,33.075,380.1,392.6,374.7,387,-12.3,376.1,388.5,-12.4
CCE1_122W_33N,33.43,-122.48,6/5/2010,12:17:00,373.5,2,7.31,389.5,2,7.43,1020,16.3,100.24,15.157,33.078,376.2,392.4,371.1,387,-15.9,372.4,388.5,-16
CCE1_122W_33N,33.43,-122.48,6/5/2010,15:17:00,374.1,2,7.45,389.9,2,7.4,1021.1,16.3,100.24,15.175,33.076,376.9,392.8,372.2,387.9,-15.7,373.5,389.3,-15.8
CCE1_122W_33N,33.43,-122.48,6/5/2010,18:17:00,372.9,2,7.49,389.5,2,7.45,1021.8,16.4,100.24,15.226,33.08,375.7,392.4,371.2,387.7,-16.5,372.6,389.1,-16.6
CCE1_122W_33N,33.43,-122.48,6/5/2010,21:17:00,373,2,7.71,389.2,2,7.66,1021.4,16.4,100.34,15.283,33.076,375.9,392.2,371.2,387.4,-16.1,372.6,388.8,-16.2
CCE1_122W_33N,33.43,-122.48,6/6/2010,0:17:00,372.2,2,7.73,389.3,2,7.68,1020.7,16.5,100.39,15.213,33.082,375.1,392.3,370.2,387.2,-16.9,371.6,388.6,-17
CCE1_122W_33N,33.43,-122.48,6/6/2010,3:17:00,371.4,2,7.55,389.6,2,7.5,1020.4,16.5,100.49,15.193,33.081,374.3,392.6,369.3,387.3,-18,370.7,388.8,-18.1
CCE1_122W_33N,33.43,-122.48,6/6/2010,6:17:00,370,2,7.52,389.2,2,7.47,1021,16.4,100.53,15.222,33.096,372.8,392.1,368,387.2,-19.1,369.4,388.5,-19.1
CCE1_122W_33N,33.43,-122.48,6/6/2010,9:17:00,369.5,2,7.5,389.6,2,7.45,1020.7,16.4,100.68,15.211,33.11,372.2,392.5,367.4,387.4,-20,368.7,388.8,-20.1
CCE1_122W_33N,33.43,-122.48,6/6/2010,12:17:00,369.3,2,7.27,389.5,2,7.4,1020.9,16.3,100.68,15.136,33.104,372,392.4,367.3,387.4,-20.2,368.6,388.8,-20.2
CCE1_122W_33N,33.43,-122.48,6/6/2010,15:17:00,368.8,2,7.38,389.5,2,7.33,1022.1,16.1,100.73,15.091,33.104,371.5,392.4,367.3,387.9,-20.6,368.6,389.3,-20.7
CCE1_122W_33N,33.43,-122.48,6/6/2010,18:17:00,369.2,2,7.42,389.4,2,7.37,1022.2,16.2,100.73,15.14,33.104,371.9,392.3,367.7,387.8,-20.1,369,389.2,-20.2
CCE1_122W_33N,33.43,-122.48,6/6/2010,21:17:00,371.3,2,7.49,389.4,2,7.62,1021.7,16.4,100.68,15.238,33.086,374.1,392.4,369.6,387.6,-18,370.9,389.1,-18.1
CCE1_122W_33N,33.43,-122.48,6/7/2010,0:17:00,372.8,2,7.54,389.5,2,7.48,1020.7,16.5,100.63,15.311,33.086,375.6,392.4,370.7,387.3,-16.5,372,388.7,-16.6
CCE1_122W_33N,33.43,-122.48,6/7/2010,3:17:00,371.6,2,7.33,389.4,2,7.27,1020.7,16.4,100.63,15.234,33.087,374.4,392.3,369.5,387.2,-17.7,370.9,388.6,-17.7
CCE1_122W_33N,33.43,-122.48,6/7/2010,6:17:00,373,2,7.26,389.1,2,7.21,1021.5,16.3,100.58,15.355,33.089,375.7,392,371.1,387.1,-16.1,372.4,388.6,-16.2
CCE1_122W_33N,33.43,-122.48,6/7/2010,9:17:00,372,2,7.26,389.5,2,7.2,1020.9,16.2,100.49,15.269,33.093,374.7,392.3,369.9,387.3,-17.4,371.2,388.7,-17.4
CCE1_122W_33N,33.43,-122.48,6/7/2010,12:17:00,370.9,2,7.18,390.2,2,7.12,1021.1,16.1,100.49,15.181,33.101,373.6,393,368.9,388.1,-19.2,370.3,389.5,-19.2
CCE1_122W_33N,33.43,-122.48,6/7/2010,15:17:00,368.1,2,7.24,390,2,7.19,1022.8,15.8,100.48,14.98,33.105,370.8,392.8,366.8,388.6,-21.8,368.2,390,-21.8
CCE1_122W_33N,33.43,-122.48,6/7/2010,18:17:00,368.3,2,7.38,389.7,2,7.34,1023.1,15.8,100.44,15.016,33.101,371.1,392.6,367.2,388.5,-21.3,368.6,389.9,-21.4
CCE1_122W_33N,33.43,-122.48,6/7/2010,21:17:00,371,2,7.48,389.8,2,7.43,1022.6,16,100.44,15.232,33.092,373.8,392.7,369.6,388.3,-18.7,371,389.7,-18.8
CCE1_122W_33N,33.43,-122.48,6/8/2010,0:17:00,370.4,2,7.48,390.3,2,7.43,1021.8,16,100.44,15.129,33.09,373.2,393.2,368.8,388.6,-19.8,370.1,390,-19.8
CCE1_122W_33N,33.43,-122.48,6/8/2010,3:17:00,371.3,2,7.1,390.1,2,7.04,1021.2,15.9,100.49,15.238,33.092,374,392.8,369.3,387.9,-18.6,370.7,389.3,-18.6
CCE1_122W_33N,33.43,-122.48,6/8/2010,6:17:00,369.8,2,7.05,389.7,2,7.18,1022.2,15.8,100.44,15.157,33.096,372.4,392.5,368.2,388,-19.9,369.5,389.4,-19.9
CCE1_122W_33N,33.43,-122.48,6/8/2010,9:17:00,366.7,2,7.14,389.6,2,7.1,1021.8,15.6,100.48,14.816,33.123,369.3,392.3,365.1,387.8,-22.8,366.4,389.2,-22.8
CCE1_122W_33N,33.43,-122.48,6/8/2010,12:17:00,368.2,2,6.85,389.2,2,6.97,1021.4,15.3,100.68,14.708,33.183,370.7,392,366.4,387.3,-21,367.7,388.8,-21.1
CCE1_122W_33N,33.43,-122.48,6/8/2010,15:17:00,367.7,2,6.96,389.4,2,6.91,1022.2,15.2,100.78,14.681,33.182,370.3,392.1,366.2,387.8,-21.5,367.6,389.2,-21.6
CCE1_122W_33N,33.43,-122.48,6/8/2010,18:17:00,364.9,2,7.15,389.2,2,7.1,1023.8,15.2,100.87,14.717,33.179,367.5,392,364.1,388.3,-24.2,365.4,389.7,-24.4
CCE1_122W_33N,33.43,-122.48,6/8/2010,21:17:00,365.4,2,7.05,389.5,2,7.01,1023.4,15.4,101.02,14.835,33.184,368,392.3,364.3,388.4,-24,365.7,389.8,-24.1
CCE1_122W_33N,33.43,-122.48,6/9/2010,0:17:00,364.4,2,7.13,389.4,2,7.08,1022.4,15.6,101.16,14.873,33.184,367.1,392.2,363,387.9,-24.9,364.4,389.3,-24.9
CCE1_122W_33N,33.43,-122.48,6/9/2010,3:17:00,362.9,2,7,388.9,2,6.95,1023,15.7,101.26,14.862,33.18,365.4,391.6,361.6,387.5,-25.9,362.9,389,-26
CCE1_122W_33N,33.43,-122.48,6/9/2010,6:17:00,366.2,2,6.94,388.9,2,7.07,1023.8,15.6,101.16,14.825,33.175,368.8,391.7,365.2,387.9,-22.7,366.6,389.4,-22.8
CCE1_122W_33N,33.43,-122.48,6/9/2010,9:17:00,367.8,2,7.12,388.6,2,7.07,1023.3,15.6,101.11,14.78,33.174,370.5,391.4,366.8,387.5,-20.7,368.1,388.9,-20.8
CCE1_122W_33N,33.43,-122.48,6/9/2010,12:17:00,369.6,2,7.14,388.9,2,7.09,1023,15.6,100.97,14.791,33.175,372.3,391.7,368.4,387.7,-19.2,369.8,389.1,-19.3
CCE1_122W_33N,33.43,-122.48,6/9/2010,15:17:00,368,2,7.23,388.9,2,7.18,1024.6,15.8,100.87,14.775,33.173,370.7,391.7,367.5,388.3,-20.8,368.8,389.7,-20.9
CCE1_122W_33N,33.43,-122.48,6/9/2010,18:17:00,368.5,2,7.49,389,2,7.45,1024.7,16,100.87,14.901,33.173,371.3,391.9,368,388.5,-20.4,369.4,389.9,-20.5
CCE1_122W_33N,33.43,-122.48,6/9/2010,21:17:00,369.4,2,7.67,389,2,7.62,1024.1,16.4,100.82,15.028,33.174,372.3,392,368.8,388.3,-19.5,370.1,389.7,-19.6
CCE1_122W_33N,33.43,-122.48,6/10/2010,0:17:00,367.3,2,7.24,388.5,2,7.17,1023.8,16.2,100.92,14.996,33.175,370,391.3,366.4,387.5,-21.2,367.7,388.9,-21.2
CCE1_122W_33N,33.43,-122.48,6/10/2010,3:17:00,367,2,7.04,389.1,2,6.98,1023.5,15.8,100.92,14.937,33.165,369.6,391.9,365.9,388,-22,367.3,389.4,-22.2
CCE1_122W_33N,33.43,-122.48,6/10/2010,6:17:00,367.8,2,6.87,389.4,2,7,1024.6,15.4,100.92,14.859,33.166,370.4,392.2,367.1,388.7,-21.6,368.5,390.2,-21.7
CCE1_122W_33N,33.43,-122.48,6/10/2010,9:17:00,368.6,2,6.99,389.1,2,6.94,1023.6,15.3,100.87,14.795,33.163,371.2,391.9,367.6,388,-20.5,368.9,389.5,-20.6
CCE1_122W_33N,33.43,-122.48,6/10/2010,12:17:00,368.7,2,6.95,389.1,2,6.9,1023.9,15.2,100.73,14.73,33.164,371.2,391.8,367.8,388.1,-20.4,369.1,389.6,-20.5
CCE1_122W_33N,33.43,-122.48,6/10/2010,15:17:00,368.3,2,6.89,388.9,2,6.83,1024.6,15,100.68,14.707,33.165,370.9,391.5,367.7,388.2,-20.5,369,389.5,-20.5
CCE1_122W_33N,33.43,-122.48,6/10/2010,18:17:00,366.9,2,6.88,388.8,2,6.83,1024.8,15,100.63,14.696,33.167,369.5,391.5,366.4,388.2,-21.8,367.7,389.6,-21.9
CCE1_122W_33N,33.43,-122.48,6/10/2010,21:17:00,367.1,2,6.93,389.3,2,6.88,1024.5,15.1,100.68,14.756,33.167,369.6,392,366.4,388.5,-22.1,367.7,390,-22.3
CCE1_122W_33N,33.43,-122.48,6/11/2010,0:17:00,367.2,2,6.85,388.5,2,6.79,1023.4,15.3,100.68,14.82,33.165,369.7,391.2,366.1,387.3,-21.2,367.4,388.7,-21.4
CCE1_122W_33N,33.43,-122.48,6/11/2010,3:17:00,367.4,2,6.69,389.2,2,6.64,1022.5,15.4,100.63,14.81,33.164,369.8,391.8,365.8,387.6,-21.7,367.1,389,-21.8
CCE1_122W_33N,33.43,-122.48,6/11/2010,6:17:00,368.3,2,6.61,389.2,2,6.56,1022.9,15.2,100.48,14.75,33.168,370.7,391.8,366.9,387.7,-20.8,368.2,389.2,-21
CCE1_122W_33N,33.43,-122.48,6/11/2010,9:17:00,368.4,2,6.76,389.2,2,6.71,1021.3,15.1,100.39,14.728,33.167,370.9,391.8,366.5,387.2,-20.7,367.8,388.6,-20.7
CCE1_122W_33N,33.43,-122.48,6/11/2010,12:17:00,369.7,2,6.62,389.1,2,6.57,1020.9,15.2,100.39,14.76,33.166,372.1,391.7,367.5,386.9,-19.3,368.9,388.3,-19.4
CCE1_122W_33N,33.43,-122.48,6/11/2010,15:17:00,370,2,6.95,388.8,2,6.9,1021.5,15.1,100.24,14.76,33.169,372.6,391.5,368.2,386.9,-18.6,369.6,388.3,-18.7
CCE1_122W_33N,33.43,-122.48,6/11/2010,18:17:00,370.2,2,7.13,388.3,2,7.09,1021.5,15.2,100.29,14.755,33.168,372.8,391.1,368.5,386.5,-18,369.8,387.9,-18.2
CCE1_122W_33N,33.43,-122.48,6/11/2010,21:17:00,370.1,2,7.01,388.8,2,7.14,1021.1,15.3,100.34,14.785,33.169,372.8,391.5,368.2,386.8,-18.6,369.6,388.2,-18.5
CCE1_122W_33N,33.43,-122.48,6/12/2010,0:17:00,369,2,7.24,388.4,2,7.2,1020.3,15.4,100.44,14.836,33.173,371.7,391.2,366.9,386.2,-19.3,368.2,387.5,-19.3
CCE1_122W_33N,33.43,-122.48,6/12/2010,3:17:00,370,2,6.74,389,2,6.86,1019.6,15.4,100.49,14.785,33.17,372.5,391.7,367.4,386.3,-18.9,368.8,387.8,-19
CCE1_122W_33N,33.43,-122.48,6/12/2010,6:17:00,371.4,2,7.01,388.4,2,6.96,1019.6,15.3,100.49,14.76,33.173,374,391.1,369,385.8,-16.8,370.3,387.2,-16.9
CCE1_122W_33N,33.43,-122.48,6/12/2010,9:17:00,372.1,2,6.85,388,2,6.8,1018.7,15.3,100.39,14.738,33.178,374.6,390.7,369.2,385,-15.8,370.5,386.5,-15.9
CCE1_122W_33N,33.43,-122.48,6/12/2010,12:17:00,373.1,2,7.07,387.7,2,7.02,1018.1,15.4,100.39,14.682,33.188,375.7,390.5,370.1,384.6,-14.5,371.4,386.1,-14.6
CCE1_122W_33N,33.43,-122.48,6/12/2010,15:17:00,374,2,7.27,386.7,2,7.23,1018.9,15.4,100.39,14.679,33.186,376.7,389.5,371.3,383.9,-12.6,372.7,385.4,-12.7
CCE1_122W_33N,33.43,-122.48,6/12/2010,18:17:00,373.3,2,7.32,385.7,2,7.27,1019.9,15.6,100.34,14.728,33.185,376,388.5,371,383.4,-12.3,372.4,384.7,-12.4
CCE1_122W_33N,33.43,-122.48,6/12/2010,21:17:00,373.4,2,7.17,385.4,2,7.13,1020,15.6,100.44,14.823,33.186,376.1,388.2,371.1,383,-11.9,372.5,384.4,-12
CCE1_122W_33N,33.43,-122.48,6/13/2010,0:17:00,372.9,2,7.65,385,2,7.6,1020.3,15.9,100.54,15.013,33.185,375.8,387.9,370.9,382.8,-11.9,372.2,384.2,-12
CCE1_122W_33N,33.43,-122.48,6/13/2010,3:17:00,372.2,2,7.37,385.1,2,7.32,1020.5,16.1,100.63,14.934,33.186,374.9,388,370.1,382.9,-12.9,371.4,384.4,-13
CCE1_122W_33N,33.43,-122.48,6/13/2010,6:17:00,371.4,2,7.25,385.2,2,7.2,1021.7,15.8,100.73,14.844,33.191,374.1,388,369.8,383.5,-13.7,371.1,384.9,-13.8
CCE1_122W_33N,33.43,-122.48,6/13/2010,9:17:00,372.2,2,7.19,385,2,7.14,1021.5,15.7,100.73,14.868,33.199,374.9,387.8,370.5,383.2,-12.7,371.8,384.6,-12.8
CCE1_122W_33N,33.43,-122.48,6/13/2010,12:17:00,371.8,2,6.94,384.6,2,6.89,1021.8,15.5,100.68,14.817,33.197,374.4,387.3,370.1,382.8,-12.7,371.4,384.2,-12.8
CCE1_122W_33N,33.43,-122.48,6/13/2010,15:17:00,372.1,2,6.87,385.2,2,6.82,1023.1,15.4,100.63,14.826,33.196,374.7,387.8,370.9,383.8,-13,372.2,385.2,-13
CCE1_122W_33N,33.43,-122.48,6/13/2010,18:17:00,371,2,7.18,385.4,2,7.13,1023.8,15.3,100.63,14.901,33.194,373.6,388.2,370,384.4,-14.4,371.4,385.9,-14.5
CCE1_122W_33N,33.43,-122.48,6/13/2010,21:17:00,372.7,2,7.5,385.8,2,7.46,1023.5,15.6,100.68,15.039,33.194,375.5,388.7,371.7,384.8,-13.1,373.1,386.2,-13.1
CCE1_122W_33N,33.43,-122.48,6/14/2010,0:17:00,371.4,2,7.27,386.5,2,7.21,1022.5,15.9,100.87,15.108,33.194,374.2,389.3,370,385,-15,371.4,386.4,-15
CCE1_122W_33N,33.43,-122.48,6/14/2010,3:17:00,370.3,2,7.03,387.5,2,6.98,1022.2,15.7,100.92,14.944,33.185,372.9,390.2,368.7,385.9,-17.1,370.1,387.2,-17.2
CCE1_122W_33N,33.43,-122.48,6/14/2010,6:17:00,372.7,2,7.12,389.3,2,7.07,1022.7,15.6,100.97,14.911,33.173,375.3,392.1,371.3,387.9,-16.6,372.6,389.3,-16.7
CCE1_122W_33N,33.43,-122.48,6/14/2010,9:17:00,372.2,2,6.88,389.8,2,6.83,1022.6,15.4,100.97,14.799,33.168,374.8,392.5,370.8,388.3,-17.5,372.1,389.7,-17.6
CCE1_122W_33N,33.43,-122.48,6/14/2010,12:17:00,371.9,2,6.83,388.7,2,6.78,1022.1,15.3,100.87,14.737,33.162,374.4,391.4,370.3,387,-16.8,371.6,388.5,-16.9
CCE1_122W_33N,33.43,-122.48,6/14/2010,15:17:00,369.5,2,6.84,388.5,2,6.79,1022.9,15.3,100.87,14.655,33.144,372,391.1,368.2,387.1,-18.9,369.5,388.5,-19
CCE1_122W_33N,33.43,-122.48,6/14/2010,18:17:00,370,2,6.99,388.6,2,6.94,1023,15.3,100.82,14.61,33.138,372.6,391.3,368.8,387.3,-18.5,370.2,388.8,-18.6
CCE1_122W_33N,33.43,-122.48,6/14/2010,21:17:00,370.8,2,7.17,389.6,2,6.95,1022.6,15.3,100.82,14.665,33.153,373.5,392.3,369.6,388.2,-18.6,370.9,389.6,-18.7
CCE1_122W_33N,33.43,-122.48,6/15/2010,0:17:00,370.2,2,7.03,389,2,6.98,1021.2,15.3,100.87,14.721,33.166,372.8,391.7,368.4,387,-18.6,369.7,388.4,-18.7
CCE1_122W_33N,33.43,-122.48,6/15/2010,3:17:00,368.7,2,6.86,388.7,2,6.8,1020.7,15.3,100.92,14.67,33.129,371.3,391.4,366.6,386.5,-19.8,368,388,-19.9
CCE1_122W_33N,33.43,-122.48,6/15/2010,6:17:00,368.9,2,6.98,389.3,2,6.94,1020.6,15.2,100.92,14.669,33.122,371.5,392,366.9,387.1,-20.2,368.2,388.5,-20.3
CCE1_122W_33N,33.43,-122.48,6/15/2010,9:17:00,370.2,2,6.94,389.4,2,6.89,1019.3,15.1,100.92,14.663,33.13,372.8,392.1,367.7,386.7,-19.1,369,388.1,-19.1
CCE1_122W_33N,33.43,-122.48,6/15/2010,12:17:00,370,2,6.91,388.4,2,6.86,1018.9,15,100.87,14.652,33.134,372.6,391.1,367.3,385.5,-18.3,368.7,387,-18.3
CCE1_122W_33N,33.43,-122.48,6/15/2010,15:17:00,370,2,6.93,389.1,2,6.88,1019.8,15.1,100.78,14.613,33.129,372.6,391.8,367.6,386.6,-19,369,388,-19
CCE1_122W_33N,33.43,-122.48,6/15/2010,18:17:00,367.9,2,7.07,388.9,2,6.86,1020.4,15,100.78,14.48,33.125,370.6,391.6,365.9,386.7,-20.8,367.3,388.1,-20.8
CCE1_122W_33N,33.43,-122.48,6/15/2010,21:17:00,369.5,2,7.02,388.3,2,6.97,1020.7,14.9,100.78,14.338,33.13,372.1,391,367.6,386.3,-18.7,368.9,387.7,-18.7
CCE1_122W_33N,33.43,-122.48,6/16/2010,0:17:00,369.4,2,7.04,388.3,2,6.99,1019.9,14.9,100.83,14.352,33.132,372,391.1,367.2,386,-18.8,368.6,387.5,-18.9
CCE1_122W_33N,33.43,-122.48,6/16/2010,3:17:00,370.7,2,6.7,388.6,2,6.65,1019.9,14.9,100.78,14.317,33.133,373.2,391.2,368.4,386.1,-17.7,369.8,387.6,-17.8
CCE1_122W_33N,33.43,-122.48,6/16/2010,6:17:00,373.4,2,6.65,388.6,2,6.6,1020.1,14.8,100.73,14.443,33.158,375.9,391.2,371.1,386.1,-15.1,372.5,387.6,-15.2
CCE1_122W_33N,33.43,-122.48,6/16/2010,9:17:00,374,2,6.66,388.1,2,6.61,1020.3,14.8,100.63,14.468,33.163,376.5,390.7,371.8,385.8,-14,373.1,387.2,-14.1
CCE1_122W_33N,33.43,-122.48,6/16/2010,12:17:00,373.9,2,6.85,388.9,2,6.63,1020.3,14.9,100.58,14.514,33.162,376.5,391.4,371.7,386.5,-14.8,373.1,387.9,-14.8
CCE1_122W_33N,33.43,-122.48,6/16/2010,15:17:00,371,2,6.88,389.2,2,6.84,1021.7,15,100.48,14.635,33.153,373.6,391.9,369.3,387.4,-18.1,370.7,388.8,-18.2
CCE1_122W_33N,33.43,-122.48,6/16/2010,18:17:00,371.3,2,7.12,389,2,6.9,1022.4,15.1,100.39,14.731,33.139,373.9,391.7,369.9,387.5,-17.6,371.2,388.9,-17.7
CCE1_122W_33N,33.43,-122.48,6/16/2010,21:17:00,372.4,2,6.97,389.4,2,6.92,1022.1,15.2,100.39,14.64,33.11,375.1,392.1,370.9,387.8,-16.9,372.3,389.2,-16.9
CCE1_122W_33N,33.43,-122.48,6/17/2010,0:17:00,369.9,2,6.95,389,2,6.9,1020.8,15.1,100.39,14.508,33.079,372.5,391.7,367.9,386.9,-19,369.3,388.4,-19
CCE1_122W_33N,33.43,-122.48,6/17/2010,3:17:00,366.9,2,6.64,388.4,2,6.76,1020.6,15.2,100.49,14.37,33.07,369.3,391.1,364.8,386.3,-21.5,366.1,387.7,-21.6
CCE1_122W_33N,33.43,-122.48,6/17/2010,6:17:00,366.7,2,6.7,388.4,2,6.64,1021.3,14.9,100.44,14.127,33.036,369.2,391,365,386.6,-21.6,366.4,388,-21.6
CCE1_122W_33N,33.43,-122.48,6/17/2010,9:17:00,364.6,2,6.72,388.8,2,6.67,1021,14.6,100.44,13.727,33.021,367.1,391.4,362.9,387,-24.1,364.3,388.4,-24.1
CCE1_122W_33N,33.43,-122.48,6/17/2010,12:17:00,367.5,2,6.62,388.7,2,6.58,1020.4,14.3,100.34,13.654,33.033,369.9,391.3,365.6,386.7,-21.1,366.9,388.1,-21.2
CCE1_122W_33N,33.43,-122.48,6/17/2010,15:17:00,371.1,2,6.8,387.8,2,6.75,1021.4,14.4,100.29,13.639,33.072,373.6,390.4,369.6,386.2,-16.6,371,387.6,-16.7
CCE1_122W_33N,33.43,-122.48,6/17/2010,18:17:00,379.6,2,6.69,387.4,2,6.64,1021.6,14.5,100.19,13.698,33.109,382.1,390,378.1,385.8,-7.7,379.4,387.3,-7.8
CCE1_122W_33N,33.43,-122.48,6/17/2010,21:17:00,384,2,6.88,389.2,2,6.84,1021.5,14.6,100.29,13.787,33.157,386.7,391.9,382.5,387.7,-5.2,383.9,389.1,-5.2
CCE1_122W_33N,33.43,-122.48,6/18/2010,0:17:00,384.3,2,6.91,388.7,2,6.87,1020.7,14.6,100.34,13.798,33.16,387,391.3,382.5,386.8,-4.3,383.9,388.2,-4.3
CCE1_122W_33N,33.43,-122.48,6/18/2010,3:17:00,389.5,2,6.78,388.7,2,6.74,1020.5,14.7,100.39,13.811,33.206,392.1,391.3,387.5,386.7,0.8,388.9,388.1,0.8
CCE1_122W_33N,33.43,-122.48,6/18/2010,6:17:00,389.7,2,6.72,388.9,2,6.67,1021.1,14.6,100.39,13.78,33.187,392.3,391.5,387.9,387.2,0.8,389.4,388.6,0.8
CCE1_122W_33N,33.43,-122.48,6/18/2010,9:17:00,388.6,2,6.67,389,2,6.62,1020.8,14.4,100.34,13.808,33.185,391.2,391.6,386.7,387.1,-0.3,388.1,388.5,-0.4
CCE1_122W_33N,33.43,-122.48,6/18/2010,12:17:00,389.5,2,6.77,388.9,2,6.56,1020.6,14.3,100.29,13.799,33.193,392.1,391.5,387.6,386.9,0.6,389,388.4,0.6
CCE1_122W_33N,33.43,-122.48,6/18/2010,15:17:00,389.7,2,6.74,388.9,2,6.7,1022.4,14.2,100.29,13.866,33.213,392.4,391.5,388.4,387.6,0.8,389.9,389,0.9
CCE1_122W_33N,33.43,-122.48,6/18/2010,18:17:00,388.2,2,6.63,388.8,2,6.58,1023.6,14.4,100.29,13.933,33.223,390.8,391.3,387.3,387.9,-0.5,388.8,389.3,-0.5
CCE1_122W_33N,33.43,-122.48,6/18/2010,21:17:00,387,2,6.99,388.7,2,6.95,1023.8,14.5,100.44,13.961,33.223,389.7,391.4,386.3,388,-1.6,387.7,389.4,-1.7
CCE1_122W_33N,33.43,-122.48,6/19/2010,0:17:00,389.3,2,7.02,388.8,2,6.81,1023.6,14.5,100.44,13.999,33.237,392,391.4,388.5,387.9,0.6,389.9,389.3,0.6
CCE1_122W_33N,33.43,-122.48,6/19/2010,3:17:00,390.1,2,6.53,389.2,2,6.49,1023.7,14.6,100.48,13.995,33.24,392.7,391.7,389.2,388.3,1,390.7,389.7,1
CCE1_122W_33N,33.43,-122.48,6/19/2010,6:17:00,389.8,2,6.53,388.7,2,6.48,1024.6,14.6,100.43,13.967,33.239,392.4,391.3,389.3,388.2,1.1,390.7,389.6,1.1
CCE1_122W_33N,33.43,-122.48,6/19/2010,9:17:00,390.7,2,6.67,388.2,2,6.63,1024,14.5,100.44,13.98,33.239,393.3,390.7,390,387.4,2.6,391.4,388.8,2.6
CCE1_122W_33N,33.43,-122.48,6/19/2010,12:17:00,390.8,2,6.78,387.6,2,6.57,1024,14.4,100.44,14.011,33.241,393.4,390.2,390.1,386.8,3.2,391.5,388.3,3.2
CCE1_122W_33N,33.43,-122.48,6/19/2010,15:17:00,388.3,2,6.42,387.4,2,6.38,1025.9,14.3,100.39,14.044,33.24,390.8,389.9,388.2,387.3,0.9,389.6,388.7,0.9
CCE1_122W_33N,33.43,-122.48,6/19/2010,18:17:00,378.3,2,6.78,387.2,2,6.73,1026.9,14.4,100.43,14.068,33.188,380.9,389.9,378.7,387.6,-8.9,380.1,389.1,-9
CCE1_122W_33N,33.43,-122.48,6/19/2010,21:17:00,375,2,6.97,387.1,2,6.77,1026.6,14.5,100.43,14.124,33.158,377.7,389.7,375.3,387.4,-12,376.8,388.8,-12
CCE1_122W_33N,33.43,-122.48,6/20/2010,0:17:00,374.9,2,6.67,387.1,2,6.62,1025.6,14.5,100.48,14.154,33.153,377.4,389.7,374.7,386.9,-12.2,376.1,388.4,-12.3
CCE1_122W_33N,33.43,-122.48,6/20/2010,3:17:00,374.1,2,6.55,387.9,2,6.5,1025.6,14.6,100.58,14.131,33.155,376.5,390.5,373.9,387.7,-13.8,375.2,389.2,-14
CCE1_122W_33N,33.43,-122.48,6/20/2010,6:17:00,372.2,2,6.4,388.7,2,6.52,1026,14.7,100.48,14.036,33.118,374.6,391.3,372.1,388.7,-16.6,373.5,390.2,-16.7
CCE1_122W_33N,33.43,-122.48,6/20/2010,9:17:00,364.9,2,6.59,388.3,2,6.53,1025.2,14.7,100.43,14.075,33.036,367.3,390.8,364.5,387.9,-23.4,365.9,389.3,-23.4
CCE1_122W_33N,33.43,-122.48,6/20/2010,12:17:00,364.5,2,6.71,387.8,2,6.66,1024.6,14.6,100.29,14.074,33.018,366.9,390.4,364,387.3,-23.3,365.3,388.7,-23.4
CCE1_122W_33N,33.43,-122.48,6/20/2010,15:17:00,363.7,2,6.68,388,2,6.63,1025.6,14.5,100.24,14.068,33.012,366.1,390.6,363.5,387.9,-24.3,364.9,389.3,-24.4
CCE1_122W_33N,33.43,-122.48,6/20/2010,18:17:00,363,2,6.55,387.7,2,6.67,1025.8,14.6,100.24,14.125,33.011,365.4,390.3,362.9,387.6,-24.7,364.2,389,-24.8
CCE1_122W_33N,33.43,-122.48,6/20/2010,21:17:00,363.6,2,6.79,386.1,2,6.74,1024.8,14.8,100.19,14.157,33.016,366.1,388.7,363.2,385.7,-22.5,364.5,387.1,-22.5
CCE1_122W_33N,33.43,-122.48,6/21/2010,0:17:00,363.1,2,6.78,385.6,2,6.74,1023.9,14.8,100.24,14.108,33.02,365.6,388.3,362.4,384.9,-22.4,363.7,386.3,-22.6
CCE1_122W_33N,33.43,-122.48,6/21/2010,3:17:00,363.7,2,6.57,386.1,2,6.52,1023.2,14.6,100.24,14.027,33.027,366.1,388.6,362.7,385,-22.3,364,386.4,-22.4
CCE1_122W_33N,33.43,-122.48,6/21/2010,6:17:00,370,2,6.54,386.5,2,6.49,1023.3,14.6,100.19,13.956,33.095,372.5,389,369,385.4,-16.4,370.4,386.9,-16.4
CCE1_122W_33N,33.43,-122.48,6/21/2010,9:17:00,370.5,2,6.55,386.5,2,6.5,1022.4,14.6,100.15,13.854,33.11,373,389,369.3,385.1,-15.9,370.6,386.5,-15.9
CCE1_122W_33N,33.43,-122.48,6/21/2010,12:17:00,372,2,6.54,386,2,6.49,1021.8,14.5,100.15,13.865,33.111,374.4,388.6,370.5,384.5,-14,371.8,385.9,-14.1
CCE1_122W_33N,33.43,-122.48,6/21/2010,15:17:00,376.5,2,6.66,384.6,2,6.61,1022.6,14.5,100.05,13.747,33.134,379,387.1,375.3,383.4,-8.1,376.7,384.8,-8.1
CCE1_122W_33N,33.43,-122.48,6/21/2010,18:17:00,375.7,2,6.81,384,2,6.6,1023.3,14.4,100,13.674,33.119,378.3,386.6,374.9,383.1,-8.2,376.3,384.6,-8.3
CCE1_122W_33N,33.43,-122.48,6/21/2010,21:17:00,374.2,2,6.73,384.5,2,6.68,1022.7,14.6,100.1,13.885,33.14,376.7,387,373.1,383.3,-10.2,374.4,384.7,-10.2
CCE1_122W_33N,33.43,-122.48,6/22/2010,0:17:00,374.6,2,6.78,384.2,2,6.73,1022.2,14.7,100.24,13.916,33.142,377.1,386.8,373.3,382.9,-9.6,374.6,384.3,-9.6
CCE1_122W_33N,33.43,-122.48,6/22/2010,3:17:00,374.7,2,6.75,384.6,2,6.7,1022.2,14.7,100.19,13.939,33.138,377.2,387.2,373.3,383.2,-9.9,374.7,384.7,-9.9
CCE1_122W_33N,33.43,-122.48,6/22/2010,6:17:00,372.5,2,6.74,385.4,2,6.69,1023,14.6,100.29,14.05,33.128,375.1,388,371.5,384.3,-12.8,372.9,385.7,-12.8
CCE1_122W_33N,33.43,-122.48,6/22/2010,9:17:00,372,2,6.77,386.7,2,6.73,1022.7,14.7,100.24,14.109,33.12,374.6,389.3,370.9,385.4,-14.6,372.3,386.9,-14.6
CCE1_122W_33N,33.43,-122.48,6/22/2010,12:17:00,372.2,2,6.77,387.5,2,6.72,1022.1,14.7,100.19,14.159,33.11,374.7,390.1,370.7,386,-15.3,372.1,387.4,-15.3
CCE1_122W_33N,33.43,-122.48,6/22/2010,15:17:00,369.4,2,6.76,387.7,2,6.71,1023.3,14.7,100.15,14.232,33.093,371.9,390.4,368.4,386.7,-18.3,369.7,388.1,-18.4
CCE1_122W_33N,33.43,-122.48,6/22/2010,18:17:00,366.9,2,6.97,387.6,2,6.75,1024.1,14.8,100.24,14.318,33.084,369.5,390.2,366.2,386.8,-20.6,367.6,388.2,-20.6
CCE1_122W_33N,33.43,-122.48,6/22/2010,21:17:00,365.6,2,6.92,387.4,2,6.87,1023.8,15.1,100.29,14.468,33.077,368.2,390.1,364.8,386.5,-21.7,366.2,387.9,-21.8
CCE1_122W_33N,33.43,-122.48,6/23/2010,0:17:00,364.6,2,6.97,387.2,2,6.92,1022.4,15.2,100.39,14.532,33.078,367.2,389.9,363.3,385.7,-22.5,364.6,387.2,-22.5
CCE1_122W_33N,33.43,-122.48,6/23/2010,3:17:00,364.4,2,6.94,386.7,2,6.89,1022.3,15.1,100.44,14.496,33.079,367,389.4,363,385.2,-22.2,364.4,386.7,-22.2
CCE1_122W_33N,33.43,-122.48,6/23/2010,6:17:00,364.2,2,6.91,385.7,2,6.69,1022.8,15.1,100.44,14.492,33.081,366.7,388.3,363,384.4,-21.4,364.3,385.8,-21.5
CCE1_122W_33N,33.43,-122.48,6/23/2010,9:17:00,365.3,2,6.78,385.7,2,6.73,1022.2,15.1,100.44,14.509,33.081,367.8,388.3,363.8,384.1,-20.3,365.2,385.5,-20.4
CCE1_122W_33N,33.43,-122.48,6/23/2010,12:17:00,365.7,2,6.77,384.7,2,6.71,1021.6,15.1,100.34,14.501,33.077,368.2,387.3,364,382.9,-18.9,365.3,384.3,-19
CCE1_122W_33N,33.43,-122.48,6/23/2010,15:17:00,366.8,2,6.85,385.1,2,6.8,1022.3,14.9,100.29,14.458,33.074,369.3,387.7,365.4,383.6,-18.2,366.7,385,-18.3
CCE1_122W_33N,33.43,-122.48,6/23/2010,18:17:00,365.9,2,7.04,384.7,2,6.99,1023.1,15,100.24,14.469,33.072,368.5,387.4,364.9,383.5,-18.7,366.2,385,-18.8
CCE1_122W_33N,33.43,-122.48,6/23/2010,21:17:00,364.7,2,7.3,384.6,2,7.08,1022.7,15.2,100.29,14.511,33.072,367.4,387.3,363.6,383.3,-19.7,364.9,384.7,-19.8
CCE1_122W_33N,33.43,-122.48,6/24/2010,0:17:00,365.5,2,7.16,385.2,2,6.93,1021.3,15.2,100.34,14.527,33.067,368.1,387.8,363.8,383.3,-19.5,365.1,384.7,-19.5
CCE1_122W_33N,33.43,-122.48,6/24/2010,3:17:00,365.2,2,6.91,385.4,2,6.86,1021.4,15,100.24,14.483,33.066,367.8,388,363.5,383.5,-20,364.9,384.9,-20
CCE1_122W_33N,33.43,-122.48,6/24/2010,6:17:00,365.6,2,6.87,385.7,2,6.83,1022.1,15,100.29,14.451,33.065,368.2,388.4,364.2,384.1,-20,365.5,385.6,-20.1
CCE1_122W_33N,33.43,-122.48,6/24/2010,9:17:00,368.8,2,6.87,386.3,2,6.82,1021.3,14.9,100.19,14.502,33.095,371.4,388.9,367,384.4,-17.3,368.4,385.8,-17.4
CCE1_122W_33N,33.43,-122.48,6/24/2010,12:17:00,372.2,2,6.94,386.6,2,6.9,1020.7,15.1,100.24,14.52,33.121,374.8,389.2,370.2,384.5,-14.2,371.6,385.8,-14.3
CCE1_122W_33N,33.43,-122.48,6/24/2010,15:17:00,370.2,2,7.13,386.7,2,7.08,1021.2,15.1,100.24,14.389,33.094,372.8,389.5,368.5,384.9,-16.5,369.8,386.4,-16.6
CCE1_122W_33N,33.43,-122.48,6/24/2010,18:17:00,368,2,7.23,385.9,2,7.19,1021.9,15.4,100.24,14.492,33.093,370.7,388.7,366.6,384.4,-17.8,367.9,385.8,-17.9
CCE1_122W_33N,33.43,-122.48,6/24/2010,21:17:00,368.2,2,7.31,385.6,2,7.27,1021.8,15.6,100.34,14.674,33.099,370.9,388.4,366.7,384,-17.3,368,385.4,-17.4
CCE1_122W_33N,33.43,-122.48,6/25/2010,0:17:00,367.8,2,6.98,387.4,2,6.93,1020.9,15.6,100.34,14.677,33.099,370.4,390.1,365.8,385.3,-19.5,367.2,386.7,-19.5
CCE1_122W_33N,33.43,-122.48,6/25/2010,3:17:00,366.6,2,6.91,387.3,2,6.86,1021,15.4,100.49,14.579,33.101,369.1,390,364.7,385.3,-20.6,366,386.7,-20.7
CCE1_122W_33N,33.43,-122.48,6/25/2010,6:17:00,366.1,2,6.8,387.3,2,6.74,1021.3,15.2,100.49,14.461,33.084,368.6,389.9,364.3,385.4,-21.1,365.6,386.8,-21.1
CCE1_122W_33N,33.43,-122.48,6/25/2010,9:17:00,365.4,2,6.76,386.8,2,6.71,1021.1,15.1,100.49,14.447,33.085,367.9,389.4,363.5,384.8,-21.3,364.9,386.2,-21.3
CCE1_122W_33N,33.43,-122.48,6/25/2010,12:17:00,365.2,2,6.76,387.3,2,6.71,1021,15.1,100.49,14.429,33.086,367.7,389.9,363.3,385.3,-21.9,364.7,386.7,-22
CCE1_122W_33N,33.43,-122.48,6/25/2010,15:17:00,366.9,2,6.93,386.2,2,6.88,1022.1,15.1,100.34,14.609,33.114,369.4,388.9,365.4,384.6,-19.2,366.7,386,-19.4
CCE1_122W_33N,33.43,-122.48,6/25/2010,18:17:00,367.1,2,7.12,385.7,2,7.07,1022.6,15.2,100.39,14.706,33.124,369.8,388.4,365.8,384.3,-18.4,367.2,385.7,-18.5
CCE1_122W_33N,33.43,-122.48,6/25/2010,21:17:00,367.9,2,7.23,385.2,2,7.18,1022.3,15.4,100.34,14.751,33.13,370.5,388,366.5,383.7,-17.3,367.8,385.2,-17.4
CCE1_122W_33N,33.43,-122.48,6/26/2010,0:17:00,368.9,2,7.31,385.4,2,7.27,1021.6,15.6,100.34,14.819,33.145,371.6,388.2,367.2,383.6,-16.4,368.6,385.1,-16.5
CCE1_122W_33N,33.43,-122.48,6/26/2010,3:17:00,369,2,6.92,385.1,2,6.87,1021.2,15.5,100.34,14.73,33.144,371.5,387.8,367.1,383.1,-16.1,368.4,384.5,-16.2
CCE1_122W_33N,33.43,-122.48,6/26/2010,6:17:00,369.3,2,6.99,385.5,2,6.77,1021.7,15.2,100.34,14.736,33.145,371.9,388.2,367.6,383.7,-16.1,369,385.1,-16.2
CCE1_122W_33N,33.43,-122.48,6/26/2010,9:17:00,368.5,2,6.82,386.3,2,6.77,1021.5,15.2,100.29,14.717,33.147,371.1,388.9,366.7,384.3,-17.6,368.1,385.8,-17.7
CCE1_122W_33N,33.43,-122.48,6/26/2010,12:17:00,369,2,6.89,386.6,2,6.84,1021.2,15.4,100.29,14.708,33.154,371.6,389.3,367.1,384.6,-17.5,368.5,386,-17.6
CCE1_122W_33N,33.43,-122.48,6/26/2010,15:17:00,369.3,2,6.89,387.2,2,6.83,1022.2,15.4,100.24,13.979,33.057,371.9,389.9,368.1,385.9,-17.8,369.4,387.3,-17.9
CCE1_122W_33N,33.43,-122.48,6/26/2010,18:17:00,369.5,2,6.88,387.5,2,6.82,1022.4,15,100.29,13.895,33.041,372.1,390.2,368.3,386.2,-17.9,369.7,387.7,-18
CCE1_122W_33N,33.43,-122.48,6/26/2010,21:17:00,368.2,2,7.03,388,2,6.99,1021.6,14.9,100.39,13.971,33.053,370.8,390.8,366.8,386.5,-19.7,368.1,388,-19.9
CCE1_122W_33N,33.43,-122.48,6/27/2010,0:17:00,368.2,2,7.05,388.1,2,6.83,1020.1,14.9,100.54,13.969,33.059,370.8,390.7,366.2,385.9,-19.7,367.6,387.3,-19.7
CCE1_122W_33N,33.43,-122.48,6/27/2010,3:17:00,365.2,2,6.82,387,2,6.77,1019.6,14.8,100.58,13.959,33.037,367.7,389.6,363,384.7,-21.7,364.3,386,-21.7
CCE1_122W_33N,33.43,-122.48,6/27/2010,6:17:00,365.7,2,6.82,387.1,2,6.77,1019.6,14.8,100.63,13.957,33.02,368.2,389.7,363.5,384.7,-21.2,364.8,386.1,-21.3
CCE1_122W_33N,33.43,-122.48,6/27/2010,9:17:00,364.8,2,6.84,386.9,2,6.79,1018,14.8,100.63,14.003,33.018,367.3,389.5,362,383.9,-21.9,363.3,385.3,-22
CCE1_122W_33N,33.43,-122.48,6/27/2010,12:17:00,364.4,2,6.89,386.8,2,6.84,1017.1,14.9,100.59,14.179,33.033,367,389.4,361.3,383.4,-22.1,362.6,384.8,-22.1
CCE1_122W_33N,33.43,-122.48,6/27/2010,15:17:00,366.8,2,6.95,386.6,2,6.9,1017.1,15.1,100.63,14.379,33.078,369.4,389.2,363.6,383.1,-19.5,364.9,384.5,-19.6
CCE1_122W_33N,33.43,-122.48,6/27/2010,18:17:00,371.5,2,7.23,386.9,2,7.19,1017.1,15.3,100.49,14.681,33.137,374.2,389.7,368.3,383.5,-15.2,369.6,384.9,-15.3
CCE1_122W_33N,33.43,-122.48,6/27/2010,21:17:00,374.1,2,7.35,386.7,2,7.3,1016,15.6,100.44,14.84,33.155,376.9,389.6,370.4,382.9,-12.4,371.8,384.3,-12.5
CCE1_122W_33N,33.43,-122.48,6/28/2010,0:17:00,371.5,2,7.44,386.7,2,7.2,1015.2,15.8,100.49,14.876,33.15,374.3,389.5,367.5,382.5,-14.9,368.9,383.9,-15
CCE1_122W_33N,33.43,-122.48,6/28/2010,3:17:00,371.8,2,7.23,386.6,2,7.18,1014.2,15.7,100.54,14.805,33.14,374.5,389.4,367.4,382.1,-14.7,368.7,383.4,-14.7
CCE1_122W_33N,33.43,-122.48,6/28/2010,6:17:00,372.6,2,7.16,386.7,2,7.11,1014.6,15.5,100.49,14.755,33.136,375.3,389.5,368.3,382.3,-14,369.7,383.7,-14
CCE1_122W_33N,33.43,-122.48,6/28/2010,9:17:00,374,2,7.33,385.8,2,7.29,1013.7,15.5,100.54,14.736,33.136,376.8,388.6,369.5,381.1,-11.7,370.9,382.5,-11.6
CCE1_122W_33N,33.43,-122.48,6/28/2010,12:17:00,372.7,2,7.37,386.6,2,7.32,1013.3,15.6,100.54,14.751,33.146,375.4,389.4,368,381.7,-13.7,369.3,383.1,-13.8
CCE1_122W_33N,33.43,-122.48,6/28/2010,15:17:00,373.6,2,7.75,386.3,2,7.71,1014.2,15.6,100.44,14.736,33.131,376.5,389.3,369.4,382,-12.6,370.7,383.3,-12.6
CCE1_122W_33N,33.43,-122.48,6/28/2010,18:17:00,377.6,2,7.68,386.1,2,7.63,1014.6,15.9,100.49,15.069,33.127,380.6,389.1,373.4,381.7,-8.3,374.8,383.2,-8.4
CCE1_122W_33N,33.43,-122.48,6/28/2010,21:17:00,378.6,2,7.77,386.2,2,7.55,1014.7,16.1,100.64,15.181,33.115,381.5,389.1,374.3,381.8,-7.5,375.7,383.2,-7.5
CCE1_122W_33N,33.43,-122.48,6/29/2010,0:17:00,372.8,2,7.58,386.3,2,7.53,1013.9,16,100.68,15.013,33.061,375.6,389.3,368.3,381.7,-13.4,369.6,383.1,-13.5
CCE1_122W_33N,33.43,-122.48,6/29/2010,3:17:00,372.2,2,7.05,387.2,2,6.99,1014.2,15.7,100.78,14.596,33.023,374.8,389.9,367.8,382.6,-14.8,369.1,384,-14.9
CCE1_122W_33N,33.43,-122.48,6/29/2010,6:17:00,375.3,2,7.02,387.3,2,6.97,1015.4,15.2,100.68,14.605,33.024,377.9,390,371.3,383.1,-11.9,372.6,384.5,-11.9
CCE1_122W_33N,33.43,-122.48,6/29/2010,9:17:00,375.3,2,6.97,388.1,2,6.93,1015.3,15.1,100.73,14.639,33.02,378,390.8,371.3,383.9,-12.6,372.7,385.3,-12.6
CCE1_122W_33N,33.43,-122.48,6/29/2010,12:17:00,372.6,2,6.97,387.6,2,6.92,1015.4,15.1,100.73,14.5,33.027,375.2,390.3,368.7,383.5,-14.8,370,384.9,-14.9
CCE1_122W_33N,33.43,-122.48,6/29/2010,15:17:00,372.8,2,7,387.3,2,6.95,1016.7,15.2,100.68,14.752,33.074,375.5,390,369.3,383.6,-14.3,370.7,385,-14.3
CCE1_122W_33N,33.43,-122.48,6/29/2010,18:17:00,369,2,6.94,388.5,2,6.89,1017.8,15.1,100.68,14.062,32.967,371.5,391.2,366.1,385.4,-19.3,367.4,386.9,-19.5
CCE1_122W_33N,33.43,-122.48,6/29/2010,21:17:00,372.6,2,7.09,386,2,7.05,1018.3,15,100.68,14.109,32.975,375.3,388.8,369.9,383.2,-13.3,371.3,384.7,-13.4
CCE1_122W_33N,33.43,-122.48,6/30/2010,0:17:00,373.8,2,7.14,385.5,2,7.09,1017.7,15.1,100.77,14.162,32.996,376.5,388.3,370.9,382.5,-11.6,372.3,383.9,-11.7
CCE1_122W_33N,33.43,-122.48,6/30/2010,3:17:00,366.6,2,7.1,384.5,2,6.88,1018,15,100.82,13.949,32.954,369.2,387.2,363.9,381.6,-17.7,365.2,383,-17.8
CCE1_122W_33N,33.43,-122.48,6/30/2010,6:17:00,368.5,2,7.02,384.3,2,6.81,1018.8,14.9,100.77,13.871,32.968,371.1,386.9,366.1,381.7,-15.6,367.4,383.1,-15.6
CCE1_122W_33N,33.43,-122.48,6/30/2010,9:17:00,374.2,2,6.85,384.9,2,6.8,1018.4,14.9,100.77,13.871,33.011,376.8,387.5,371.5,382.1,-10.6,372.9,383.5,-10.6
CCE1_122W_33N,33.43,-122.48,6/30/2010,12:17:00,372.2,2,6.82,384.9,2,6.78,1018.5,14.8,100.77,13.877,32.983,374.8,387.6,369.6,382.2,-12.6,371,383.7,-12.7
CCE1_122W_33N,33.43,-122.48,6/30/2010,15:17:00,365.5,2,7,384.8,2,6.95,1019.2,14.8,100.73,13.854,32.952,368,387.5,363.2,382.4,-19.2,364.5,383.8,-19.3
CCE1_122W_33N,33.43,-122.48,6/30/2010,18:17:00,365.5,2,7.03,384.9,2,6.99,1020.2,14.9,100.72,14.065,32.953,368.1,387.6,363.5,382.8,-19.3,364.9,384.2,-19.3
CCE1_122W_33N,33.43,-122.48,6/30/2010,21:17:00,367.9,2,6.88,384.8,2,6.83,1020.3,15,100.72,14.017,32.957,370.5,387.4,366,382.7,-16.7,367.3,384.1,-16.8
CCE1_122W_33N,33.43,-122.48,7/1/2010,0:17:00,372.2,2,6.88,385.2,2,7,1019.6,14.9,100.68,14.132,32.969,374.8,387.9,370,382.8,-12.9,371.3,384.3,-13
CCE1_122W_33N,33.43,-122.48,7/1/2010,3:17:00,369.1,2,6.93,384.8,2,6.88,1019.6,15.1,100.72,14.131,32.961,371.6,387.5,366.8,382.5,-15.7,368.1,383.9,-15.8
CCE1_122W_33N,33.43,-122.48,7/1/2010,6:17:00,367,2,6.7,384.3,2,6.65,1020.5,14.9,100.72,14.081,32.96,369.4,386.8,365,382.2,-17.2,366.3,383.5,-17.3
CCE1_122W_33N,33.43,-122.48,7/1/2010,9:17:00,366.9,2,6.87,384.2,2,6.82,1019.9,14.9,100.63,14.239,32.935,369.4,386.9,364.7,381.9,-17.3,366,383.4,-17.3
CCE1_122W_33N,33.43,-122.48,7/1/2010,12:17:00,367.2,2,6.83,383.7,2,6.78,1020.1,14.8,100.63,14.261,32.949,369.7,386.3,365.1,381.4,-16.3,366.4,382.8,-16.5
CCE1_122W_33N,33.43,-122.48,7/1/2010,15:17:00,365.7,2,7.04,383.6,2,6.83,1020.4,14.9,100.58,14.245,32.957,368.3,386.2,363.8,381.4,-17.7,365.1,382.9,-17.7
CCE1_122W_33N,33.43,-122.48,7/1/2010,18:17:00,364.4,2,6.92,383.2,2,6.87,1021.2,15.1,100.68,14.266,32.95,366.9,385.9,362.7,381.4,-18.8,364,382.8,-18.8
CCE1_122W_33N,33.43,-122.48,7/1/2010,21:17:00,363.7,2,6.93,383.1,2,6.89,1020.6,15.1,100.68,14.217,32.958,366.2,385.7,361.8,381.1,-19.3,363.1,382.4,-19.3
CCE1_122W_33N,33.43,-122.48,7/2/2010,0:17:00,363,2,6.92,383.7,2,7.04,1019.5,15,100.82,14.25,32.954,365.6,386.4,360.7,381.3,-20.6,362.1,382.7,-20.6
CCE1_122W_33N,33.43,-122.48,7/2/2010,3:17:00,365.1,2,7.13,383.6,2,7.08,1019,15.1,100.87,14.231,32.945,367.7,386.4,362.7,381.1,-18.4,364,382.5,-18.5
CCE1_122W_33N,33.43,-122.48,7/2/2010,6:17:00,367.3,2,6.95,384.5,2,6.9,1018.9,15.1,100.77,14.314,32.952,369.9,387.2,364.8,381.8,-17.1,366.1,383.2,-17.1
CCE1_122W_33N,33.43,-122.48,7/2/2010,9:17:00,368,2,7,384.3,2,6.95,1018.1,15.2,100.68,14.398,32.963,370.6,387,365.2,381.3,-16.1,366.5,382.7,-16.2
CCE1_122W_33N,33.43,-122.48,7/2/2010,12:17:00,368.7,2,7.02,383.6,2,6.97,1017.7,15.2,100.58,14.43,32.97,371.3,386.3,365.6,380.5,-14.8,367,381.8,-14.8
CCE1_122W_33N,33.43,-122.48,7/2/2010,15:17:00,367,2,7.21,382.4,2,7.17,1018.1,15.3,100.58,14.478,32.977,369.7,385.2,364.2,379.5,-15.3,365.6,380.9,-15.3
CCE1_122W_33N,33.43,-122.48,7/2/2010,18:17:00,367.6,2,7.1,381.8,2,7.06,1018.5,15.4,100.44,14.606,32.997,370.2,384.5,364.9,378.9,-14,366.2,380.3,-14.1
CCE1_122W_33N,33.43,-122.48,7/2/2010,21:17:00,369.4,2,7.14,381,2,7.26,1018,15.5,100.48,14.668,32.999,372,383.8,366.4,378,-11.6,367.7,379.4,-11.7
CCE1_122W_33N,33.43,-122.48,7/3/2010,0:17:00,367.9,2,7.12,380.6,2,7.24,1017.2,15.5,100.53,14.59,32.971,370.5,383.4,364.7,377.3,-12.6,366,378.7,-12.7
CCE1_122W_33N,33.43,-122.48,7/3/2010,3:17:00,367.8,2,7.11,380.2,2,7.07,1016.9,15.4,100.53,14.588,32.965,370.4,382.9,364.5,376.7,-12.2,365.8,378.1,-12.3
CCE1_122W_33N,33.43,-122.48,7/3/2010,6:17:00,369.7,2,6.92,380.9,2,6.88,1017.2,15.4,100.48,14.727,32.992,372.3,383.5,366.4,377.4,-11,367.7,378.8,-11.1
CCE1_122W_33N,33.43,-122.48,7/3/2010,9:17:00,371.8,2,7.31,381.9,2,7.26,1016.5,15.5,100.39,14.797,33.005,374.5,384.7,368.3,378.3,-10,369.6,379.7,-10.1
CCE1_122W_33N,33.43,-122.48,7/3/2010,12:17:00,373.5,2,7.33,382.3,2,7.29,1016.2,15.5,100.34,14.855,33.017,376.2,385.1,369.8,378.6,-8.8,371.1,379.9,-8.8
CCE1_122W_33N,33.43,-122.48,7/3/2010,15:17:00,375,2,7.19,381.6,2,7.14,1017.3,15.6,100.24,14.786,33.084,377.8,384.4,371.8,378.3,-6.5,373.2,379.7,-6.5
CCE1_122W_33N,33.43,-122.48,7/3/2010,18:17:00,375.1,2,7.28,381.9,2,7.23,1018.3,15.4,100.15,14.644,33.079,377.8,384.6,372.2,379,-6.7,373.6,380.3,-6.7
CCE1_122W_33N,33.43,-122.48,7/3/2010,21:17:00,375.9,2,7.52,382,2,7.48,1018.1,15.6,100.05,14.761,33.083,378.7,384.9,373,379.1,-6.1,374.4,380.5,-6.1
CCE1_122W_33N,33.43,-122.48,7/4/2010,0:17:00,375.5,2,7.25,382.4,2,7.38,1017.3,15.8,100.05,15.044,33.099,378.2,385.3,372.1,379,-6.9,373.4,380.5,-7
CCE1_122W_33N,33.43,-122.48,7/4/2010,3:17:00,375.3,2,7.27,382.9,2,7.22,1017.2,15.8,100.1,15.141,33.105,378.1,385.7,371.9,379.4,-7.5,373.3,380.8,-7.5
CCE1_122W_33N,33.43,-122.48,7/4/2010,6:17:00,376.2,2,7.31,383.5,2,7.25,1017.9,15.9,100,15.261,33.111,378.9,386.3,373,380.2,-7.2,374.3,381.6,-7.3
CCE1_122W_33N,33.43,-122.48,7/4/2010,9:17:00,376.9,2,7.34,384,2,7.3,1017.8,16,99.95,15.319,33.117,379.7,386.8,373.7,380.6,-7,375,382,-7
CCE1_122W_33N,33.43,-122.48,7/4/2010,12:17:00,377.2,2,7.33,383.6,2,7.27,1017.8,15.9,99.95,15.302,33.112,380,386.4,374,380.3,-6.3,375.3,381.6,-6.3
CCE1_122W_33N,33.43,-122.48,7/4/2010,15:17:00,375.8,2,7.27,382.8,2,7.22,1019.1,15.8,99.95,15.237,33.104,378.6,385.6,373,380,-6.9,374.4,381.4,-6.9
CCE1_122W_33N,33.43,-122.48,7/4/2010,18:17:00,375.9,2,7.64,382.4,2,7.6,1020.2,15.9,99.95,15.317,33.111,378.7,385.3,373.6,380.1,-6.5,374.9,381.4,-6.5
CCE1_122W_33N,33.43,-122.48,7/4/2010,21:17:00,376.1,2,7.91,382.4,2,7.69,1019.9,16.1,100.05,15.327,33.109,379.1,385.3,373.8,380,-6.1,375.2,381.3,-6.1
CCE1_122W_33N,33.43,-122.48,7/5/2010,0:17:00,374,2,7.7,382.4,2,7.65,1019,16,100.15,14.91,33.079,376.9,385.3,371.5,379.8,-8.3,372.9,381.2,-8.3
CCE1_122W_33N,33.43,-122.48,7/5/2010,3:17:00,375.1,2,7.41,382.5,2,7.35,1018.9,15.7,100.29,15.053,33.099,377.9,385.3,372.3,379.7,-7.4,373.7,381.1,-7.3
CCE1_122W_33N,33.43,-122.48,7/5/2010,6:17:00,374.8,2,7.41,382.4,2,7.18,1019.3,15.8,100.24,15.158,33.11,377.6,385.2,372.2,379.6,-7.4,373.6,381.1,-7.5
CCE1_122W_33N,33.43,-122.48,7/5/2010,9:17:00,376.8,2,7.25,382.3,2,7.2,1018.5,15.8,100.19,15.262,33.085,379.6,385,373.8,379.2,-5.4,375.2,380.5,-5.3
CCE1_122W_33N,33.43,-122.48,7/5/2010,12:17:00,377.5,2,7.16,382.4,2,7.11,1018.3,15.6,100.15,15.191,33.081,380.2,385.2,374.4,379.3,-4.9,375.7,380.7,-4.9
CCE1_122W_33N,33.43,-122.48,7/5/2010,15:17:00,379,2,7.3,383.2,2,7.25,1019,15.5,100.1,15.264,33.11,381.8,386,376.2,380.4,-4.2,377.6,381.7,-4.2
CCE1_122W_33N,33.43,-122.48,7/5/2010,18:17:00,378.1,2,7.72,382.8,2,7.5,1019.5,15.7,100.05,15.37,33.116,381,385.7,375.5,380.1,-4.6,376.9,381.6,-4.6
CCE1_122W_33N,33.43,-122.48,7/5/2010,21:17:00,385.1,2,8.01,382.8,2,7.78,1018.8,16.3,100.1,15.482,33.18,388.2,385.8,382.3,380,2.4,383.7,381.3,2.4
CCE1_122W_33N,33.43,-122.48,7/6/2010,0:17:00,392.4,2,8.05,382.8,2,7.61,1017.6,17.1,100.19,15.574,33.246,395.6,385.7,389.1,379.4,9.7,390.5,380.7,9.8
CCE1_122W_33N,33.43,-122.48,7/6/2010,3:17:00,387,2,7.58,383.1,2,7.32,1017.1,16.9,100.24,15.753,33.155,390,385.9,383.3,379.4,4,384.7,380.7,4
CCE1_122W_33N,33.43,-122.48,7/6/2010,6:17:00,380.3,2,7.47,384.3,2,7.23,1018.1,16.3,100.24,15.567,33.091,383.2,387.1,377.1,380.9,-3.9,378.5,382.3,-3.9
CCE1_122W_33N,33.43,-122.48,7/6/2010,9:17:00,387.5,2,7.51,383.5,2,7.27,1016.9,15.9,100.19,15.768,33.132,390.5,386.3,383.7,379.7,4,385.1,381,4.1
CCE1_122W_33N,33.43,-122.48,7/6/2010,12:17:00,379.6,2,7.41,383,2,7.18,1016.6,15.7,100.19,15.348,33.084,382.5,385.7,375.9,379.1,-3.2,377.3,380.5,-3.2
CCE1_122W_33N,33.43,-122.48,7/6/2010,15:17:00,384.9,2,7.35,382.9,2,7.13,1017.2,15.6,100.1,15.563,33.095,387.7,385.6,381.2,379.2,2.1,382.6,380.5,2.1
CCE1_122W_33N,33.43,-122.48,7/6/2010,18:17:00,382.2,2,7.61,382.7,2,7.38,1017.8,15.8,100.1,15.519,33.094,385.2,385.6,378.9,379.3,-0.4,380.4,380.7,-0.4
CCE1_122W_33N,33.43,-122.48,7/6/2010,21:17:00,388.4,2,7.99,382.1,2,7.76,1017.2,16.2,100.15,15.856,33.128,391.5,385.1,384.8,378.5,6.3,386.2,379.9,6.3
CCE1_122W_33N,33.43,-122.48,7/7/2010,0:17:00,393.2,2,7.88,381.9,2,7.64,1016,16.7,100.24,15.987,33.169,396.3,384.8,389,377.7,11.3,390.4,379.1,11.3
CCE1_122W_33N,33.43,-122.48,7/7/2010,3:17:00,390.9,2,7.69,382,2,7.44,1015.8,16.7,100.24,16.046,33.099,393.9,384.8,386.6,377.7,8.9,387.9,379,9
CCE1_122W_33N,33.43,-122.48,7/7/2010,6:17:00,390,2,7.7,381.8,2,7.46,1016.3,16.4,100.19,15.936,33.116,393.1,384.7,386,377.7,8.2,387.4,379.1,8.3
CCE1_122W_33N,33.43,-122.48,7/7/2010,9:17:00,382.5,2,7.63,381.9,2,7.4,1015.6,16.2,100.15,15.579,33.107,385.4,384.7,378.4,377.6,0.7,379.7,379,0.7
CCE1_122W_33N,33.43,-122.48,7/7/2010,12:17:00,384.2,2,7.57,381.6,2,7.33,1015.6,16,100.15,15.639,33.122,387.2,384.5,380,377.4,2.7,381.4,378.8,2.7
CCE1_122W_33N,33.43,-122.48,7/7/2010,15:17:00,384,2,7.73,381.4,2,7.32,1016.9,16,100.1,15.709,33.132,387,384.3,380.3,377.6,2.7,381.7,379,2.7
CCE1_122W_33N,33.43,-122.48,7/7/2010,18:17:00,384.3,2,8.02,381.2,2,7.8,1017.9,16.3,100.1,15.81,33.141,387.4,384.2,381.1,377.9,3.2,382.4,379.3,3.2
CCE1_122W_33N,33.43,-122.48,7/7/2010,21:17:00,396.5,2,8.48,380,2,8.44,1017.4,17.2,100.24,16.222,33.284,399.9,383.3,393,376.6,16.4,394.4,378,16.4
CCE1_122W_33N,33.43,-122.48,7/8/2010,0:17:00,403.4,2,8.63,380.9,2,8.17,1016.7,17.8,100.24,16.824,33.192,406.9,384,399.3,376.9,22.4,400.7,378.2,22.6
CCE1_122W_33N,33.43,-122.48,7/8/2010,3:17:00,399.8,2,7.99,381,2,7.72,1017,17.8,100.34,16.431,33.264,403,384,395.8,377.1,18.7,397.2,378.5,18.7
CCE1_122W_33N,33.43,-122.48,7/8/2010,6:17:00,398.6,2,8.07,381.6,2,7.82,1017.8,17.1,100.29,16.6,33.188,401.9,384.6,394.9,378,16.9,396.4,379.3,17.1
CCE1_122W_33N,33.43,-122.48,7/8/2010,9:17:00,386,2,7.88,381.9,2,7.44,1017.7,16.7,100.19,15.919,33.143,389.1,384.8,382.6,378.4,4.2,384,379.7,4.2
CCE1_122W_33N,33.43,-122.48,7/8/2010,12:17:00,387.4,2,7.69,383.2,2,7.27,1017.7,16.4,100.14,16.067,33.151,390.4,386,383.9,379.5,4.3,385.2,380.9,4.3
CCE1_122W_33N,33.43,-122.48,7/8/2010,15:17:00,385.3,2,7.75,383.5,2,7.34,1019.2,16.1,100.05,15.822,33.146,388.3,386.3,382.4,380.5,1.9,383.8,381.8,2
CCE1_122W_33N,33.43,-122.48,7/8/2010,18:17:00,383.2,2,7.98,381.3,2,7.75,1019.5,16.2,100,15.821,33.135,386.3,384.3,380.6,378.6,1.9,382,380,2
CCE1_122W_33N,33.43,-122.48,7/8/2010,21:17:00,396,2,8.28,380.8,2,8.05,1019.3,16.8,100.15,16.015,33.146,399.3,383.9,393.2,378,15.2,394.6,379.4,15.2
CCE1_122W_33N,33.43,-122.48,7/9/2010,0:17:00,404.6,2,8.44,380.9,2,7.99,1018.4,17.5,100.34,15.153,33.173,408.1,384,401.9,378.1,23.7,403.4,379.5,23.8
CCE1_122W_33N,33.43,-122.48,7/9/2010,3:17:00,399.9,2,7.88,381.5,2,7.63,1018.4,17.2,100.29,16.612,33.168,403.1,384.4,396.4,378,18.4,397.8,379.3,18.5
CCE1_122W_33N,33.43,-122.48,7/9/2010,6:17:00,388.2,2,7.94,381.7,2,7.52,1019.6,16.5,100.19,16.105,33.122,391.3,384.5,385.4,378.8,6.7,386.8,380.1,6.7
CCE1_122W_33N,33.43,-122.48,7/9/2010,9:17:00,382.4,2,7.83,380.8,2,7.59,1019.1,16.3,100.19,15.614,33.103,385.5,383.7,379.7,378,1.7,381.1,379.3,1.8
CCE1_122W_33N,33.43,-122.48,7/9/2010,12:17:00,397.3,2,7.78,380.4,2,7.38,1018.9,15.8,100.29,14.815,33.064,400.4,383.2,394.7,377.7,16.9,396.1,379.1,17
CCE1_122W_33N,33.43,-122.48,7/9/2010,15:17:00,375.4,2,7.51,380.3,2,7.29,1019.8,15.6,100.43,14.939,32.95,378.2,383,373.1,377.8,-4.8,374.4,379.2,-4.8
CCE1_122W_33N,33.43,-122.48,7/9/2010,18:17:00,377.7,2,7.68,380.3,2,7.46,1020.4,16,100.43,15.595,33.14,380.6,383.1,375.4,377.9,-2.5,376.8,379.2,-2.5
CCE1_122W_33N,33.43,-122.48,7/9/2010,21:17:00,379.7,2,8.01,380.1,2,7.78,1019.9,16.3,100.39,15.722,33.119,382.8,383.1,377.3,377.6,-0.3,378.7,379,-0.3
CCE1_122W_33N,33.43,-122.48,7/10/2010,0:17:00,380.9,2,8.16,380.1,2,7.93,1018.7,16.6,100.39,15.795,33.13,384,383.1,378,377.1,0.9,379.4,378.5,0.9
CCE1_122W_33N,33.43,-122.48,7/10/2010,3:17:00,380.6,2,7.95,380.4,2,7.72,1018.5,16.5,100.43,15.746,33.12,383.6,383.4,377.6,377.3,0.3,378.9,378.7,0.2
CCE1_122W_33N,33.43,-122.48,7/10/2010,6:17:00,379.2,2,7.87,380.3,2,7.63,1019.5,16.4,100.43,15.751,33.142,382.2,383.2,376.6,377.5,-0.9,377.9,378.9,-1
CCE1_122W_33N,33.43,-122.48,7/10/2010,9:17:00,381.1,2,7.9,380.7,2,7.66,1019.2,16.4,100.34,15.873,33.191,384.1,383.7,378.3,377.8,0.4,379.6,379.3,0.4
CCE1_122W_33N,33.43,-122.48,7/10/2010,12:17:00,377.4,2,7.71,381,2,7.48,1018.6,16.4,100.39,15.356,33.042,380.3,383.8,374.5,378,-3.5,375.9,379.3,-3.5
CCE1_122W_33N,33.43,-122.48,7/10/2010,15:17:00,378.6,2,7.65,381.1,2,7.6,1019.7,15.9,100.53,14.968,32.955,381.5,384,376.3,378.8,-2.5,377.6,380.1,-2.5
CCE1_122W_33N,33.43,-122.48,7/10/2010,18:17:00,375.9,2,7.79,381.7,2,7.56,1020.4,15.8,100.58,15.04,32.959,378.8,384.6,373.8,379.6,-5.7,375.2,380.9,-5.7
CCE1_122W_33N,33.43,-122.48,7/10/2010,21:17:00,377.3,2,7.86,382.2,2,7.64,1020,16,100.72,14.943,32.975,380.3,385.2,375.2,380,-4.8,376.6,381.4,-4.9
CCE1_122W_33N,33.43,-122.48,7/11/2010,0:17:00,378.3,2,8.01,382.6,2,7.78,1018.7,16.3,100.63,15.615,33.105,381.3,385.6,375.4,379.6,-4.2,376.8,381,-4.2
CCE1_122W_33N,33.43,-122.48,7/11/2010,3:17:00,383.4,2,7.94,383.2,2,7.71,1018.2,16.5,100.53,15.851,33.132,386.5,386.2,380.3,379.9,0.3,381.6,381.4,0.3
CCE1_122W_33N,33.43,-122.48,7/11/2010,6:17:00,382.4,2,7.94,383,2,7.89,1018.6,16.5,100.44,15.786,33.118,385.4,386.1,379.4,380.1,-0.7,380.7,381.4,-0.7
CCE1_122W_33N,33.43,-122.48,7/11/2010,9:17:00,379.5,2,7.98,383.4,2,7.75,1017.9,16.6,100.39,15.663,33.151,382.6,386.4,376.4,380.1,-3.7,377.8,381.5,-3.8
CCE1_122W_33N,33.43,-122.48,7/11/2010,12:17:00,375.6,2,7.9,384.1,2,7.66,1017.4,16.4,100.48,14.996,33.007,378.6,387.1,372.6,380.9,-8.3,373.9,382.3,-8.4
CCE1_122W_33N,33.43,-122.48,7/11/2010,15:17:00,394.1,2,7.63,384.5,2,7.59,1018.4,15.8,100.58,14.408,33.056,397.1,387.4,391.4,381.8,9.6,392.8,383.2,9.6
CCE1_122W_33N,33.43,-122.48,7/11/2010,18:17:00,379.6,2,7.92,384.6,2,7.7,1018.9,16.1,100.53,15.104,32.977,382.7,387.5,377.1,381.9,-4.8,378.5,383.2,-4.7
CCE1_122W_33N,33.43,-122.48,7/11/2010,21:17:00,392.9,2,8.29,384,2,8.25,1018.3,17.2,100.58,15.841,33.275,396.2,387.2,389.8,381,8.9,391.3,382.4,8.9
CCE1_122W_33N,33.43,-122.48,7/12/2010,0:17:00,395.5,2,8.48,383.6,2,8.42,1017.1,17.9,100.58,16.567,33.138,398.8,386.9,391.7,379.9,11.7,393,381.3,11.7
CCE1_122W_33N,33.43,-122.48,7/12/2010,3:17:00,391.7,2,8.39,385.2,2,7.93,1017,17.8,100.44,16.149,33.035,395,388.2,388,381.4,6.6,389.4,382.7,6.7
CCE1_122W_33N,33.43,-122.48,7/12/2010,6:17:00,390.1,2,8.13,385.3,2,7.89,1018.1,17.3,100.48,16.187,33.067,393.3,388.4,386.8,382,4.8,388.2,383.3,4.8
CCE1_122W_33N,33.43,-122.48,7/12/2010,9:17:00,388.8,2,8.1,385,2,7.85,1017.8,17.2,100.39,16.066,33.061,391.9,388,385.4,381.5,3.9,386.7,382.9,3.8
CCE1_122W_33N,33.43,-122.48,7/12/2010,12:17:00,384.1,2,8.23,385.6,2,7.79,1017.8,17.1,100.39,15.594,32.992,387.3,388.6,381,382.3,-1.3,382.4,383.7,-1.3
CCE1_122W_33N,33.43,-122.48,7/12/2010,15:17:00,383.9,2,8.16,385.4,2,7.93,1019.1,16.6,100.53,15.296,32.94,387.1,388.5,381.4,382.8,-1.4,382.8,384.2,-1.4
CCE1_122W_33N,33.43,-122.48,7/12/2010,18:17:00,388,2,8.12,384.7,2,8.07,1019.9,16.9,100.63,15.571,32.986,391.2,387.8,385.7,382.4,3.3,387.1,383.7,3.4
CCE1_122W_33N,33.43,-122.48,7/12/2010,21:17:00,404.8,2,8.32,383.8,2,8.47,1019.8,18.1,100.73,16.141,33.149,408.2,387.1,402.2,381.3,20.8,403.6,382.7,20.9
CCE1_122W_33N,33.43,-122.48,7/13/2010,0:17:00,405.3,2,8.4,382.9,2,8.33,1018.8,18.6,100.73,16.847,33.13,408.8,386.1,402,379.7,22.3,403.4,381,22.4
CCE1_122W_33N,33.43,-122.48,7/13/2010,3:17:00,396.2,2,8.66,382.9,2,8.4,1018.7,18.3,100.77,16.526,33.04,399.6,386.1,393.1,379.8,13.3,394.5,381.1,13.3
CCE1_122W_33N,33.43,-122.48,7/13/2010,6:17:00,398.7,2,8.18,383.3,2,8.12,1019.7,17.8,100.72,16.387,33.037,402,386.4,395.9,380.6,15.3,397.3,381.9,15.4
CCE1_122W_33N,33.43,-122.48,7/13/2010,9:17:00,400,2,8.11,385.7,2,8.06,1019,17.7,100.63,16.667,33.101,403.3,388.8,396.7,382.5,14.3,398.2,383.9,14.3
CCE1_122W_33N,33.43,-122.48,7/13/2010,12:17:00,389.4,2,8.02,386,2,7.96,1018.6,17.5,100.63,15.623,33.006,392.6,389.1,386.5,383,3.5,387.9,384.5,3.5
CCE1_122W_33N,33.43,-122.48,7/13/2010,15:17:00,398.9,2,8.39,385.6,2,8.15,1019.5,17,100.63,15.918,33.077,402.3,388.8,396.3,383,13.3,397.7,384.4,13.3
CCE1_122W_33N,33.43,-122.48,7/13/2010,18:17:00,412.9,2,8.67,385.6,2,8.43,1019.8,17.6,100.68,16.275,33.063,416.5,388.8,410.3,383,27.3,411.7,384.3,27.4
CCE1_122W_33N,33.43,-122.48,7/13/2010,21:17:00,420.5,2,8.84,385.7,2,8.58,1019.3,18.3,100.82,16.391,33.132,424.2,389,417.6,382.9,34.6,419.1,384.3,34.8
CCE1_122W_33N,33.43,-122.48,7/14/2010,0:17:00,423.7,2,9.2,385,2,8.95,1018.4,18.2,101.07,16.581,33.134,427.7,388.5,420.5,382,38.5,422.1,383.4,38.7
CCE1_122W_33N,33.43,-122.48,7/14/2010,3:17:00,410.9,2,8.76,385.3,2,8.29,1018.1,18.1,101.12,16.945,33.007,414.6,388.5,407.3,381.7,25.6,408.8,383.1,25.7
CCE1_122W_33N,33.43,-122.48,7/14/2010,6:17:00,404.7,2,8.3,385.8,2,8.24,1018.8,17.6,101.16,16.712,33.011,408.1,389,401.4,382.6,18.8,402.8,384,18.9
CCE1_122W_33N,33.43,-122.48,7/14/2010,9:17:00,398.1,2,8.43,386,2,8.18,1018.7,17.5,101.12,16.242,32.976,401.5,389.2,395.1,383,12.1,396.5,384.3,12.1
CCE1_122W_33N,33.43,-122.48,7/14/2010,12:17:00,394.3,2,8.26,385.7,2,8.02,1018.7,17.2,101.12,16.347,33.023,397.6,388.8,391.2,382.5,8.7,392.6,383.9,8.7
CCE1_122W_33N,33.43,-122.48,7/14/2010,15:17:00,395.5,2,8.52,385.7,2,8.29,1019.8,17.3,101.02,16.445,33.022,398.9,388.9,392.9,383,9.9,394.3,384.4,9.9
CCE1_122W_33N,33.43,-122.48,7/14/2010,18:17:00,402,2,8.61,384.4,2,8.36,1020.4,17.5,101.02,16.755,33.02,405.5,387.7,399.4,381.9,17.6,400.9,383.3,17.6
CCE1_122W_33N,33.43,-122.48,7/14/2010,21:17:00,412.7,2,8.52,383.7,2,8.27,1019.9,17.7,101.11,16.785,32.956,416.3,386.9,409.8,380.9,29,411.3,382.3,29
CCE1_122W_33N,33.43,-122.48,7/15/2010,0:17:00,403.1,2,8.75,382.7,2,8.5,1019.3,17.7,101.26,16.734,33.01,406.7,386,400.2,379.8,20.3,401.6,381.2,20.4
CCE1_122W_33N,33.43,-122.48,7/15/2010,3:17:00,409.9,2,8.61,382.4,2,8.36,1018.8,17.8,101.26,16.68,32.986,413.5,385.6,406.7,379.3,27.4,408.2,380.6,27.5
CCE1_122W_33N,33.43,-122.48,7/15/2010,6:17:00,413.7,2,8.27,383,2,8.21,1019.7,17.6,101.31,16.453,32.984,417.2,386.2,410.8,380.3,30.5,412.3,381.7,30.6
CCE1_122W_33N,33.43,-122.48,7/15/2010,9:17:00,417.1,2,8.16,382.7,2,8.11,1019.6,17.4,101.21,16.153,33.048,420.6,385.8,414.2,380,34.2,415.8,381.4,34.4
CCE1_122W_33N,33.43,-122.48,7/15/2010,12:17:00,407.5,2,8.02,382.5,2,7.96,1019.5,17.1,101.21,15.724,33.02,410.8,385.5,404.8,379.9,24.9,406.2,381.2,25
CCE1_122W_33N,33.43,-122.48,7/15/2010,15:17:00,414.4,2,8.35,382.2,2,8.31,1020.8,17,101.16,16.011,33.053,417.9,385.4,412.1,380.1,32,413.7,381.5,32.2
CCE1_122W_33N,33.43,-122.48,7/15/2010,18:17:00,402.2,2,8.4,381.9,2,8.16,1020.9,17.1,101.16,16.125,32.986,405.6,385,400,379.7,20.2,401.5,381.1,20.4
CCE1_122W_33N,33.43,-122.48,7/15/2010,21:17:00,412,2,8.35,382.3,2,8.3,1020.4,17.4,101.21,16.431,32.978,415.5,385.5,409.5,379.9,29.6,410.9,381.2,29.7
CCE1_122W_33N,33.43,-122.48,7/16/2010,0:17:00,407.3,2,8.41,382.2,2,8.36,1019.3,17.5,101.21,16.5,32.999,410.7,385.4,404.3,379.3,25,405.7,380.7,25
CCE1_122W_33N,33.43,-122.48,7/16/2010,3:17:00,406.6,2,8.24,382.6,2,8.19,1020.1,17.5,101.16,16.4,32.982,410,385.8,403.9,380.1,23.9,405.4,381.4,23.9
CCE1_122W_33N,33.43,-122.48,7/16/2010,6:17:00,413.9,2,8.11,383.4,2,8.07,1020.8,17.3,101.26,16.091,33.045,417.3,386.5,411.5,381.2,30.3,413,382.5,30.5
CCE1_122W_33N,33.43,-122.48,7/16/2010,9:17:00,416.1,2,8.19,383.6,2,7.95,1020.1,17,101.31,15.935,33.155,419.6,386.6,413.5,381.1,32.5,415.1,382.4,32.6
CCE1_122W_33N,33.43,-122.48,7/16/2010,12:17:00,412.7,2,8.11,382.7,2,7.87,1019.5,16.9,101.36,15.86,33.183,416.1,385.8,409.9,380,29.9,411.4,381.4,30
CCE1_122W_33N,33.43,-122.48,7/16/2010,15:17:00,412.4,2,8.27,382.9,2,8.03,1020.9,16.8,101.36,15.772,33.151,415.9,386,410.3,380.8,29.5,411.8,382.2,29.6
CCE1_122W_33N,33.43,-122.48,7/16/2010,18:17:00,411.6,2,8.16,381.9,2,7.92,1021.7,17,101.4,16.006,33.232,415,385,409.7,380,29.6,411.2,381.4,29.7
CCE1_122W_33N,33.43,-122.48,7/16/2010,21:17:00,411.6,2,8.04,382.4,2,7.99,1021.6,17.2,101.5,16.1,33.242,414.9,385.5,409.5,380.4,29.1,411,381.8,29.1
CCE1_122W_33N,33.43,-122.48,7/17/2010,0:17:00,401,2,8.4,382.5,2,8.16,1020.7,17.1,101.65,15.971,33.254,404.4,385.6,398.8,380.3,18.5,400.3,381.7,18.6
CCE1_122W_33N,33.43,-122.48,7/17/2010,3:17:00,386.3,2,8.2,382.3,2,7.96,1021.2,17.1,101.89,15.884,33.245,389.5,385.4,384.3,380.3,4,385.7,381.7,4.1
CCE1_122W_33N,33.43,-122.48,7/17/2010,6:17:00,399.3,2,7.98,382.8,2,7.92,1022.3,17,101.84,16.112,33.252,402.5,385.9,397.5,381.1,16.4,399,382.5,16.5
CCE1_122W_33N,33.43,-122.48,7/17/2010,9:17:00,397.4,2,7.97,382.8,2,7.92,1021.3,17,101.89,16.095,33.269,400.6,385.9,395.3,380.7,14.6,396.7,382.1,14.6
CCE1_122W_33N,33.43,-122.48,7/17/2010,12:17:00,412.7,2,7.72,382.2,2,7.66,1021.2,16.9,101.69,16.032,33.293,416,385.2,410.4,380,30.4,411.9,381.4,30.5
CCE1_122W_33N,33.43,-122.48,7/17/2010,15:17:00,416,2,7.82,381.7,2,7.76,1022.3,16.7,101.45,15.713,33.283,419.3,384.7,414.3,380.1,34.2,415.8,381.5,34.3
CCE1_122W_33N,33.43,-122.48,7/17/2010,18:17:00,405.4,2,7.97,381.2,2,7.73,1022.3,16.6,101.5,15.458,33.209,408.6,384.1,403.9,379.7,24.2,405.3,381,24.3
CCE1_122W_33N,33.43,-122.48,7/17/2010,21:17:00,409.5,2,7.97,380.4,2,7.93,1021.4,16.6,101.55,15.747,33.3,412.8,383.5,407.5,378.5,29,409,379.9,29
CCE1_122W_33N,33.43,-122.48,7/18/2010,0:17:00,392.3,2,8.03,379.6,2,7.79,1020.4,16.7,101.79,15.704,33.268,395.4,382.6,390,377.3,12.7,391.4,378.7,12.7
CCE1_122W_33N,33.43,-122.48,7/18/2010,3:17:00,393.8,2,7.8,379.9,2,7.75,1020.2,16.6,101.99,15.573,33.265,396.9,382.9,391.4,377.6,13.8,392.8,379,13.9
CCE1_122W_33N,33.43,-122.48,7/18/2010,6:17:00,401.3,2,7.54,379.9,2,7.49,1020.8,16.5,101.89,15.475,33.229,404.4,382.8,399,377.7,21.3,400.5,379.1,21.4
CCE1_122W_33N,33.43,-122.48,7/18/2010,9:17:00,400.3,2,7.68,380.2,2,7.44,1020.6,16.4,101.84,15.497,33.239,403.4,383.1,398,377.9,20.1,399.4,379.3,20.1
CCE1_122W_33N,33.43,-122.48,7/18/2010,12:17:00,394.2,2,7.69,380.8,2,7.46,1019.7,16.4,101.84,15.59,33.257,397.2,383.7,391.5,378.2,13.4,392.9,379.6,13.4
CCE1_122W_33N,33.43,-122.48,7/18/2010,15:17:00,393.7,2,7.73,380,2,7.68,1020.3,16.5,101.79,15.639,33.258,396.7,382.9,391.2,377.6,13.6,392.6,379,13.7
CCE1_122W_33N,33.43,-122.48,7/18/2010,18:17:00,379.1,2,7.96,379.4,2,7.91,1020.5,16.6,101.99,15.66,33.266,382.1,382.4,376.9,377.2,-0.3,378.3,378.5,-0.3
CCE1_122W_33N,33.43,-122.48,7/18/2010,21:17:00,392.7,2,8.02,379.7,2,7.97,1020.2,16.7,101.99,15.769,33.277,395.8,382.8,390.3,377.4,12.9,391.6,378.8,12.9
CCE1_122W_33N,33.43,-122.48,7/19/2010,0:17:00,366.5,2,8.02,378.7,2,7.97,1018.8,16.7,102.38,15.734,33.279,369.5,381.7,363.8,375.8,-12,365.1,377.2,-12.1
CCE1_122W_33N,33.43,-122.48,7/19/2010,3:17:00,386.5,2,7.63,379.4,2,7.58,1018.6,16.6,102.38,15.82,33.286,389.5,382.3,383.4,376.3,7.1,384.8,377.7,7.1
CCE1_122W_33N,33.43,-122.48,7/19/2010,6:17:00,391.7,2,7.6,379.1,2,7.55,1019.1,16.6,102.08,15.164,33.152,394.7,382,389,376.5,12.5,390.4,377.8,12.6
CCE1_122W_33N,33.43,-122.48,7/19/2010,9:17:00,394.8,2,7.7,378.2,2,7.65,1018.7,16.4,101.99,15.46,33.243,397.9,381.1,391.8,375.3,16.5,393.3,376.7,16.6
CCE1_122W_33N,33.43,-122.48,7/19/2010,12:17:00,395.4,2,7.66,378.2,2,7.6,1018.6,16.3,101.89,15.415,33.24,398.4,381.1,392.3,375.3,17.1,393.7,376.6,17.1
CCE1_122W_33N,33.43,-122.48,7/19/2010,15:17:00,394.1,2,8,378.4,2,7.95,1019.5,16.3,101.79,15.393,33.241,397.3,381.4,391.6,376,15.6,393,377.3,15.7
CCE1_122W_33N,33.43,-122.48,7/19/2010,18:17:00,383.7,2,7.88,377.5,2,7.83,1019.7,16.4,101.84,15.484,33.265,386.7,380.5,381.2,375,6.2,382.6,376.4,6.1
CCE1_122W_33N,33.43,-122.48,7/19/2010,21:17:00,362.2,2,7.71,377.3,2,7.66,1019.6,16.4,102.33,15.49,33.262,365,380.2,359.8,374.7,-15,361.1,376.1,-15
CCE1_122W_33N,33.43,-122.48,7/20/2010,0:17:00,356.8,2,7.47,377.1,2,7.41,1018.7,16.3,102.81,15.425,33.28,359.5,379.9,354,374.2,-20.1,355.3,375.5,-20.2
CCE1_122W_33N,33.43,-122.48,7/20/2010,3:17:00,349.9,2,7.42,377.6,2,7.37,1018.1,16.2,103.2,15.445,33.29,352.5,380.4,346.9,374.4,-27.5,348.2,375.8,-27.6
CCE1_122W_33N,33.43,-122.48,7/20/2010,6:17:00,348.7,2,7.27,377.6,2,7.21,1019,16.2,103.34,15.423,33.29,351.2,380.3,346,374.7,-28.7,347.2,376,-28.8
CCE1_122W_33N,33.43,-122.48,7/20/2010,9:17:00,350.9,2,7.42,377.5,2,7.37,1018.5,16.2,103.34,15.159,33.282,353.5,380.3,348.1,374.6,-26.4,349.4,375.9,-26.5
CCE1_122W_33N,33.43,-122.48,7/20/2010,12:17:00,353.7,2,7.27,378.1,2,7.22,1017.9,15.8,103.44,14.866,33.298,356.3,380.8,350.9,375,-24.1,352.1,376.3,-24.2
CCE1_122W_33N,33.43,-122.48,7/20/2010,15:17:00,355.2,2,7.17,378.4,2,7.12,1019.2,15.6,103.39,14.825,33.335,357.7,381.1,352.7,375.7,-23,354,377.1,-23.2
CCE1_122W_33N,33.43,-122.48,7/20/2010,18:17:00,349.2,2,7.34,377.5,2,7.3,1020.1,15.6,103.44,15.018,33.347,351.8,380.3,347.1,375.2,-28.2,348.4,376.6,-28.2
CCE1_122W_33N,33.43,-122.48,7/20/2010,21:17:00,366,2,7.51,376.3,2,7.46,1019.3,16,103.2,15.169,33.264,368.8,379.1,363.5,373.7,-10.2,364.8,375,-10.2
CCE1_122W_33N,33.43,-122.48,7/21/2010,0:17:00,374.4,2,7.43,375.7,2,7.38,1018.4,15.8,102.62,14.644,33.036,377.2,378.5,371.7,372.9,-1.3,373,374.3,-1.3
CCE1_122W_33N,33.43,-122.48,7/21/2010,3:17:00,375.3,2,7.28,375.9,2,7.06,1018.1,15.5,102.14,14.427,32.932,378.1,378.6,372.5,373,-0.5,373.9,374.4,-0.5
CCE1_122W_33N,33.43,-122.48,7/21/2010,6:17:00,393.5,2,7.14,376.4,2,7.09,1018.2,15.5,101.55,15.038,32.914,396.3,379.1,390.2,373.3,17,391.7,374.7,17
CCE1_122W_33N,33.43,-122.48,7/21/2010,9:17:00,395.8,2,7.29,376.8,2,7.23,1017.5,15.9,101.21,15.057,32.976,398.7,379.6,392.3,373.5,18.8,393.8,374.9,18.9
CCE1_122W_33N,33.43,-122.48,7/21/2010,12:17:00,397.4,2,7.23,376.2,2,7.18,1017,15.7,101.02,14.984,32.967,400.3,379,393.8,372.8,21,395.2,374.2,21
CCE1_122W_33N,33.43,-122.48,7/21/2010,15:17:00,398.7,2,7.14,377,2,7.09,1017.9,15.5,100.87,14.946,32.976,401.5,379.7,395.3,373.9,21.5,396.7,375.2,21.5
CCE1_122W_33N,33.43,-122.48,7/21/2010,18:17:00,397.6,2,7.31,379.2,2,7.27,1018.6,15.5,100.83,14.743,32.995,400.5,382,394.7,376.4,18.3,396.1,377.8,18.3
CCE1_122W_33N,33.43,-122.48,7/21/2010,21:17:00,401.2,2,7.32,380.8,2,7.27,1018.7,15.5,100.78,14.762,33.017,404.2,383.6,398.3,378,20.3,399.8,379.4,20.4
CCE1_122W_33N,33.43,-122.48,7/22/2010,0:17:00,401.4,2,7.33,381.3,2,7.29,1017.6,15.6,100.83,14.884,33.029,404.4,384.1,398.1,378.1,19.9,399.5,379.5,20.1
CCE1_122W_33N,33.43,-122.48,7/22/2010,3:17:00,394.9,2,7.18,380.2,2,7.13,1017.3,15.6,100.78,14.784,33.006,397.8,383,391.5,376.9,14.6,392.9,378.3,14.6
CCE1_122W_33N,33.43,-122.48,7/22/2010,6:17:00,393,2,6.96,380.4,2,6.91,1017.9,15.5,100.68,14.655,32.951,395.8,383,389.8,377.2,12.5,391.2,378.6,12.7
CCE1_122W_33N,33.43,-122.48,7/22/2010,9:17:00,398.9,2,6.94,380.2,2,6.89,1018,15.5,100.63,14.565,32.976,401.7,382.9,395.7,377.1,18.6,397.1,378.5,18.6
CCE1_122W_33N,33.43,-122.48,7/22/2010,12:17:00,401,2,7.06,379.6,2,7.01,1017.7,15.3,100.53,14.425,32.979,403.9,382.3,397.8,376.5,21.2,399.2,377.9,21.4
CCE1_122W_33N,33.43,-122.48,7/22/2010,15:17:00,397.4,2,6.93,378.9,2,6.88,1018.4,15,100.44,14.251,32.981,400.1,381.6,394.4,376.1,18.3,395.8,377.5,18.3
CCE1_122W_33N,33.43,-122.48,7/22/2010,18:17:00,391.7,2,7.07,376.9,2,7.02,1019.3,15,100.44,14.418,33.001,394.5,379.6,389.2,374.5,14.7,390.6,375.8,14.8
CCE1_122W_33N,33.43,-122.48,7/22/2010,21:17:00,397.5,2,7.38,376.3,2,7.34,1019.2,15.3,100.49,14.909,33.085,400.5,379.1,394.8,373.7,21.1,396.3,375.1,21.2
CCE1_122W_33N,33.43,-122.48,7/23/2010,0:17:00,398.2,2,7.55,377.3,2,7.33,1018.3,15.7,100.63,14.983,33.093,401.2,380.1,395.1,374.3,20.8,396.6,375.7,20.9
CCE1_122W_33N,33.43,-122.48,7/23/2010,3:17:00,398.9,2,7.39,376.1,2,7.16,1017.7,15.7,100.63,14.642,33.027,401.9,378.8,395.7,373,22.7,397.2,374.4,22.8
CCE1_122W_33N,33.43,-122.48,7/23/2010,6:17:00,402.1,2,7.29,375.3,2,7.25,1018.3,15.5,100.58,14.567,33.011,405,378,399.1,372.5,26.6,400.5,373.8,26.7
CCE1_122W_33N,33.43,-122.48,7/23/2010,9:17:00,403.6,2,7.24,375.3,2,7.19,1017.9,15.4,100.53,14.586,33.021,406.5,378,400.4,372.3,28.1,401.8,373.7,28.2
CCE1_122W_33N,33.43,-122.48,7/23/2010,12:17:00,393,2,7.21,375.5,2,7.16,1018,15.3,100.58,14.607,33.032,395.9,378.2,389.9,372.5,17.5,391.4,373.9,17.5
CCE1_122W_33N,33.43,-122.48,7/23/2010,15:17:00,397.4,2,7.36,375.9,2,7.14,1018.9,15.2,100.49,14.534,32.931,400.3,378.6,394.7,373.2,21.5,396.1,374.6,21.5
CCE1_122W_33N,33.43,-122.48,7/23/2010,18:17:00,399.3,2,7.51,376,2,7.29,1019.7,15.6,100.44,14.644,32.964,402.3,378.8,396.9,373.7,23.2,398.4,375.1,23.3
CCE1_122W_33N,33.43,-122.48,7/23/2010,21:17:00,403.8,2,7.81,375.7,2,7.95,1019.4,16.2,100.54,14.677,32.957,407,378.7,401.4,373.5,27.9,402.9,374.9,28
CCE1_122W_33N,33.43,-122.48,7/24/2010,0:17:00,418.9,2,8,376.1,2,7.95,1018.3,17,100.49,14.929,33.214,422.2,379.2,415.9,373.5,42.4,417.4,374.9,42.5
CCE1_122W_33N,33.43,-122.48,7/24/2010,3:17:00,411,2,7.68,378.4,2,7.43,1018.2,16.7,100.63,15.187,32.982,414.2,381.2,407.8,375.3,32.5,409.3,376.7,32.6
CCE1_122W_33N,33.43,-122.48,7/24/2010,6:17:00,403.2,2,7.58,378.5,2,7.35,1018.9,16.1,100.63,14.936,32.989,406.3,381.3,400.4,375.8,24.6,401.9,377.2,24.7
CCE1_122W_33N,33.43,-122.48,7/24/2010,9:17:00,396.5,2,7.52,378.7,2,7.48,1018.7,16,100.63,15.282,33.109,399.5,381.6,393.5,375.9,17.6,394.9,377.2,17.7
CCE1_122W_33N,33.43,-122.48,7/24/2010,12:17:00,395.4,2,7.55,379.1,2,7.32,1018.7,16.1,100.68,15.289,33.09,398.4,381.9,392.4,376.1,16.2,393.8,377.5,16.3
CCE1_122W_33N,33.43,-122.48,7/24/2010,15:17:00,385.2,2,7.5,380.4,2,7.45,1019.3,16,100.92,15.189,33.091,388.1,383.2,382.5,377.7,4.8,383.9,379.1,4.8
CCE1_122W_33N,33.43,-122.48,7/24/2010,18:17:00,389.6,2,7.7,380,2,7.66,1019.9,16,100.97,15.333,33.101,392.6,382.9,387.1,377.6,9.5,388.6,379,9.6
CCE1_122W_33N,33.43,-122.48,7/24/2010,21:17:00,393.4,2,8.17,378.9,2,8.13,1019.4,16.6,101.07,15.683,33.117,396.6,382,390.8,376.4,14.4,392.2,377.7,14.4
CCE1_122W_33N,33.43,-122.48,7/25/2010,0:17:00,394.2,2,8.18,378.7,2,7.94,1018.8,17,101.17,15.725,33.104,397.4,381.8,391.3,375.9,15.4,392.7,377.3,15.4
CCE1_122W_33N,33.43,-122.48,7/25/2010,3:17:00,396.9,2,7.83,378.8,2,7.59,1018.1,16.6,101.17,15.573,33.086,400.1,381.7,393.7,375.6,18.1,395.2,377,18.2
CCE1_122W_33N,33.43,-122.48,7/25/2010,6:17:00,398.6,2,7.84,378.3,2,7.6,1018.9,16.3,101.02,15.519,33.095,401.7,381.2,395.6,375.4,20.2,397.1,376.8,20.3
CCE1_122W_33N,33.43,-122.48,7/25/2010,9:17:00,399.8,2,7.76,378.6,2,7.54,1018.6,16.1,101.02,15.346,33.099,403,381.5,396.9,375.7,21.1,398.3,377.1,21.3
CCE1_122W_33N,33.43,-122.48,7/25/2010,12:17:00,392.8,2,7.56,378.4,2,7.32,1018.2,16.1,101.02,15.275,33.092,395.8,381.1,389.6,375.2,14.4,391.1,376.6,14.5
CCE1_122W_33N,33.43,-122.48,7/25/2010,15:17:00,378.9,2,7.67,378,2,7.43,1019.4,15.9,101.21,15.237,33.1,381.8,380.8,376.4,375.4,1,377.7,376.7,1
CCE1_122W_33N,33.43,-122.48,7/25/2010,18:17:00,396.8,2,7.85,377.9,2,7.63,1020,16,101.17,15.33,33.097,400,380.8,394.4,375.5,18.9,395.9,376.9,19
CCE1_122W_33N,33.43,-122.48,7/25/2010,21:17:00,407.3,2,8.14,377.9,2,8.1,1019,16.5,101.17,15.745,33.195,410.6,381,404.4,375.2,29.2,405.8,376.6,29.3
CCE1_122W_33N,33.43,-122.48,7/26/2010,0:17:00,412.9,2,8.41,378.4,2,8.16,1017.8,17.4,101.22,16.143,33.125,416.4,381.5,409.4,375.1,34.3,410.9,376.4,34.4
CCE1_122W_33N,33.43,-122.48,7/26/2010,3:17:00,412.4,2,8.08,379.2,2,7.83,1017.5,17.2,101.12,16.051,33.076,415.8,382.2,408.7,375.7,33,410.2,377.1,33.1
CCE1_122W_33N,33.43,-122.48,7/26/2010,6:17:00,403.9,2,8,379.3,2,7.76,1018.2,16.6,100.97,15.679,33.075,407.2,382.3,400.7,376.2,24.5,402.2,377.6,24.6
CCE1_122W_33N,33.43,-122.48,7/26/2010,9:17:00,398.6,2,8.07,379.4,2,7.84,1017.8,16.4,101.07,15.726,33.113,401.8,382.4,395.3,376.2,19.1,396.7,377.5,19.2
CCE1_122W_33N,33.43,-122.48,7/26/2010,12:17:00,393.6,2,7.9,379.8,2,7.67,1017.4,16.4,101.12,15.654,33.145,396.7,382.7,390.1,376.3,13.8,391.5,377.7,13.8
CCE1_122W_33N,33.43,-122.48,7/26/2010,15:17:00,401.8,2,7.77,379.6,2,7.54,1018.3,16.1,101.07,15.223,33.076,404.9,382.5,398.7,376.6,22.1,400.1,378,22.1
CCE1_122W_33N,33.43,-122.48,7/26/2010,18:17:00,397.9,2,7.94,380,2,7.72,1018.6,16.1,101.07,15.45,33.101,401.1,383,394.9,377.1,17.8,396.4,378.5,17.9
CCE1_122W_33N,33.43,-122.48,7/26/2010,21:17:00,407.2,2,8.19,379.5,2,8.16,1018.1,16.6,101.07,15.388,33.184,410.5,382.7,404.1,376.6,27.4,405.5,378.1,27.5
CCE1_122W_33N,33.43,-122.48,7/27/2010,0:17:00,409.6,2,8.43,378.9,2,8.39,1016.8,17.5,101.22,15.772,33.317,413.1,382.1,405.9,375.4,30.5,407.4,376.8,30.6
CCE1_122W_33N,33.43,-122.48,7/27/2010,3:17:00,405,2,8.09,379.5,2,7.83,1016.8,17.6,101.26,15.038,33.038,408.3,382.4,401.5,376.1,25.5,403,377.4,25.6
CCE1_122W_33N,33.43,-122.48,7/27/2010,6:17:00,390.3,2,7.81,379.4,2,7.75,1017.3,17,101.26,14.847,32.959,393.3,382.3,387,376.2,10.8,388.4,377.6,10.9
CCE1_122W_33N,33.43,-122.48,7/27/2010,9:17:00,395.2,2,7.81,380.2,2,7.57,1017,16.6,101.17,15.213,33.007,398.3,383.1,391.6,376.8,14.9,393.1,378.1,15
CCE1_122W_33N,33.43,-122.48,7/27/2010,12:17:00,400.1,2,7.74,379.5,2,7.5,1017.2,16.4,101.11,15.224,32.94,403.2,382.3,396.6,376.1,20.5,398,377.4,20.6
CCE1_122W_33N,33.43,-122.48,7/27/2010,15:17:00,403.8,2,7.82,379.5,2,7.59,1018.4,16.2,100.97,15.141,33.013,407,382.4,400.8,376.6,24.2,402.3,378,24.3
CCE1_122W_33N,33.43,-122.48,7/27/2010,18:17:00,408.1,2,8.09,379.4,2,7.86,1019.1,16.4,100.87,15.436,33.019,411.4,382.4,405.3,376.7,28.6,406.8,378.1,28.7
CCE1_122W_33N,33.43,-122.48,7/27/2010,21:17:00,412.9,2,8.28,378.9,2,8.05,1019.4,16.8,100.82,15.563,33.042,416.3,382,410.2,376.4,33.8,411.7,377.8,33.9
CCE1_122W_33N,33.43,-122.48,7/28/2010,0:17:00,423.5,2,8.33,378.6,2,8.28,1018.7,17.3,101.06,15.843,33.15,427.1,381.7,420.4,375.8,44.6,422,377.1,44.9
CCE1_122W_33N,33.43,-122.48,7/28/2010,3:17:00,427.5,2,8.21,378.7,2,7.75,1018.4,17.4,101.01,15.125,33.089,431.1,381.7,424.5,375.9,48.7,426.1,377.3,48.8
CCE1_122W_33N,33.43,-122.48,7/28/2010,6:17:00,395.3,2,7.91,378.1,2,7.48,1019.6,16.8,101.06,15.622,32.933,398.5,380.9,392.7,375.4,17.3,394.1,376.7,17.4
CCE1_122W_33N,33.43,-122.48,7/28/2010,9:17:00,387.1,2,7.73,378.2,2,7.49,1019.6,16.5,101.16,15.044,32.944,390.1,381,384.7,375.7,8.9,386.1,377.1,9
CCE1_122W_33N,33.43,-122.48,7/28/2010,12:17:00,382.5,2,7.66,378.5,2,7.25,1019.8,15.9,101.2,14.842,32.926,385.5,381.2,380.3,376.1,4.2,381.7,377.4,4.3
CCE1_122W_33N,33.43,-122.48,7/28/2010,15:17:00,393.8,2,7.46,378.6,2,7.06,1021.5,15.5,101.2,14.803,33.01,396.8,381.3,392.1,376.8,15.3,393.6,378.2,15.4
CCE1_122W_33N,33.43,-122.48,7/28/2010,18:17:00,420.3,2,7.64,378.3,2,7.42,1022.2,15.9,100.96,15.217,33.086,423.5,381.1,418.7,376.7,42,420.1,378.1,42.1
CCE1_122W_33N,33.43,-122.48,7/28/2010,21:17:00,428.9,2,8.14,378,2,7.72,1022.4,17,100.82,15.622,33.131,432.4,380.9,427.4,376.4,50.9,428.9,377.8,51.1
CCE1_122W_33N,33.43,-122.48,7/29/2010,0:17:00,428.5,2,8.24,377.8,2,8,1021.5,17.2,100.87,15.72,33.137,432,380.9,426.5,376,50.5,428,377.4,50.6
CCE1_122W_33N,33.43,-122.48,7/29/2010,3:17:00,423.9,2,7.86,378.3,2,7.42,1021.2,16.8,100.87,15.764,33.098,427.2,381.1,421.6,376.1,45.5,423.1,377.5,45.7
CCE1_122W_33N,33.43,-122.48,7/29/2010,6:17:00,417.7,2,7.51,378.5,2,7.29,1022.2,16,100.87,15.49,33.087,420.9,381.3,415.9,376.8,39.1,417.4,378.2,39.3
CCE1_122W_33N,33.43,-122.48,7/29/2010,9:17:00,421.7,2,7.53,378.7,2,7.13,1022,15.7,100.82,15.407,33.098,424.9,381.4,419.8,376.9,42.9,421.4,378.2,43.1
CCE1_122W_33N,33.43,-122.48,7/29/2010,12:17:00,418,2,7.53,378.9,2,7.13,1021.9,15.7,100.82,15.309,33.106,421.1,381.6,416.1,377,39.1,417.6,378.4,39.2
CCE1_122W_33N,33.43,-122.48,7/29/2010,15:17:00,408.7,2,7.32,380.5,2,7.1,1022.9,15.6,100.86,15.291,33.087,411.7,383.2,407.2,379,28.2,408.7,380.4,28.3
CCE1_122W_33N,33.43,-122.48,7/29/2010,18:17:00,406.6,2,7.49,379.2,2,7.09,1023.4,15.6,100.86,15.508,33.115,409.7,381.9,405.3,377.9,27.5,406.8,379.2,27.6
CCE1_122W_33N,33.43,-122.48,7/29/2010,21:17:00,410.2,2,7.67,378.8,2,7.45,1022.8,15.6,100.91,15.489,33.103,413.4,381.7,408.8,377.4,31.4,410.3,378.8,31.5
CCE1_122W_33N,33.43,-122.48,7/30/2010,0:17:00,383.2,2,7.6,379.7,2,7.37,1021.6,15.8,101.2,15.03,32.952,386.2,382.5,381.6,378,3.6,383,379.3,3.7
CCE1_122W_33N,33.43,-122.48,7/30/2010,3:17:00,391.8,2,7.42,380,2,7.19,1021,15.8,101.3,15.218,33.046,394.7,382.7,389.7,377.8,11.8,391.1,379.2,11.9
CCE1_122W_33N,33.43,-122.48,7/30/2010,6:17:00,387,2,7.21,380.4,2,7.15,1021.7,15.7,101.4,15.001,33.02,389.8,383.2,385.2,378.7,6.6,386.6,380.1,6.5
CCE1_122W_33N,33.43,-122.48,7/30/2010,9:17:00,390,2,7.26,382.6,2,7.04,1020.9,15.5,101.35,14.918,33.071,392.8,385.3,387.9,380.5,7.4,389.3,381.9,7.4
CCE1_122W_33N,33.43,-122.48,7/30/2010,12:17:00,391,2,7.11,381.4,2,6.89,1020.6,15.5,101.35,14.993,33.084,393.8,384,388.7,379.1,9.6,390.2,380.4,9.7
CCE1_122W_33N,33.43,-122.48,7/30/2010,15:17:00,380.8,2,7.12,381.2,2,6.9,1021.8,15.5,101.4,14.785,32.997,383.5,383.9,379.1,379.5,-0.4,380.5,380.9,-0.4
CCE1_122W_33N,33.43,-122.48,7/30/2010,18:17:00,373.7,2,7.36,381.5,2,7.14,1021.9,15.7,101.2,14.945,32.984,376.5,384.3,372.1,379.8,-7.7,373.5,381.3,-7.7
CCE1_122W_33N,33.43,-122.48,7/30/2010,21:17:00,373.2,2,7.38,381,2,7.32,1021.1,15.7,101.2,14.945,32.975,376,383.8,371.3,379.1,-7.7,372.7,380.5,-7.7
CCE1_122W_33N,33.43,-122.48,7/31/2010,0:17:00,373.8,2,7.42,380,2,7.19,1020,15.8,101.21,15.035,32.967,376.6,382.8,371.6,377.6,-6,372.9,379,-6.1
CCE1_122W_33N,33.43,-122.48,7/31/2010,3:17:00,381.8,2,7.28,380.5,2,7.23,1019.7,15.9,101.06,14.951,32.998,384.6,383.3,379.4,378,1.3,380.7,379.4,1.3
CCE1_122W_33N,33.43,-122.48,7/31/2010,6:17:00,382.8,2,7.23,381,2,7,1020.4,15.8,101.01,15.024,33.013,385.6,383.6,380.5,378.6,1.9,381.9,380,2
CCE1_122W_33N,33.43,-122.48,7/31/2010,9:17:00,376.7,2,7.15,379.8,2,7.1,1020.1,15.6,100.96,14.917,33.05,379.4,382.5,374.4,377.4,-3,375.7,378.8,-3.1
CCE1_122W_33N,33.43,-122.48,7/31/2010,12:17:00,376.1,2,7.08,379.4,2,7.04,1019.6,15.4,101.01,14.842,33.033,378.8,382.1,373.6,376.8,-3.3,375,378.2,-3.3
CCE1_122W_33N,33.43,-122.48,7/31/2010,15:17:00,375.4,2,7.1,379.8,2,7.05,1020.8,15.5,100.92,14.9,33.083,378.1,382.5,373.4,377.7,-4.3,374.7,379.1,-4.4
CCE1_122W_33N,33.43,-122.48,7/31/2010,18:17:00,376.4,2,7.09,381.9,2,7.05,1021.2,15.5,100.92,14.46,33.025,379.1,384.6,374.6,380.1,-5.5,376,381.5,-5.5
CCE1_122W_33N,33.43,-122.48,7/31/2010,21:17:00,376.2,2,7.38,382.4,2,7.17,1020.6,15.3,100.96,14.585,33.04,379,385.1,374.3,380.3,-6.1,375.7,381.7,-6
CCE1_122W_33N,33.43,-122.48,8/1/2010,0:17:00,375.1,2,7.29,381.9,2,7.25,1019.3,15.5,101.06,14.691,33.067,377.8,384.7,372.6,379.4,-6.8,373.9,380.8,-6.8
CCE1_122W_33N,33.43,-122.48,8/1/2010,3:17:00,378.5,2,7.26,382.8,2,7.05,1019.4,15.4,101.01,14.565,33.054,381.3,385.5,376.1,380.3,-4.2,377.5,381.6,-4.2
CCE1_122W_33N,33.43,-122.48,8/1/2010,6:17:00,369.7,2,7.21,382.9,2,7.16,1020.1,15.7,101.21,15.096,33.175,372.4,385.7,367.4,380.5,-13.1,368.7,381.9,-13.2
CCE1_122W_33N,33.43,-122.48,8/1/2010,9:17:00,367.2,2,7.23,382.2,2,7.18,1019.9,15.8,101.4,15.149,33.192,369.9,385,364.8,379.7,-14.9,366.2,381.1,-14.9
CCE1_122W_33N,33.43,-122.48,8/1/2010,12:17:00,365.7,2,7.2,382.4,2,7.14,1019.4,15.7,101.45,15.152,33.199,368.4,385.1,363.2,379.6,-16.5,364.5,381,-16.5
CCE1_122W_33N,33.43,-122.48,8/1/2010,15:17:00,373.5,2,7.32,382.6,2,7.09,1020.3,15.6,101.25,14.634,32.948,376.2,385.3,371.4,380.4,-9,372.7,381.8,-9
CCE1_122W_33N,33.43,-122.48,8/1/2010,18:17:00,374.6,2,7.43,382.2,2,7.21,1020.6,15.4,101.06,14.469,32.916,377.4,385,372.7,380.2,-7.5,374.1,381.6,-7.5
CCE1_122W_33N,33.43,-122.48,8/1/2010,21:17:00,374.4,2,7.37,382.1,2,7.32,1019.9,15.3,101.01,14.393,32.916,377.1,384.9,372.3,379.9,-7.6,373.6,381.3,-7.7
CCE1_122W_33N,33.43,-122.48,8/2/2010,0:17:00,370.4,2,7.46,381.2,2,7.24,1019.2,15.5,101.01,15.106,32.913,373.2,384,367.8,378.4,-10.6,369.2,379.9,-10.7
CCE1_122W_33N,33.43,-122.48,8/2/2010,3:17:00,370.6,2,7.23,381.6,2,7.18,1019.4,15.8,100.87,15.23,32.934,373.3,384.3,368,378.8,-10.9,369.3,380.2,-10.9
CCE1_122W_33N,33.43,-122.48,8/2/2010,6:17:00,370.5,2,7.12,382.4,2,7.06,1020.4,15.9,100.77,15.241,32.93,373.1,385.1,368.2,380,-11.8,369.5,381.4,-11.9
CCE1_122W_33N,33.43,-122.48,8/2/2010,9:17:00,372.4,2,7.26,382.2,2,7.03,1020.1,15.8,100.68,15.311,32.927,375.1,384.9,370,379.6,-9.6,371.3,381,-9.7
CCE1_122W_33N,33.43,-122.48,8/2/2010,12:17:00,372.9,2,7.19,382.2,2,6.96,1019.9,15.7,100.58,15.322,32.933,375.6,384.9,370.4,379.6,-9.2,371.7,380.9,-9.2
CCE1_122W_33N,33.43,-122.48,8/2/2010,15:17:00,373.4,2,7.02,382.4,2,6.96,1021,15.7,100.48,15.449,32.96,376,385.1,371.1,380.1,-9,372.5,381.5,-9
CCE1_122W_33N,33.43,-122.48,8/2/2010,18:17:00,375.2,2,7.52,382,2,7.48,1021.6,16,100.34,15.614,33.008,378,384.9,373.3,380.1,-6.7,374.6,381.5,-6.8
CCE1_122W_33N,33.43,-122.48,8/2/2010,21:17:00,384.4,2,7.62,382,2,7.57,1020.9,15.9,100.53,14.351,33.05,387.3,384.9,382.7,380.3,2.4,384.1,381.7,2.4
CCE1_122W_33N,33.43,-122.48,8/3/2010,0:17:00,385.1,2,7.27,382,2,7.23,1020.4,15.5,100.63,14.238,33.092,388,384.7,383.2,380,3.2,384.6,381.4,3.3
CCE1_122W_33N,33.43,-122.48,8/3/2010,3:17:00,370,2,6.99,382,2,6.95,1020.4,15.2,100.82,14.161,32.932,372.6,384.7,368,380,-11.9,369.4,381.4,-12
CCE1_122W_33N,33.43,-122.48,8/3/2010,6:17:00,369.3,2,7,382.3,2,6.77,1021.3,15.2,100.82,14.547,32.991,371.9,384.9,367.6,380.4,-12.9,368.9,381.8,-12.9
CCE1_122W_33N,33.43,-122.48,8/3/2010,9:17:00,368.4,2,6.93,381.1,2,6.89,1020.7,15.5,100.77,14.922,32.941,371,383.7,366.3,378.8,-12.6,367.6,380.2,-12.6
CCE1_122W_33N,33.43,-122.48,8/3/2010,12:17:00,369.9,2,7,381.3,2,6.95,1020.5,15.7,100.78,14.671,32.967,372.5,384,367.8,379.1,-11.3,369.1,380.5,-11.4
CCE1_122W_33N,33.43,-122.48,8/3/2010,15:17:00,371.7,2,6.92,380.4,2,6.87,1022,15.5,100.73,14.587,32.998,374.3,383.1,370.2,378.8,-8.7,371.5,380.2,-8.7
CCE1_122W_33N,33.43,-122.48,8/3/2010,18:17:00,368.6,2,7.15,381.7,2,7.1,1022.4,15.6,100.68,14.914,32.945,371.3,384.4,367.2,380.2,-13,368.6,381.6,-13
CCE1_122W_33N,33.43,-122.48,8/3/2010,21:17:00,365.8,2,7.39,382.2,2,7.34,1022.1,15.8,100.78,14.831,32.997,368.5,385,364.4,380.7,-16.3,365.7,382.1,-16.4
CCE1_122W_33N,33.43,-122.48,8/4/2010,0:17:00,369.8,2,7.48,382.3,2,7.43,1020.6,15.9,100.68,15.125,32.965,372.6,385.1,367.8,380.1,-12.4,369.1,381.5,-12.4
CCE1_122W_33N,33.43,-122.48,8/4/2010,3:17:00,368.3,2,7.14,381.7,2,7.08,1020.3,16,100.68,14.789,32.949,371,384.4,366.2,379.5,-13.3,367.5,380.8,-13.3
CCE1_122W_33N,33.43,-122.48,8/4/2010,6:17:00,368.7,2,6.94,380.3,2,6.89,1021.2,15.5,100.73,14.422,32.97,371.2,383,366.9,378.5,-11.6,368.2,379.9,-11.7
CCE1_122W_33N,33.43,-122.48,8/4/2010,9:17:00,372.7,2,6.88,380.3,2,6.83,1020.8,15.4,100.78,14.276,32.993,375.2,382.9,370.8,378.4,-7.6,372.1,379.7,-7.6
CCE1_122W_33N,33.43,-122.48,8/4/2010,12:17:00,368.8,2,6.94,380,2,6.89,1020.4,15.5,100.63,14.76,32.968,371.4,382.6,366.6,377.7,-11.1,368,379.1,-11.1
CCE1_122W_33N,33.43,-122.48,8/4/2010,15:17:00,370.2,2,6.98,379.7,2,6.93,1021.5,15.6,100.58,15.075,32.946,372.8,382.4,368.3,377.8,-9.5,369.6,379.2,-9.5
CCE1_122W_33N,33.43,-122.48,8/4/2010,18:17:00,371,2,7.2,380.4,2,7.15,1021.7,15.7,100.53,15.025,32.966,373.7,383.1,369.3,378.6,-9.3,370.6,380,-9.3
CCE1_122W_33N,33.43,-122.48,8/4/2010,21:17:00,371.9,2,7.44,380.2,2,7.39,1020.9,15.8,100.48,15.068,32.982,374.7,383.1,370,378.2,-8.3,371.3,379.6,-8.3
CCE1_122W_33N,33.43,-122.48,8/5/2010,0:17:00,370.1,2,7.35,379.8,2,7.3,1019.7,16,100.63,15.199,32.991,372.9,382.6,367.7,377.2,-9.6,369,378.6,-9.6
CCE1_122W_33N,33.43,-122.48,8/5/2010,3:17:00,372.1,2,7.34,380.6,2,7.29,1019.4,16,100.63,15.3,32.999,374.8,383.4,369.5,377.9,-8.4,370.8,379.3,-8.5
CCE1_122W_33N,33.43,-122.48,8/5/2010,6:17:00,372.7,2,7.17,380,2,7.12,1020,16,100.44,15.316,33.005,375.3,382.7,370.2,377.4,-7.2,371.5,378.8,-7.3
CCE1_122W_33N,33.43,-122.48,8/5/2010,9:17:00,370.1,2,7.06,380.9,2,7,1019.2,15.8,100.49,15.056,32.967,372.7,383.5,367.4,378.1,-10.7,368.7,379.4,-10.7
CCE1_122W_33N,33.43,-122.48,8/5/2010,12:17:00,372.2,2,7.24,381.2,2,7.19,1018.9,15.8,100.49,15.193,32.978,374.9,384,369.4,378.3,-8.9,370.7,379.7,-9
CCE1_122W_33N,33.43,-122.48,8/5/2010,15:17:00,374.5,2,7.45,380.6,2,7.4,1019.5,15.9,100.39,15.38,33.003,377.3,383.4,371.9,377.9,-6,373.2,379.3,-6
CCE1_122W_33N,33.43,-122.48,8/5/2010,18:17:00,372.4,2,7.73,380.5,2,7.51,1019.7,15.7,100.44,14.989,32.977,375.3,383.3,370.1,378.1,-8,371.5,379.4,-7.9
CCE1_122W_33N,33.43,-122.48,8/5/2010,21:17:00,369.9,2,7.58,380.2,2,7.53,1018.9,15.7,100.63,14.812,32.944,372.7,383.1,367.4,377.6,-10.2,368.7,379,-10.3
CCE1_122W_33N,33.43,-122.48,8/6/2010,0:17:00,371.5,2,7.47,380.1,2,7.42,1017.7,15.9,100.68,15.097,32.985,374.3,382.9,368.4,376.9,-8.5,369.7,378.2,-8.5
CCE1_122W_33N,33.43,-122.48,8/6/2010,3:17:00,368.8,2,7.41,380.2,2,7.36,1017.1,15.7,100.92,14.691,32.943,371.6,383,365.6,376.9,-11.2,367,378.3,-11.3
CCE1_122W_33N,33.43,-122.48,8/6/2010,6:17:00,372,2,7.23,378.4,2,7.17,1017.6,15.7,100.83,15.242,32.98,374.7,381.1,368.7,375,-6.4,370,376.3,-6.3
CCE1_122W_33N,33.43,-122.48,8/6/2010,9:17:00,377.3,2,7.23,379.8,2,7.18,1016.9,16.1,100.58,15.669,33.011,380,382.6,373.5,376,-2.5,374.8,377.4,-2.6
CCE1_122W_33N,33.43,-122.48,8/6/2010,12:17:00,383.2,2,7.61,377.5,2,7.55,1016.6,16.5,100.39,16.142,33.101,386.1,380.3,379.2,373.5,5.7,380.5,374.8,5.7
CCE1_122W_33N,33.43,-122.48,8/6/2010,15:17:00,374.8,2,7.76,377.5,2,7.7,1017.6,16.5,100.49,14.907,32.985,377.7,380.4,371.7,374.4,-2.7,373.1,375.8,-2.7
CCE1_122W_33N,33.43,-122.48,8/6/2010,18:17:00,372,2,7.79,377.9,2,7.75,1018.6,15.8,100.58,15.05,33,374.9,380.8,369.3,375.1,-5.8,370.7,376.5,-5.8
CCE1_122W_33N,33.43,-122.48,8/6/2010,21:17:00,378.3,2,7.77,378.8,2,7.73,1018.3,16.1,100.54,15.633,32.99,381.3,381.8,375.2,375.8,-0.5,376.6,377.1,-0.5
CCE1_122W_33N,33.43,-122.48,8/7/2010,0:17:00,378.7,2,7.75,379.7,2,7.7,1017.1,16.5,100.58,15.714,32.99,381.7,382.6,375.2,376.1,-0.9,376.6,377.4,-0.9
CCE1_122W_33N,33.43,-122.48,8/7/2010,3:17:00,378.8,2,7.71,380,2,7.65,1017.2,16.4,100.44,15.709,32.991,381.8,383,375.3,376.5,-1.2,376.7,377.9,-1.2
CCE1_122W_33N,33.43,-122.48,8/7/2010,6:17:00,379.6,2,7.79,380.5,2,7.74,1018.2,16.6,100.34,15.927,33.048,382.5,383.5,376.3,377.3,-0.9,377.7,378.7,-1
CCE1_122W_33N,33.43,-122.48,8/7/2010,9:17:00,387.7,2,7.64,380,2,7.59,1016.6,17,100.24,16.689,33.182,390.6,382.9,383.4,375.8,7.6,384.7,377.1,7.6
CCE1_122W_33N,33.43,-122.48,8/7/2010,12:17:00,388.8,2,7.77,380,2,7.72,1016.4,17.3,100.05,16.676,33.172,391.8,382.9,384.5,375.7,8.7,385.8,377.1,8.8
CCE1_122W_33N,33.43,-122.48,8/7/2010,15:17:00,387,2,7.85,378.8,2,7.79,1017.2,17.1,100.05,16.49,33.155,390.1,381.8,383.2,375,8.1,384.5,376.4,8.2
CCE1_122W_33N,33.43,-122.48,8/7/2010,18:17:00,385.3,2,8.12,381.6,2,8.07,1018.1,16.9,100.1,16.289,33.123,388.5,384.7,382,378.2,3.8,383.4,379.6,3.8
CCE1_122W_33N,33.43,-122.48,8/7/2010,21:17:00,377.2,2,7.98,382.6,2,7.93,1017.8,16.6,100.29,15.48,32.998,380.3,385.7,374.1,379.5,-5.3,375.5,380.9,-5.3
CCE1_122W_33N,33.43,-122.48,8/8/2010,0:17:00,368.9,2,7.87,382.3,2,7.81,1017.2,16.3,100.68,14.8,32.916,371.8,385.3,365.9,379.1,-13.2,367.2,380.5,-13.3
CCE1_122W_33N,33.43,-122.48,8/8/2010,3:17:00,370.6,2,7.53,382.4,2,7.49,1017.2,16,100.78,15.062,33.032,373.4,385.3,367.4,379,-11.7,368.7,380.4,-11.7
CCE1_122W_33N,33.43,-122.48,8/8/2010,6:17:00,373.9,2,7.52,383.3,2,7.47,1018.1,16,100.68,15.143,32.985,376.7,386.2,370.9,380.2,-9.3,372.2,381.6,-9.4
CCE1_122W_33N,33.43,-122.48,8/8/2010,9:17:00,374.1,2,7.35,383.6,2,7.3,1017.6,16.4,100.49,15.006,32.96,376.9,386.4,370.9,380.3,-9.4,372.3,381.7,-9.4
CCE1_122W_33N,33.43,-122.48,8/8/2010,12:17:00,378.8,2,7.74,383.5,2,7.7,1017.7,16.5,100.29,15.784,33.083,381.7,386.5,375.4,380.1,-4.7,376.7,381.5,-4.7
CCE1_122W_33N,33.43,-122.48,8/8/2010,15:17:00,373.8,2,7.8,383.2,2,7.75,1019,16.6,100.39,14.931,32.95,376.7,386.2,371.3,380.6,-9.3,372.6,382,-9.4
CCE1_122W_33N,33.43,-122.48,8/8/2010,18:17:00,377.2,2,7.84,383.8,2,7.79,1020.2,16.3,100.44,15.45,33.077,380.2,386.8,375,381.5,-6.5,376.3,382.9,-6.5
CCE1_122W_33N,33.43,-122.48,8/8/2010,21:17:00,379.1,2,7.9,383.3,2,7.86,1019.6,16.4,100.39,15.895,33.092,382.1,386.3,376.5,380.6,-4.1,377.8,382,-4.2
CCE1_122W_33N,33.43,-122.48,8/9/2010,0:17:00,385,2,8.23,382.5,2,8.18,1018.5,17.1,100.29,16.598,33.177,388.2,385.6,381.8,379.2,2.6,383.1,380.5,2.6
CCE1_122W_33N,33.43,-122.48,8/9/2010,3:17:00,387.6,2,8.15,382.9,2,8.09,1018.4,17.3,100.19,16.701,33.182,390.8,386,384.2,379.5,4.7,385.6,380.9,4.7
CCE1_122W_33N,33.43,-122.48,8/9/2010,6:17:00,385.6,2,7.87,381.6,2,7.82,1019.2,17.2,100.15,16.628,33.184,388.7,384.6,382.5,378.5,4,383.9,379.8,4
CCE1_122W_33N,33.43,-122.48,8/9/2010,9:17:00,386.9,2,7.85,382.9,2,7.79,1018.4,17.1,100.15,16.817,33.22,390,385.9,383.3,379.4,4,384.7,380.7,4
CCE1_122W_33N,33.43,-122.48,8/9/2010,12:17:00,386.5,2,7.91,381.8,2,7.85,1018.4,17.2,100,16.782,33.22,389.6,384.8,383,378.3,4.6,384.4,379.6,4.7
CCE1_122W_33N,33.43,-122.48,8/9/2010,15:17:00,376.8,2,7.77,381.5,2,7.71,1019.3,16.5,100.19,14.989,33.065,379.8,384.5,374.4,379.1,-4.7,375.8,380.5,-4.7
CCE1_122W_33N,33.43,-122.48,8/9/2010,18:17:00,377.3,2,7.96,380.7,2,7.73,1019.6,15.8,100.49,15.037,32.988,380.3,383.7,375,378.3,-3.3,376.4,379.8,-3.4
CCE1_122W_33N,33.43,-122.48,8/9/2010,21:17:00,372.2,2,7.63,380.1,2,7.59,1019.6,15.9,100.63,15.453,33.253,375,383,369.7,377.5,-7.8,371,378.9,-7.9
CCE1_122W_33N,33.43,-122.48,8/10/2010,0:17:00,363.8,2,7.77,380.9,2,7.72,1018.5,16.1,100.92,15.636,33.326,366.6,383.8,360.9,377.8,-17,362.2,379.2,-17
CCE1_122W_33N,33.43,-122.48,8/10/2010,3:17:00,358.1,2,7.44,380.2,2,7.39,1018.2,16.2,101.17,15.667,33.342,360.8,383.1,355,377,-21.9,356.3,378.4,-22
CCE1_122W_33N,33.43,-122.48,8/10/2010,6:17:00,356,2,7.52,380.2,2,7.48,1018.7,16,101.36,15.652,33.347,358.7,383,353.2,377.1,-24,354.5,378.5,-24
CCE1_122W_33N,33.43,-122.48,8/10/2010,9:17:00,353,2,7.67,379.7,2,7.44,1017.9,15.9,101.46,15.585,33.34,355.7,382.6,350,376.4,-26.4,351.2,377.8,-26.6
CCE1_122W_33N,33.43,-122.48,8/10/2010,12:17:00,368.1,2,7.54,379.7,2,7.5,1017.8,16,101.36,15.561,33.319,370.8,382.6,364.8,376.4,-11.6,366.1,377.8,-11.7
CCE1_122W_33N,33.43,-122.48,8/10/2010,15:17:00,371.7,2,7.44,379.5,2,7.4,1019.1,15.8,101.26,15.217,33.292,374.5,382.3,369,376.7,-7.7,370.4,378.1,-7.7
CCE1_122W_33N,33.43,-122.48,8/10/2010,18:17:00,369.8,2,7.48,379.3,2,7.44,1020.2,15.5,101.26,15.209,33.301,372.6,382.1,367.5,376.9,-9.4,368.9,378.3,-9.4
CCE1_122W_33N,33.43,-122.48,8/10/2010,21:17:00,370.5,2,7.75,379.5,2,7.72,1020,15.8,101.26,15.213,33.291,373.4,382.5,368.3,377.2,-8.9,369.6,378.6,-9
CCE1_122W_33N,33.43,-122.48,8/11/2010,0:17:00,368.3,2,7.79,379.5,2,7.75,1019.3,16.2,101.31,15.627,33.296,371.2,382.4,365.7,376.8,-11.1,367,378.1,-11.1
CCE1_122W_33N,33.43,-122.48,8/11/2010,3:17:00,365.7,2,7.65,378.1,2,7.6,1019.2,16.3,101.31,15.586,33.28,368.5,381,363,375.3,-12.3,364.3,376.7,-12.4
CCE1_122W_33N,33.43,-122.48,8/11/2010,6:17:00,366.5,2,7.73,378.7,2,7.5,1019.8,16.1,101.36,15.461,33.293,369.3,381.6,364.1,376.2,-12.1,365.4,377.6,-12.2
CCE1_122W_33N,33.43,-122.48,8/11/2010,9:17:00,363.9,2,7.64,377.7,2,7.41,1019.8,15.9,101.31,15.436,33.271,366.7,380.5,361.6,375.1,-13.5,362.8,376.5,-13.7
CCE1_122W_33N,33.43,-122.48,8/11/2010,12:17:00,364.3,2,7.44,377.5,2,7.4,1019.7,15.8,101.26,15.195,33.204,367,380.3,361.9,375,-13.1,363.2,376.4,-13.2
CCE1_122W_33N,33.43,-122.48,8/11/2010,15:17:00,366.4,2,7.41,377.7,2,7.36,1020.8,15.8,101.21,15.077,33.175,369.2,380.5,364.5,375.6,-11.2,365.8,377,-11.2
CCE1_122W_33N,33.43,-122.48,8/11/2010,18:17:00,365.3,2,7.68,377,2,7.47,1021.9,15.6,101.16,15.201,33.239,368.2,379.8,363.8,375.3,-11.5,365.2,376.7,-11.5
CCE1_122W_33N,33.43,-122.48,8/11/2010,21:17:00,366,2,7.77,379.8,2,7.73,1021.5,15.8,101.31,15.084,33.144,368.8,382.8,364.4,378.2,-13.8,365.7,379.6,-13.9
CCE1_122W_33N,33.43,-122.48,8/12/2010,0:17:00,381.6,2,7.9,381.8,2,7.86,1020.5,16.4,101.07,16.367,33.192,384.6,384.8,379,379.2,-0.2,380.4,380.6,-0.2
CCE1_122W_33N,33.43,-122.48,8/12/2010,3:17:00,367.9,2,7.75,382.4,2,7.69,1019.9,16.5,101.16,14.948,33.09,370.8,385.3,365.7,380.1,-14.4,367.1,381.5,-14.4
CCE1_122W_33N,33.43,-122.48,8/12/2010,6:17:00,358.5,2,7.61,381.3,2,7.56,1020.3,16.2,101.36,15.456,33.307,361.3,384.2,356.4,378.9,-22.6,357.7,380.3,-22.7
CCE1_122W_33N,33.43,-122.48,8/12/2010,9:17:00,357.9,2,7.57,380.5,2,7.52,1019.7,16.1,101.41,15.475,33.311,360.6,383.3,355.5,377.9,-22.4,356.8,379.2,-22.5
CCE1_122W_33N,33.43,-122.48,8/12/2010,12:17:00,358,2,7.57,379.3,2,7.34,1019.4,16.1,101.41,15.446,33.316,360.7,382.1,355.5,376.6,-21.1,356.8,377.9,-21.2
CCE1_122W_33N,33.43,-122.48,8/12/2010,15:17:00,356.6,2,7.41,379.2,2,7.36,1020.1,16.2,101.36,15.469,33.326,359.3,382,354.3,376.7,-22.4,355.6,378.1,-22.5
CCE1_122W_33N,33.43,-122.48,8/12/2010,18:17:00,355.9,2,7.71,378.8,2,7.67,1020,16,101.45,15.492,33.329,358.7,381.7,353.7,376.4,-22.7,355,377.7,-22.8
CCE1_122W_33N,33.43,-122.48,8/12/2010,21:17:00,371.7,2,7.81,378.8,2,7.76,1019.1,15.9,101.45,14.791,33.064,374.7,381.8,369.4,376.4,-7,370.8,377.8,-7
CCE1_122W_33N,33.43,-122.48,8/13/2010,0:17:00,366.8,2,7.64,378.2,2,7.6,1017.8,15.9,101.6,14.952,33.107,369.6,381.1,363.8,375.2,-11.3,365.2,376.5,-11.4
CCE1_122W_33N,33.43,-122.48,8/13/2010,3:17:00,363.7,2,7.5,378.3,2,7.45,1017.6,15.9,101.65,15.035,33.15,366.5,381.1,360.7,375.1,-14.4,362,376.4,-14.4
CCE1_122W_33N,33.43,-122.48,8/13/2010,6:17:00,366.3,2,7.42,377.6,2,7.36,1018,15.8,101.7,14.882,33.014,369,380.4,363.4,374.5,-11.2,364.7,375.9,-11.3
CCE1_122W_33N,33.43,-122.48,8/13/2010,9:17:00,366.4,2,7.36,378.4,2,7.32,1017.3,15.6,101.7,14.885,33,369.1,381.2,363.2,375.1,-11.9,364.5,376.5,-12
CCE1_122W_33N,33.43,-122.48,8/13/2010,12:17:00,372.9,2,7.37,377.9,2,7.33,1017.1,15.6,101.51,15.182,32.982,375.7,380.7,369.5,374.4,-4.9,370.9,375.8,-4.9
CCE1_122W_33N,33.43,-122.48,8/13/2010,15:17:00,382.4,2,7.58,376.3,2,7.53,1017.8,16.5,101.17,16.138,33.095,385.3,379.2,378.8,372.8,6.1,380.2,374.2,6
CCE1_122W_33N,33.43,-122.48,8/13/2010,18:17:00,379.6,2,8.17,377,2,8.12,1018.2,16.6,101.07,15.481,33.045,382.8,380.1,376.8,374.1,2.6,378.2,375.5,2.7
CCE1_122W_33N,33.43,-122.48,8/13/2010,21:17:00,379.4,2,8.09,376.9,2,7.86,1017.5,16.4,101.17,15.362,33.004,382.5,379.9,376.3,373.7,2.6,377.6,375.1,2.6
CCE1_122W_33N,33.43,-122.48,8/14/2010,0:17:00,379.9,2,7.96,378.5,2,7.92,1016.9,16.5,101.22,15.471,32.996,382.9,381.5,376.4,375.1,1.4,377.8,376.4,1.4
CCE1_122W_33N,33.43,-122.48,8/14/2010,3:17:00,380.4,2,7.74,379.6,2,7.69,1017.3,16.5,101.17,15.383,32.985,383.4,382.5,377.1,376.2,0.9,378.4,377.6,0.9
CCE1_122W_33N,33.43,-122.48,8/14/2010,6:17:00,375.4,2,7.79,379.1,2,7.57,1017.7,16.2,101.26,15.192,32.956,378.3,382,372.3,375.9,-3.6,373.6,377.3,-3.7
CCE1_122W_33N,33.43,-122.48,8/14/2010,9:17:00,374.1,2,7.5,379.4,2,7.46,1017.2,15.9,101.26,15.042,32.965,377,382.2,370.8,376,-5.2,372.2,377.4,-5.1
CCE1_122W_33N,33.43,-122.48,8/14/2010,12:17:00,373.7,2,7.47,380.2,2,7.42,1017,15.9,101.31,14.985,33.009,376.5,383.1,370.3,376.8,-6.5,371.7,378.2,-6.5
CCE1_122W_33N,33.43,-122.48,8/14/2010,15:17:00,371.7,2,7.63,379.3,2,7.41,1018.5,15.8,101.41,14.904,33.032,374.6,382.1,369,376.5,-7.4,370.4,377.8,-7.4
CCE1_122W_33N,33.43,-122.48,8/14/2010,18:17:00,362.2,2,7.86,379.7,2,7.64,1019.2,16,101.55,15.358,33.212,365.1,382.6,359.8,377,-17.2,361.1,378.4,-17.3
CCE1_122W_33N,33.43,-122.48,8/14/2010,21:17:00,359.9,2,8.07,378.8,2,7.84,1018.7,16.4,101.6,15.814,33.28,362.8,381.8,357.1,375.8,-18.7,358.4,377.2,-18.8
CCE1_122W_33N,33.43,-122.48,8/15/2010,0:17:00,355.7,2,8.12,379.3,2,7.88,1018.7,16.9,101.8,16.142,33.339,358.6,382.3,352.9,376.2,-23.3,354.2,377.6,-23.4
CCE1_122W_33N,33.43,-122.48,8/15/2010,3:17:00,355.2,2,7.93,379.3,2,7.69,1019.3,16.9,101.94,16.022,33.333,358,382.2,352.6,376.4,-23.8,353.8,377.7,-23.9
CCE1_122W_33N,33.43,-122.48,8/15/2010,6:17:00,359.1,2,8,379.1,2,7.95,1019.5,16.6,101.94,15.832,33.307,362,382.2,356.7,376.5,-19.9,357.9,377.9,-20
CCE1_122W_33N,33.43,-122.48,8/15/2010,9:17:00,359,2,8.13,380,2,7.91,1019,16.5,101.99,15.965,33.327,362,383,356.4,377.1,-20.7,357.7,378.4,-20.8
CCE1_122W_33N,33.43,-122.48,8/15/2010,12:17:00,359.7,2,8.11,379.7,2,7.88,1019.2,16.5,101.94,15.755,33.298,362.6,382.7,357.2,376.9,-19.8,358.4,378.3,-19.9
CCE1_122W_33N,33.43,-122.48,8/15/2010,15:17:00,365.7,2,7.96,379.3,2,7.73,1020.2,16.6,101.89,15.809,33.306,368.6,382.2,363.4,376.8,-13.4,364.7,378.2,-13.5
CCE1_122W_33N,33.43,-122.48,8/15/2010,18:17:00,364.6,2,8.03,379,2,7.98,1020.4,16.7,101.74,16.06,33.34,367.5,382,362.3,376.6,-14.3,363.6,377.9,-14.3
CCE1_122W_33N,33.43,-122.48,8/15/2010,21:17:00,369.1,2,8.22,379.6,2,7.99,1020.1,16.7,101.75,16.126,33.307,372.2,382.7,366.8,377.1,-10.3,368.1,378.5,-10.4
CCE1_122W_33N,33.43,-122.48,8/16/2010,0:17:00,365.3,2,8.08,379.1,2,7.85,1019.4,16.8,101.79,16.096,33.301,368.3,382,362.7,376.2,-13.5,364,377.6,-13.5
CCE1_122W_33N,33.43,-122.48,8/16/2010,3:17:00,362.2,2,7.88,378.4,2,7.82,1018.5,16.8,101.84,15.963,33.291,365,381.4,359.2,375.3,-16.1,360.5,376.7,-16.2
CCE1_122W_33N,33.43,-122.48,8/16/2010,6:17:00,361,2,7.69,378.3,2,7.64,1018.7,16.8,101.89,15.915,33.288,363.7,381.2,358,375.2,-17.2,359.3,376.6,-17.3
CCE1_122W_33N,33.43,-122.48,8/16/2010,9:17:00,359.1,2,7.63,378.5,2,7.57,1018.1,16.6,101.84,15.978,33.35,361.9,381.4,356,375.1,-19.2,357.3,376.5,-19.3
CCE1_122W_33N,33.43,-122.48,8/16/2010,12:17:00,358.6,2,7.73,378.2,2,7.49,1017.5,16.4,101.8,15.92,33.367,361.4,381.1,355.3,374.6,-19.3,356.6,376,-19.4
CCE1_122W_33N,33.43,-122.48,8/16/2010,15:17:00,360.4,2,7.48,377.9,2,7.43,1018.3,16.3,101.84,15.542,33.263,363.1,380.7,357.5,374.8,-17.3,358.7,376.1,-17.4
CCE1_122W_33N,33.43,-122.48,8/16/2010,18:17:00,361.9,2,7.66,377.9,2,7.61,1018.6,16.3,101.89,15.562,33.232,364.7,380.8,359,374.9,-15.9,360.4,376.3,-15.9
CCE1_122W_33N,33.43,-122.48,8/16/2010,21:17:00,359.3,2,7.7,377.7,2,7.65,1018.2,16.4,101.89,15.636,33.268,362.1,380.6,356.4,374.5,-18.2,357.6,375.9,-18.3
CCE1_122W_33N,33.43,-122.48,8/17/2010,0:17:00,356.8,2,7.72,377.7,2,7.68,1017,16.4,101.94,15.796,33.327,359.6,380.6,353.4,374.1,-20.7,354.7,375.4,-20.7
CCE1_122W_33N,33.43,-122.48,8/17/2010,3:17:00,354.8,2,7.54,377.9,2,7.49,1017.5,16.4,101.89,15.881,33.363,357.5,380.8,351.5,374.4,-22.9,352.8,375.7,-23
CCE1_122W_33N,33.43,-122.48,8/17/2010,6:17:00,351.9,2,7.58,377.9,2,7.53,1018.1,16.5,101.8,15.991,33.399,354.6,380.8,348.8,374.5,-25.7,350.1,375.9,-25.9
CCE1_122W_33N,33.43,-122.48,8/17/2010,9:17:00,352.3,2,7.78,378,2,7.73,1018,16.6,101.7,15.979,33.413,355.1,381,349.2,374.7,-25.5,350.5,376.1,-25.6
CCE1_122W_33N,33.43,-122.48,8/17/2010,12:17:00,352.9,2,7.7,377.6,2,7.47,1018.1,16.4,101.6,15.925,33.416,355.7,380.4,349.9,374.2,-24.3,351.2,375.6,-24.4
CCE1_122W_33N,33.43,-122.48,8/17/2010,15:17:00,351.8,2,7.63,377.8,2,7.58,1019,16.2,101.55,15.896,33.416,354.5,380.7,349,374.9,-25.8,350.3,376.2,-25.9
CCE1_122W_33N,33.43,-122.48,8/17/2010,18:17:00,349.3,2,7.88,377.8,2,7.83,1020,16.4,101.5,15.915,33.409,352.1,380.8,347,375.3,-28.3,348.3,376.7,-28.4
CCE1_122W_33N,33.43,-122.48,8/17/2010,21:17:00,351.2,2,8.1,377.7,2,7.87,1018.9,16.5,101.55,15.924,33.402,354,380.7,348.6,374.8,-26.3,349.8,376.2,-26.4
CCE1_122W_33N,33.43,-122.48,8/18/2010,0:17:00,351.6,2,7.95,377.9,2,7.9,1017.8,16.5,101.55,15.947,33.404,354.4,380.9,348.5,374.6,-26.1,349.8,375.9,-26.2
CCE1_122W_33N,33.43,-122.48,8/18/2010,3:17:00,350.5,2,7.73,378.3,2,7.68,1018.3,16.4,101.55,15.927,33.409,353.2,381.2,347.5,375.1,-27.6,348.8,376.4,-27.6
CCE1_122W_33N,33.43,-122.48,8/18/2010,6:17:00,350.9,2,7.74,379.1,2,7.69,1019.2,16.5,101.5,15.9,33.412,353.6,382,348.2,376.2,-28,349.5,377.6,-28.1
CCE1_122W_33N,33.43,-122.48,8/18/2010,9:17:00,351.5,2,7.79,379.2,2,7.74,1019,16.6,101.45,15.914,33.412,354.2,382.2,348.8,376.3,-27.5,350,377.7,-27.7
CCE1_122W_33N,33.43,-122.48,8/18/2010,12:17:00,353.2,2,7.77,379.4,2,7.72,1018.7,16.5,101.36,15.915,33.399,356,382.3,350.4,376.3,-25.9,351.7,377.7,-26
CCE1_122W_33N,33.43,-122.48,8/18/2010,15:17:00,351.4,2,7.89,379.7,2,7.66,1019.7,16.4,101.31,15.911,33.405,354.1,382.6,348.9,377,-28,350.2,378.3,-28.2
CCE1_122W_33N,33.43,-122.48,8/18/2010,18:17:00,349.8,2,8.09,379.5,2,7.86,1020.5,16.5,101.26,15.949,33.409,352.6,382.5,347.7,377.1,-29.4,348.9,378.5,-29.6
CCE1_122W_33N,33.43,-122.48,8/18/2010,21:17:00,349.8,2,8.18,379.5,2,7.95,1020.3,16.6,101.26,16.065,33.411,352.7,382.5,347.7,377.1,-29.4,348.9,378.4,-29.5
CCE1_122W_33N,33.43,-122.48,8/19/2010,0:17:00,351.3,2,8.19,378.8,2,7.96,1019.1,16.6,101.31,16.092,33.397,354.2,381.8,348.7,375.9,-27.2,350,377.2,-27.3
CCE1_122W_33N,33.43,-122.48,8/19/2010,3:17:00,351.8,2,7.94,379.4,2,7.7,1018.8,16.5,101.36,16.021,33.396,354.6,382.3,349,376.3,-27.3,350.3,377.7,-27.4
CCE1_122W_33N,33.43,-122.48,8/19/2010,6:17:00,351.2,2,7.91,380,2,7.86,1019.5,16.4,101.31,16.009,33.401,354,383,348.7,377.3,-28.6,349.9,378.6,-28.7
CCE1_122W_33N,33.43,-122.48,8/19/2010,9:17:00,350.9,2,7.97,381.4,2,7.74,1018.3,16.6,101.31,15.994,33.401,353.7,384.4,348,378.2,-30.2,349.2,379.6,-30.3
CCE1_122W_33N,33.43,-122.48,8/19/2010,12:17:00,351.9,2,7.75,382.3,2,7.7,1017.7,16.5,101.21,15.972,33.395,354.6,385.3,348.7,378.8,-30.1,349.9,380.2,-30.3
CCE1_122W_33N,33.43,-122.48,8/19/2010,15:17:00,352.9,2,7.71,380.8,2,7.66,1018.7,16.4,101.11,15.959,33.396,355.6,383.8,350,377.7,-27.7,351.3,379.1,-27.9
CCE1_122W_33N,33.43,-122.48,8/19/2010,18:17:00,350.9,2,7.72,380.3,2,7.67,1019.1,16.4,101.06,15.966,33.387,353.6,383.3,348.2,377.4,-29.2,349.4,378.8,-29.3
CCE1_122W_33N,33.43,-122.48,8/19/2010,21:17:00,349,2,8.12,379.2,2,7.9,1018.5,16.5,101.11,15.996,33.373,351.8,382.2,346.2,376.1,-29.9,347.4,377.5,-30
CCE1_122W_33N,33.43,-122.48,8/20/2010,0:17:00,349,2,7.98,379.8,2,7.93,1017,16.6,101.26,15.957,33.354,351.8,382.8,345.6,376.2,-30.5,346.9,377.5,-30.6
CCE1_122W_33N,33.43,-122.48,8/20/2010,3:17:00,350.4,2,7.75,378.8,2,7.51,1016.6,16.5,101.21,15.942,33.362,353.1,381.6,346.9,374.9,-28,348.1,376.2,-28.1
CCE1_122W_33N,33.43,-122.48,8/20/2010,6:17:00,349.9,2,7.55,379.1,2,7.49,1017.1,16.4,101.21,15.968,33.374,352.5,381.9,346.4,375.3,-28.9,347.6,376.6,-29
CCE1_122W_33N,33.43,-122.48,8/20/2010,9:17:00,349.8,2,7.54,379.8,2,7.49,1016.1,16.4,101.21,15.93,33.355,352.4,382.7,346,375.7,-29.7,347.2,377.1,-29.9
CCE1_122W_33N,33.43,-122.48,8/20/2010,12:17:00,351.2,2,7.69,379.2,2,7.45,1015.6,16.3,101.17,15.986,33.335,353.9,382,347.2,374.8,-27.6,348.5,376.2,-27.7
CCE1_122W_33N,33.43,-122.48,8/20/2010,15:17:00,353.9,2,7.64,378.7,2,7.59,1016.8,16.2,101.07,16.02,33.315,356.6,381.6,350.3,374.9,-24.6,351.6,376.2,-24.6
CCE1_122W_33N,33.43,-122.48,8/20/2010,18:17:00,353.6,2,8,378.5,2,7.77,1016.9,16.2,101.02,16.061,33.305,356.4,381.5,350.1,374.8,-24.6,351.4,376.1,-24.7
CCE1_122W_33N,33.43,-122.48,8/20/2010,21:17:00,355.8,2,8.15,378.8,2,7.92,1016.5,16.5,100.92,16.2,33.309,358.7,381.8,352.2,374.9,-22.7,353.5,376.2,-22.8
CCE1_122W_33N,33.43,-122.48,8/21/2010,0:17:00,355.1,2,8.05,379.8,2,8.01,1015.4,16.7,100.92,16.228,33.322,357.9,382.9,351.1,375.5,-24.4,352.3,376.9,-24.6
CCE1_122W_33N,33.43,-122.48,8/21/2010,3:17:00,355.7,2,7.82,380,2,7.77,1015.5,16.6,100.87,16.214,33.315,358.5,383,351.6,375.7,-24.1,352.9,377,-24.1
CCE1_122W_33N,33.43,-122.48,8/21/2010,6:17:00,357,2,7.93,378.3,2,7.7,1016.4,16.5,100.78,16.199,33.307,359.8,381.2,353.3,374.2,-21,354.5,375.6,-21.1
CCE1_122W_33N,33.43,-122.48,8/21/2010,9:17:00,355.2,2,7.92,376.6,2,7.88,1016,16.4,100.78,16.172,33.32,358.1,379.6,351.4,372.5,-21.1,352.7,373.9,-21.2
CCE1_122W_33N,33.43,-122.48,8/21/2010,12:17:00,357.1,2,7.91,376.2,2,7.67,1016.5,16.4,100.68,15.904,33.372,359.9,379.1,353.5,372.3,-18.8,354.8,373.7,-18.9
CCE1_122W_33N,33.43,-122.48,8/21/2010,15:17:00,356.6,2,7.81,376.5,2,7.76,1017.6,16.2,100.53,16.122,33.33,359.4,379.4,353.3,373,-19.7,354.6,374.3,-19.7
CCE1_122W_33N,33.43,-122.48,8/21/2010,18:17:00,355.3,2,7.98,375.7,2,7.76,1019.1,16.2,100.48,16.152,33.312,358.2,378.7,352.6,372.8,-20.2,353.9,374.2,-20.3
CCE1_122W_33N,33.43,-122.48,8/21/2010,21:17:00,355.8,2,8.32,376,2,8.1,1019.1,16.5,100.48,16.228,33.318,358.8,379,353.2,373.1,-19.9,354.5,374.4,-20
CCE1_122W_33N,33.43,-122.48,8/22/2010,0:17:00,354.5,2,8.22,375.7,2,7.98,1018.4,16.7,100.53,16.234,33.351,357.5,378.8,351.6,372.6,-20.9,352.9,374,-21
CCE1_122W_33N,33.43,-122.48,8/22/2010,3:17:00,353.3,2,7.94,375.9,2,7.71,1018.9,16.5,100.58,16.148,33.362,356.1,378.8,350.5,372.8,-22.3,351.8,374.2,-22.4
CCE1_122W_33N,33.43,-122.48,8/22/2010,6:17:00,354,2,7.82,376.3,2,7.58,1020.1,16.3,100.63,16.162,33.334,356.8,379.2,351.6,373.6,-22.1,352.9,375,-22.2
CCE1_122W_33N,33.43,-122.48,8/22/2010,9:17:00,354.8,2,7.64,375.9,2,7.59,1020.1,16.3,100.63,16.104,33.316,357.5,378.8,352.3,373.3,-21,353.6,374.6,-21.1
CCE1_122W_33N,33.43,-122.48,8/22/2010,12:17:00,355.2,2,7.48,376.1,2,7.43,1020.1,16.3,100.53,16.073,33.31,357.8,378.9,352.7,373.4,-20.7,353.9,374.8,-20.9
CCE1_122W_33N,33.43,-122.48,8/22/2010,15:17:00,353.9,2,7.66,375.6,2,7.6,1021.4,16.3,100.43,16.039,33.302,356.6,378.5,351.9,373.5,-21.6,353.2,374.9,-21.7
CCE1_122W_33N,33.43,-122.48,8/22/2010,18:17:00,353.8,2,7.88,374.9,2,7.84,1021.7,16.4,100.53,16.062,33.278,356.6,377.8,352,373,-20.9,353.3,374.3,-21
CCE1_122W_33N,33.43,-122.48,8/22/2010,21:17:00,355,2,7.8,374.6,2,7.76,1021.4,16.6,100.48,16.151,33.26,357.8,377.5,353,372.5,-19.4,354.3,373.8,-19.5
CCE1_122W_33N,33.43,-122.48,8/23/2010,0:17:00,355.1,2,7.93,374.2,2,8.07,1020.4,16.9,100.63,16.186,33.26,358,377.3,352.8,371.9,-19,354.1,373.2,-19.1
CCE1_122W_33N,33.43,-122.48,8/23/2010,3:17:00,355.4,2,7.8,374.9,2,7.74,1019.8,17,100.68,16.138,33.256,358.2,377.8,352.9,372.2,-19.3,354.2,373.5,-19.4
CCE1_122W_33N,33.43,-122.48,8/23/2010,6:17:00,359.9,2,7.9,375.5,2,7.85,1020.6,16.8,100.68,16.116,33.216,362.8,378.5,357.7,373.2,-15.5,359,374.5,-15.5
CCE1_122W_33N,33.43,-122.48,8/23/2010,9:17:00,361.5,2,7.88,374.1,2,7.83,1019.7,16.8,100.63,16.097,33.214,364.4,377,359,371.4,-12.4,360.3,372.7,-12.5
CCE1_122W_33N,33.43,-122.48,8/23/2010,12:17:00,361,2,7.9,375.5,2,7.65,1018.9,16.8,100.58,16.047,33.211,363.9,378.4,358.2,372.5,-14.3,359.5,373.8,-14.3
CCE1_122W_33N,33.43,-122.48,8/23/2010,15:17:00,358.9,2,8.27,375.5,2,8.23,1019.2,16.8,100.53,16.039,33.213,361.9,378.6,356.4,372.8,-16.5,357.6,374.1,-16.5
CCE1_122W_33N,33.43,-122.48,8/23/2010,18:17:00,361.4,2,7.94,375.2,2,7.89,1019.4,16.9,100.58,16.1,33.213,364.3,378.2,358.7,372.4,-13.7,360.1,373.8,-13.7
CCE1_122W_33N,33.43,-122.48,8/23/2010,21:17:00,363.8,2,7.99,374.8,2,7.95,1018.8,17,100.58,16.227,33.215,366.7,377.8,360.8,371.8,-11,362.2,373.1,-11
CCE1_122W_33N,33.43,-122.48,8/24/2010,0:17:00,364.8,2,8.46,374.8,2,8.41,1017,17.1,100.68,16.258,33.212,367.9,377.9,361.3,371.3,-9.9,362.7,372.5,-9.9
CCE1_122W_33N,33.43,-122.48,8/24/2010,3:17:00,365.8,2,7.91,375.2,2,7.85,1016.9,17.2,100.73,16.224,33.208,368.7,378.2,362.1,371.4,-9.3,363.4,372.8,-9.4
CCE1_122W_33N,33.43,-122.48,8/24/2010,6:17:00,365.1,2,8.2,375.7,2,8.15,1017.2,17,100.68,16.187,33.207,368.2,378.8,361.7,372.2,-10.4,363.1,373.5,-10.5
CCE1_122W_33N,33.43,-122.48,8/24/2010,9:17:00,364.3,2,8.18,375.5,2,8.13,1016.3,17,100.68,16.164,33.207,367.3,378.5,360.6,371.6,-11,361.9,372.9,-11
CCE1_122W_33N,33.43,-122.48,8/24/2010,12:17:00,362.9,2,8.18,375.5,2,7.94,1015.5,16.9,100.63,16.159,33.213,365.9,378.5,358.9,371.3,-12.4,360.2,372.6,-12.4
CCE1_122W_33N,33.43,-122.48,8/24/2010,15:17:00,361.3,2,7.96,375.6,2,7.91,1016.5,16.9,100.63,16.167,33.231,364.1,378.6,357.6,371.8,-14.2,358.8,373.1,-14.3
CCE1_122W_33N,33.43,-122.48,8/24/2010,18:17:00,361.1,2,8.31,375.7,2,8.27,1017,16.9,100.58,16.261,33.249,364.1,378.8,357.7,372.1,-14.4,358.9,373.4,-14.5
CCE1_122W_33N,33.43,-122.48,8/24/2010,21:17:00,361.7,2,8.36,375.4,2,8.32,1016.2,16.9,100.58,16.377,33.255,364.8,378.6,358,371.5,-13.5,359.3,372.9,-13.6
CCE1_122W_33N,33.43,-122.48,8/25/2010,0:17:00,361.1,2,8,375.3,2,7.95,1015.6,17,100.63,16.409,33.269,364,378.3,357,371,-14,358.3,372.3,-14.1
CCE1_122W_33N,33.43,-122.48,8/25/2010,3:17:00,362.2,2,7.73,375.7,2,7.67,1015.9,16.8,100.63,16.373,33.281,365,378.6,358.1,371.4,-13.3,359.4,372.8,-13.4
CCE1_122W_33N,33.43,-122.48,8/25/2010,6:17:00,361.8,2,7.79,375.4,2,7.74,1016.4,16.5,100.53,16.337,33.278,364.6,378.3,357.9,371.4,-13.5,359.2,372.7,-13.5
CCE1_122W_33N,33.43,-122.48,8/25/2010,9:17:00,362.1,2,7.73,375.3,2,7.68,1016.2,16.4,100.48,16.312,33.279,364.9,378.2,358.1,371.2,-13.1,359.4,372.5,-13.1
CCE1_122W_33N,33.43,-122.48,8/25/2010,12:17:00,360,2,7.76,375.4,2,7.71,1016.3,16.5,100.53,16.298,33.305,362.8,378.3,356.1,371.3,-15.2,357.4,372.7,-15.3
CCE1_122W_33N,33.43,-122.48,8/25/2010,15:17:00,360.6,2,7.76,375.8,2,7.71,1017.6,16.5,100.44,16.289,33.322,363.5,378.7,357.2,372.2,-15,358.5,373.5,-15
CCE1_122W_33N,33.43,-122.48,8/25/2010,18:17:00,376.9,2,8.3,375.9,2,8.08,1018.2,16.5,100.1,16.309,33.306,380.1,378.9,373.8,372.6,1.1,375.1,373.9,1.2
CCE1_122W_33N,33.43,-122.48,8/25/2010,21:17:00,365.4,2,8.45,375.7,2,8.41,1017.8,16.8,100.15,16.44,33.287,368.6,378.9,362.2,372.4,-10.2,363.6,373.7,-10.2
CCE1_122W_33N,33.43,-122.48,8/26/2010,0:17:00,365.5,2,8.19,376.1,2,7.95,1016.9,17,100.29,16.452,33.263,368.5,379.1,361.9,372.3,-10.4,363.1,373.6,-10.4
CCE1_122W_33N,33.43,-122.48,8/26/2010,3:17:00,363.7,2,7.92,376.7,2,7.86,1017.1,16.8,100.39,16.422,33.281,366.6,379.7,360.1,372.9,-12.8,361.4,374.3,-12.9
CCE1_122W_33N,33.43,-122.48,8/26/2010,6:17:00,361.6,2,8.04,376.8,2,7.8,1018,16.7,100.39,16.431,33.31,364.5,379.8,358.4,373.4,-15,359.6,374.7,-15.1
CCE1_122W_33N,33.43,-122.48,8/26/2010,9:17:00,362.1,2,7.98,376.9,2,7.75,1018,16.6,100.39,16.452,33.325,365,379.9,358.8,373.4,-14.6,360.1,374.8,-14.7
CCE1_122W_33N,33.43,-122.48,8/26/2010,12:17:00,362,2,7.98,377.7,2,7.75,1017.7,16.6,100.39,16.433,33.334,364.9,380.6,358.6,374.1,-15.5,359.9,375.4,-15.5
CCE1_122W_33N,33.43,-122.48,8/26/2010,15:17:00,361.7,2,7.92,377.9,2,7.68,1019.1,16.5,100.34,16.362,33.318,364.6,380.8,358.8,374.8,-16,360.1,376.1,-16
CCE1_122W_33N,33.43,-122.48,8/26/2010,18:17:00,361.8,2,8.08,377.8,2,7.85,1020.1,16.4,100.34,16.361,33.299,364.7,380.8,359.3,375.2,-15.9,360.6,376.5,-15.9
CCE1_122W_33N,33.43,-122.48,8/26/2010,21:17:00,362.2,2,8.17,376.2,2,8.13,1019.3,16.6,100.29,16.395,33.283,365.2,379.3,359.5,373.3,-13.9,360.8,374.7,-13.9
CCE1_122W_33N,33.43,-122.48,8/27/2010,0:17:00,359.9,2,8.31,378.9,2,8.07,1017.9,16.9,100.44,16.427,33.288,362.9,382,356.8,375.5,-18.7,358,376.8,-18.8
CCE1_122W_33N,33.43,-122.48,8/27/2010,3:17:00,358.7,2,8.15,380.2,2,7.91,1017.9,16.9,100.48,16.394,33.296,361.6,383.2,355.5,376.7,-21.2,356.7,378,-21.3
CCE1_122W_33N,33.43,-122.48,8/27/2010,6:17:00,359.3,2,7.91,380.1,2,7.86,1018.4,16.8,100.53,16.371,33.288,362.1,383.1,356.2,376.8,-20.6,357.4,378.1,-20.7
CCE1_122W_33N,33.43,-122.48,8/27/2010,9:17:00,361.7,2,7.9,378.5,2,7.84,1017.7,16.8,100.48,16.312,33.271,364.5,381.5,358.3,375,-16.7,359.6,376.3,-16.8
CCE1_122W_33N,33.43,-122.48,8/27/2010,12:17:00,363.6,2,8.31,378,2,8.26,1017.5,16.9,100.48,16.267,33.27,366.7,381.1,360.3,374.5,-14.2,361.7,375.9,-14.2
CCE1_122W_33N,33.43,-122.48,8/27/2010,15:17:00,363.2,2,8.38,376.2,2,8.33,1017.9,17,100.53,16.222,33.266,366.3,379.3,360.2,373,-12.8,361.4,374.3,-12.8
CCE1_122W_33N,33.43,-122.48,8/27/2010,18:17:00,362.7,2,8.18,375.4,2,8.13,1018.7,17,100.48,16.225,33.257,365.7,378.5,359.8,372.4,-12.6,361.1,373.8,-12.6
CCE1_122W_33N,33.43,-122.48,8/27/2010,21:17:00,362.5,2,8.33,375.2,2,8.1,1018.1,16.9,100.58,16.212,33.25,365.5,378.2,359.5,372,-12.5,360.7,373.3,-12.5
CCE1_122W_33N,33.43,-122.48,8/28/2010,0:17:00,361.7,2,8.2,375,2,8.15,1016.5,17,100.63,16.225,33.246,364.7,378.1,358,371.2,-13.2,359.4,372.6,-13.2
CCE1_122W_33N,33.43,-122.48,8/28/2010,3:17:00,362.2,2,8.02,375.7,2,7.77,1016.8,17,100.82,16.139,33.238,365.1,378.6,358.6,371.9,-13.2,359.9,373.2,-13.3
CCE1_122W_33N,33.43,-122.48,8/28/2010,6:17:00,363.7,2,7.89,376.4,2,7.84,1017.4,16.8,100.82,16.097,33.246,366.6,379.3,360.3,372.8,-12.5,361.6,374.1,-12.5
CCE1_122W_33N,33.43,-122.48,8/28/2010,9:17:00,362.5,2,7.82,376.1,2,7.77,1017,16.6,100.77,16.147,33.256,365.4,379,358.9,372.4,-13.4,360.3,373.7,-13.4
CCE1_122W_33N,33.43,-122.48,8/28/2010,12:17:00,365.3,2,7.8,376.2,2,7.75,1016.9,16.6,100.68,16.141,33.234,368.1,379.1,361.6,372.4,-10.8,362.9,373.7,-10.8
CCE1_122W_33N,33.43,-122.48,8/28/2010,15:17:00,362.6,2,8.13,376.2,2,7.9,1017.8,16.5,100.68,16.045,33.255,365.6,379.1,359.5,372.8,-13.3,360.8,374.1,-13.3
CCE1_122W_33N,33.43,-122.48,8/28/2010,18:17:00,364.1,3,8.17,376.1,3,7.93,1018.3,16.6,100.68,16.019,33.263,367.1,379.1,361.1,373,-11.8,362.5,374.3,-11.8
CCE1_122W_33N,33.43,-122.48,8/28/2010,21:17:00,363.3,2,8.06,375.3,2,7.83,1017.7,16.7,100.77,16.169,33.263,366.3,378.3,360.1,371.9,-11.8,361.4,373.2,-11.8
CCE1_122W_33N,33.43,-122.48,8/29/2010,0:17:00,363.3,2,8.15,375.1,2,8.11,1016.7,16.9,100.82,16.303,33.229,366.3,378.2,359.7,371.3,-11.7,361,372.7,-11.7
CCE1_122W_33N,33.43,-122.48,8/29/2010,3:17:00,361.8,2,8,375.2,2,7.95,1016.2,17,100.97,16.17,33.233,364.7,378.2,358,371.3,-13.3,359.3,372.6,-13.3
CCE1_122W_33N,33.43,-122.48,8/29/2010,6:17:00,363.2,2,7.93,375.3,2,7.88,1016.5,16.8,100.97,16.194,33.264,366.1,378.3,359.5,371.4,-11.9,360.7,372.8,-12
CCE1_122W_33N,33.43,-122.48,8/29/2010,9:17:00,365.2,2,8.37,375.6,2,8.13,1016,17,100.97,16.143,33.278,368.3,378.6,361.5,371.6,-10.1,362.8,372.9,-10.1
CCE1_122W_33N,33.43,-122.48,8/29/2010,12:17:00,364.5,2,8.26,376.3,2,8.22,1015.6,17.1,100.97,16.065,33.281,367.5,379.4,360.5,372.3,-11.7,361.9,373.6,-11.7
CCE1_122W_33N,33.43,-122.48,8/29/2010,15:17:00,364,2,8.25,379.5,2,8.2,1016.6,17.1,100.87,16.08,33.275,367,382.6,360.4,375.7,-15.3,361.7,377.1,-15.4
CCE1_122W_33N,33.43,-122.48,8/29/2010,18:17:00,361.3,2,8.08,375.8,2,8.03,1018.4,16.8,100.92,16.076,33.275,364.3,378.8,358.4,372.7,-14.3,359.7,374,-14.3
CCE1_122W_33N,33.43,-122.48,8/29/2010,21:17:00,362,2,8.13,375.2,2,7.9,1018.5,16.5,100.92,16.179,33.292,365,378.2,359.1,372.1,-13,360.4,373.4,-13
CCE1_122W_33N,33.43,-122.48,8/30/2010,0:17:00,361.1,2,8.19,375.3,2,7.96,1017.6,16.6,101.02,16.192,33.292,364,378.3,357.8,371.8,-14,359.1,373.2,-14.1
CCE1_122W_33N,33.43,-122.48,8/30/2010,3:17:00,360.3,2,8.01,375.5,2,7.78,1018,16.6,101.02,16.122,33.29,363.2,378.5,357.2,372.2,-15,358.5,373.6,-15.1
CCE1_122W_33N,33.43,-122.48,8/30/2010,6:17:00,361.8,2,7.97,376,2,7.74,1019,16.6,101.01,16.07,33.296,364.7,378.9,359,373.1,-14,360.3,374.3,-14
CCE1_122W_33N,33.43,-122.48,8/30/2010,9:17:00,361.6,2,7.94,376.4,2,7.71,1019,16.5,100.97,16.039,33.296,364.5,379.3,358.9,373.4,-14.5,360.1,374.8,-14.6
CCE1_122W_33N,33.43,-122.48,8/30/2010,12:17:00,362.4,2,7.77,376.3,2,7.72,1019.2,16.5,100.92,16.043,33.306,365.2,379.2,359.6,373.4,-13.8,360.9,374.7,-13.8
CCE1_122W_33N,33.43,-122.48,8/30/2010,15:17:00,362.2,2,7.98,376.5,2,7.74,1020.8,16.6,100.82,16.028,33.311,365.1,379.5,360.1,374.3,-14.2,361.4,375.6,-14.3
CCE1_122W_33N,33.43,-122.48,8/30/2010,18:17:00,361,2,8.05,376.4,2,8,1021.9,16.8,100.77,16.143,33.32,363.9,379.4,359.3,374.6,-15.3,360.5,375.9,-15.4
CCE1_122W_33N,33.43,-122.48,8/30/2010,21:17:00,361.9,2,7.96,376.4,2,7.91,1021.4,17,100.77,16.282,33.322,364.8,379.4,359.9,374.3,-14.4,361.2,375.7,-14.5
CCE1_122W_33N,33.43,-122.48,8/31/2010,0:17:00,358.4,2,8.25,376.6,2,8.2,1020.7,17.2,100.97,16.266,33.329,361.4,379.7,356.3,374.3,-18,357.6,375.7,-18.1
CCE1_122W_33N,33.43,-122.48,8/31/2010,3:17:00,359.2,2,8.06,377,2,8.01,1020.6,17.2,101.01,16.194,33.333,362.2,380,357,374.7,-17.6,358.4,376,-17.6
CCE1_122W_33N,33.43,-122.48,8/31/2010,6:17:00,360,2,7.83,378.1,2,7.77,1020.8,17.1,101.01,16.127,33.336,362.9,381.1,357.8,375.8,-17.9,359.2,377.2,-18
CCE1_122W_33N,33.43,-122.48,8/31/2010,9:17:00,360.7,2,8.18,380.6,2,8.13,1020.5,17,101.01,16.128,33.338,363.7,383.7,358.6,378.3,-19.7,359.8,379.6,-19.8
CCE1_122W_33N,33.43,-122.48,8/31/2010,12:17:00,361.6,2,7.79,380.9,2,7.74,1020.3,17,100.97,16.071,33.328,364.4,383.9,359.2,378.4,-19.2,360.5,379.8,-19.3
CCE1_122W_33N,33.43,-122.48,8/31/2010,15:17:00,361.8,2,7.71,380.8,2,7.66,1021.3,16.9,100.92,16.012,33.328,364.6,383.8,359.8,378.7,-18.9,361.1,380.1,-19
CCE1_122W_33N,33.43,-122.48,8/31/2010,18:17:00,361.1,2,8.05,379.7,2,8,1022.2,16.8,100.92,16.114,33.32,364,382.8,359.5,378,-18.5,360.8,379.4,-18.6
CCE1_122W_33N,33.43,-122.48,8/31/2010,21:17:00,361,2,8.09,378.9,2,8.05,1020.8,16.9,100.97,16.169,33.319,364,381.9,358.9,376.6,-17.7,360.2,377.9,-17.7
CCE1_122W_33N,33.43,-122.48,9/1/2010,0:17:00,358.7,2,7.94,379.3,2,7.89,1019.6,16.9,101.02,16.123,33.326,361.6,382.3,356.2,376.6,-20.4,357.4,377.9,-20.5
CCE1_122W_33N,33.43,-122.48,9/1/2010,3:17:00,359.1,2,7.74,379.1,2,7.68,1019.2,16.9,101.02,16.032,33.334,361.9,382,356.3,376.2,-19.8,357.6,377.5,-19.9
CCE1_122W_33N,33.43,-122.48,9/1/2010,6:17:00,359.2,2,7.73,378.8,2,7.67,1019.8,16.9,100.87,16.057,33.352,362,381.7,356.6,376.1,-19.5,357.9,377.4,-19.5
