"Mooring Name","Latitude","Longitude","Date","Time","xCO2  SW (wet) (umol/mol)","QF","H2O (mmol/mol)","xCO2  Air (wet) (umol/mol)","QF","H2O (mmol/mol)","Licor Atm Pressure  (hPa)","Licor Temp (C)","% O2","SST (C)","Salinity","xCO2  SW (dry) (umol/mol)","xCO2  Air (dry) (umol/mol)","fCO2  SW (sat) uatm","fCO2  Air (sat) uatm","dfCO2","pCO2 SW (sat) uatm","pCO2 Air (sat) uatm","dpCO2"
"TWANOH_123W_47N","47.375","-123.008","04/11/2014","21:17","99.4","2","1.28","407.6","2","1.07","1018.5","14.4","107.63","-999.000","-999.000","99.5","408.0","-999.0","-999.0","-999.0","-999.0","-999.0","-999.0"
"TWANOH_123W_47N","47.375","-123.008","04/12/2014","00:17","106.9","2","2.51","404.6","2","2.33","1016.3","16.9","107.47","-999.000","-999.000","107.1","405.5","-999.0","-999.0","-999.0","-999.0","-999.0","-999.0"
"TWANOH_123W_47N","47.375","-123.008","04/12/2014","03:17","156.0","2","2.52","407.5","2","2.36","1015.8","17.8","106.22","-999.000","-999.000","156.4","408.5","-999.0","-999.0","-999.0","-999.0","-999.0","-999.0"
"TWANOH_123W_47N","47.375","-123.008","04/12/2014","06:17","174.6","2","2.30","415.5","2","2.19","1016.9","15.3","105.32","-999.000","-999.000","175.0","416.4","-999.0","-999.0","-999.0","-999.0","-999.0","-999.0"
"TWANOH_123W_47N","47.375","-123.008","04/12/2014","09:17","92.2","2","2.28","419.8","2","2.18","1017.7","13.5","105.37","-999.000","-999.000","92.4","420.7","-999.0","-999.0","-999.0","-999.0","-999.0","-999.0"
"TWANOH_123W_47N","47.375","-123.008","04/12/2014","12:17","76.7","2","2.14","427.6","2","2.05","1017.9","12.6","106.30","-999.000","-999.000","76.9","428.5","-999.0","-999.0","-999.0","-999.0","-999.0","-999.0"
"TWANOH_123W_47N","47.375","-123.008","04/12/2014","15:17","144.6","2","2.24","428.8","2","2.15","1019.0","12.0","105.41","-999.000","-999.000","144.9","429.7","-999.0","-999.0","-999.0","-999.0","-999.0","-999.0"
"TWANOH_123W_47N","47.375","-123.008","04/12/2014","18:17","178.9","2","2.30","412.1","2","2.19","1019.2","12.2","104.71","-999.000","-999.000","179.3","413.0","-999.0","-999.0","-999.0","-999.0","-999.0","-999.0"
"TWANOH_123W_47N","47.375","-123.008","04/12/2014","21:17","141.3","2","2.43","406.2","2","2.27","1018.1","13.9","104.54","-999.000","-999.000","141.6","407.1","-999.0","-999.0","-999.0","-999.0","-999.0","-999.0"
"TWANOH_123W_47N","47.375","-123.008","04/13/2014","00:17","90.3","2","2.87","406.7","2","2.57","1017.4","17.5","105.48","-999.000","-999.000","90.6","407.7","-999.0","-999.0","-999.0","-999.0","-999.0","-999.0"
"TWANOH_123W_47N","47.375","-123.008","04/13/2014","03:17","106.6","2","2.85","410.7","2","2.51","1018.4","18.4","105.27","-999.000","-999.000","106.9","411.7","-999.0","-999.0","-999.0","-999.0","-999.0","-999.0"
"TWANOH_123W_47N","47.375","-123.008","04/13/2014","06:17","105.3","2","2.48","424.3","2","2.32","1020.5","15.7","104.95","-999.000","-999.000","105.6","425.3","-999.0","-999.0","-999.0","-999.0","-999.0","-999.0"
"TWANOH_123W_47N","47.375","-123.008","04/13/2014","09:17","88.3","2","2.22","428.4","2","2.11","1022.3","13.6","105.37","-999.000","-999.000","88.5","429.3","-999.0","-999.0","-999.0","-999.0","-999.0","-999.0"
"TWANOH_123W_47N","47.375","-123.008","04/13/2014","12:17","70.0","2","1.97","442.9","2","1.88","1023.3","11.9","106.88","-999.000","-999.000","70.1","443.7","-999.0","-999.0","-999.0","-999.0","-999.0","-999.0"
"TWANOH_123W_47N","47.375","-123.008","04/13/2014","15:17","80.8","2","1.96","443.2","2","1.90","1025.3","10.2","106.84","-999.000","-999.000","80.9","444.1","-999.0","-999.0","-999.0","-999.0","-999.0","-999.0"
"TWANOH_123W_47N","47.375","-123.008","04/13/2014","18:17","110.8","2","2.19","420.7","2","2.11","1025.7","10.6","106.40","-999.000","-999.000","111.0","421.6","-999.0","-999.0","-999.0","-999.0","-999.0","-999.0"
"TWANOH_123W_47N","47.375","-123.008","04/13/2014","21:17","96.7","2","2.30","407.9","2","2.20","1024.3","12.9","107.08","-999.000","-999.000","97.0","408.8","-999.0","-999.0","-999.0","-999.0","-999.0","-999.0"
"TWANOH_123W_47N","47.375","-123.008","04/14/2014","00:17","89.8","2","2.86","409.2","2","2.64","1021.8","17.8","107.89","-999.000","-999.000","90.1","410.2","-999.0","-999.0","-999.0","-999.0","-999.0","-999.0"
"TWANOH_123W_47N","47.375","-123.008","04/14/2014","03:17","97.7","2","2.86","419.0","2","2.57","1021.1","19.0","107.69","-999.000","-999.000","98.0","420.1","-999.0","-999.0","-999.0","-999.0","-999.0","-999.0"
"TWANOH_123W_47N","47.375","-123.008","04/14/2014","06:17","109.8","2","2.65","422.5","2","2.41","1021.3","15.9","107.03","-999.000","-999.000","110.1","423.5","-999.0","-999.0","-999.0","-999.0","-999.0","-999.0"
"TWANOH_123W_47N","47.375","-123.008","04/14/2014","09:17","79.7","2","2.27","431.2","2","2.12","1020.0","13.8","107.77","-999.000","-999.000","79.9","432.1","-999.0","-999.0","-999.0","-999.0","-999.0","-999.0"
"TWANOH_123W_47N","47.375","-123.008","04/14/2014","12:17","74.0","2","2.07","442.2","2","1.98","1018.8","12.0","108.56","-999.000","-999.000","74.1","443.0","-999.0","-999.0","-999.0","-999.0","-999.0","-999.0"
"TWANOH_123W_47N","47.375","-123.008","04/14/2014","15:17","81.0","2","2.18","446.0","2","2.10","1019.7","10.8","108.47","-999.000","-999.000","81.2","446.9","-999.0","-999.0","-999.0","-999.0","-999.0","-999.0"
"TWANOH_123W_47N","47.375","-123.008","04/14/2014","18:17","113.1","2","2.42","422.5","2","2.29","1018.8","11.5","107.60","-999.000","-999.000","113.4","423.5","-999.0","-999.0","-999.0","-999.0","-999.0","-999.0"
"TWANOH_123W_47N","47.375","-123.008","04/14/2014","21:17","76.4","2","2.50","409.0","2","2.40","1017.0","13.5","109.22","-999.000","-999.000","76.6","409.9","-999.0","-999.0","-999.0","-999.0","-999.0","-999.0"
"TWANOH_123W_47N","47.375","-123.008","04/15/2014","00:17","56.5","2","2.69","404.3","2","2.49","1015.7","15.8","112.78","-999.000","-999.000","56.6","405.3","-999.0","-999.0","-999.0","-999.0","-999.0","-999.0"
"TWANOH_123W_47N","47.375","-123.008","04/15/2014","03:17","60.3","2","2.50","407.5","2","2.37","1016.6","14.8","114.79","-999.000","-999.000","60.5","408.5","-999.0","-999.0","-999.0","-999.0","-999.0","-999.0"
"TWANOH_123W_47N","47.375","-123.008","04/15/2014","06:17","96.6","2","2.35","413.3","2","2.20","1019.2","13.7","113.45","-999.000","-999.000","96.8","414.2","-999.0","-999.0","-999.0","-999.0","-999.0","-999.0"
"TWANOH_123W_47N","47.375","-123.008","04/15/2014","09:17","79.6","2","2.25","416.4","2","2.11","1019.4","12.9","113.08","-999.000","-999.000","79.8","417.3","-999.0","-999.0","-999.0","-999.0","-999.0","-999.0"
"TWANOH_123W_47N","47.375","-123.008","04/15/2014","12:17","63.4","2","2.15","424.2","2","2.02","1020.4","12.1","113.99","-999.000","-999.000","63.5","425.1","-999.0","-999.0","-999.0","-999.0","-999.0","-999.0"
"TWANOH_123W_47N","47.375","-123.008","04/15/2014","15:17","73.3","2","2.19","415.7","2","2.09","1021.6","11.5","113.47","-999.000","-999.000","73.5","416.6","-999.0","-999.0","-999.0","-999.0","-999.0","-999.0"
"TWANOH_123W_47N","47.375","-123.008","04/15/2014","18:17","111.4","2","2.27","415.0","2","2.14","1022.4","11.8","111.90","-999.000","-999.000","111.6","415.8","-999.0","-999.0","-999.0","-999.0","-999.0","-999.0"
"TWANOH_123W_47N","47.375","-123.008","04/15/2014","21:17","89.8","2","2.42","406.3","2","2.22","1020.3","13.2","111.43","-999.000","-999.000","90.0","407.2","-999.0","-999.0","-999.0","-999.0","-999.0","-999.0"
"TWANOH_123W_47N","47.375","-123.008","04/16/2014","00:17","63.7","2","2.40","408.4","2","2.28","1019.9","13.7","112.94","-999.000","-999.000","63.9","409.4","-999.0","-999.0","-999.0","-999.0","-999.0","-999.0"
"TWANOH_123W_47N","47.375","-123.008","04/16/2014","03:17","58.8","2","2.33","411.3","2","2.22","1018.8","13.3","114.60","-999.000","-999.000","58.9","412.3","-999.0","-999.0","-999.0","-999.0","-999.0","-999.0"
"TWANOH_123W_47N","47.375","-123.008","04/16/2014","06:17","73.4","2","2.25","415.5","2","2.16","1017.8","12.5","114.07","-999.000","-999.000","73.5","416.4","-999.0","-999.0","-999.0","-999.0","-999.0","-999.0"
"TWANOH_123W_47N","47.375","-123.008","04/16/2014","09:17","64.8","2","2.25","414.6","2","2.17","1016.9","12.2","114.86","-999.000","-999.000","64.9","415.5","-999.0","-999.0","-999.0","-999.0","-999.0","-999.0"
"TWANOH_123W_47N","47.375","-123.008","04/16/2014","12:17","57.1","2","2.21","413.9","2","2.15","1016.3","12.2","116.33","-999.000","-999.000","57.2","414.7","-999.0","-999.0","-999.0","-999.0","-999.0","-999.0"
"TWANOH_123W_47N","47.375","-123.008","04/16/2014","15:17","83.9","2","2.21","415.2","2","2.15","1016.7","12.1","114.37","-999.000","-999.000","84.1","416.1","-999.0","-999.0","-999.0","-999.0","-999.0","-999.0"
"TWANOH_123W_47N","47.375","-123.008","04/16/2014","18:17","96.2","2","2.30","411.1","2","2.22","1017.5","12.2","112.96","-999.000","-999.000","96.4","412.0","-999.0","-999.0","-999.0","-999.0","-999.0","-999.0"
"TWANOH_123W_47N","47.375","-123.008","04/16/2014","21:17","110.0","2","2.33","408.7","2","2.27","1016.6","12.5","111.50","-999.000","-999.000","110.2","409.7","-999.0","-999.0","-999.0","-999.0","-999.0","-999.0"
"TWANOH_123W_47N","47.375","-123.008","04/17/2014","00:17","61.5","2","2.38","409.8","2","2.33","1015.3","12.7","112.68","-999.000","-999.000","61.6","410.8","-999.0","-999.0","-999.0","-999.0","-999.0","-999.0"
"TWANOH_123W_47N","47.375","-123.008","04/17/2014","03:17","54.5","2","2.30","412.7","2","2.25","1013.9","12.8","113.85","-999.000","-999.000","54.6","413.7","-999.0","-999.0","-999.0","-999.0","-999.0","-999.0"
"TWANOH_123W_47N","47.375","-123.008","04/17/2014","06:17","74.1","2","2.33","417.2","2","2.27","1012.7","12.6","112.68","-999.000","-999.000","74.3","418.1","-999.0","-999.0","-999.0","-999.0","-999.0","-999.0"
"TWANOH_123W_47N","47.375","-123.008","04/17/2014","09:17","151.0","2","2.32","418.4","2","2.27","1011.5","12.6","111.84","-999.000","-999.000","151.3","419.4","-999.0","-999.0","-999.0","-999.0","-999.0","-999.0"
"TWANOH_123W_47N","47.375","-123.008","04/17/2014","12:17","60.2","2","2.29","416.0","2","2.24","1010.6","12.6","113.11","-999.000","-999.000","60.3","416.9","-999.0","-999.0","-999.0","-999.0","-999.0","-999.0"
"TWANOH_123W_47N","47.375","-123.008","04/17/2014","15:17","61.2","2","2.32","425.4","2","2.27","1009.5","12.5","112.82","-999.000","-999.000","61.3","426.3","-999.0","-999.0","-999.0","-999.0","-999.0","-999.0"
"TWANOH_123W_47N","47.375","-123.008","04/17/2014","18:17","70.4","2","2.37","410.3","2","2.32","1009.1","12.5","112.09","-999.000","-999.000","70.6","411.3","-999.0","-999.0","-999.0","-999.0","-999.0","-999.0"
"TWANOH_123W_47N","47.375","-123.008","04/17/2014","21:17","68.3","2","2.45","408.4","2","2.40","1007.9","12.7","112.01","-999.000","-999.000","68.5","409.3","-999.0","-999.0","-999.0","-999.0","-999.0","-999.0"
"TWANOH_123W_47N","47.375","-123.008","04/18/2014","00:17","69.1","2","2.34","408.7","2","2.31","1006.3","12.8","111.98","-999.000","-999.000","69.2","409.7","-999.0","-999.0","-999.0","-999.0","-999.0","-999.0"
"TWANOH_123W_47N","47.375","-123.008","04/18/2014","03:17","61.7","2","2.15","410.5","2","2.10","1006.1","12.6","112.51","-999.000","-999.000","61.8","411.4","-999.0","-999.0","-999.0","-999.0","-999.0","-999.0"
"TWANOH_123W_47N","47.375","-123.008","04/18/2014","06:17","188.4","2","2.03","413.3","2","1.98","1010.3","11.6","111.88","-999.000","-999.000","188.7","414.1","-999.0","-999.0","-999.0","-999.0","-999.0","-999.0"
"TWANOH_123W_47N","47.375","-123.008","04/18/2014","09:17","296.8","2","1.89","415.1","2","1.84","1013.4","10.6","109.47","-999.000","-999.000","297.3","415.9","-999.0","-999.0","-999.0","-999.0","-999.0","-999.0"
"TWANOH_123W_47N","47.375","-123.008","04/18/2014","12:17","173.9","2","1.78","415.0","2","1.72","1015.7","9.7","108.08","-999.000","-999.000","174.2","415.7","-999.0","-999.0","-999.0","-999.0","-999.0","-999.0"
"TWANOH_123W_47N","47.375","-123.008","04/18/2014","15:17","110.0","2","1.82","424.5","2","1.78","1018.0","8.9","107.42","-999.000","-999.000","110.2","425.3","-999.0","-999.0","-999.0","-999.0","-999.0","-999.0"
"TWANOH_123W_47N","47.375","-123.008","04/18/2014","18:17","103.2","2","1.91","410.2","2","1.86","1019.2","9.5","106.97","-999.000","-999.000","103.4","410.9","-999.0","-999.0","-999.0","-999.0","-999.0","-999.0"
"TWANOH_123W_47N","47.375","-123.008","04/18/2014","21:17","109.5","2","2.00","406.6","2","1.96","1018.2","11.4","106.55","-999.000","-999.000","109.7","407.4","-999.0","-999.0","-999.0","-999.0","-999.0","-999.0"
"TWANOH_123W_47N","47.375","-123.008","04/19/2014","00:17","79.7","2","2.41","431.5","2","2.30","1016.5","14.9","106.56","-999.000","-999.000","79.9","432.5","-999.0","-999.0","-999.0","-999.0","-999.0","-999.0"
"TWANOH_123W_47N","47.375","-123.008","04/19/2014","03:17","67.9","2","2.31","406.7","2","2.17","1014.2","14.7","106.76","-999.000","-999.000","68.0","407.6","-999.0","-999.0","-999.0","-999.0","-999.0","-999.0"
"TWANOH_123W_47N","47.375","-123.008","04/19/2014","06:17","77.7","2","2.22","411.8","2","2.10","1012.6","13.2","106.32","-999.000","-999.000","77.9","412.7","-999.0","-999.0","-999.0","-999.0","-999.0","-999.0"
"TWANOH_123W_47N","47.375","-123.008","04/19/2014","09:17","78.4","2","2.01","423.6","2","1.93","1010.4","11.8","106.01","-999.000","-999.000","78.6","424.4","-999.0","-999.0","-999.0","-999.0","-999.0","-999.0"
"TWANOH_123W_47N","47.375","-123.008","04/19/2014","12:17","80.2","2","1.87","428.2","2","1.81","1008.7","10.8","105.67","-999.000","-999.000","80.4","429.0","-999.0","-999.0","-999.0","-999.0","-999.0","-999.0"
"TWANOH_123W_47N","47.375","-123.008","04/19/2014","15:17","76.2","2","1.99","435.8","2","1.92","1008.0","10.3","105.53","-999.000","-999.000","76.3","436.6","-999.0","-999.0","-999.0","-999.0","-999.0","-999.0"
"TWANOH_123W_47N","47.375","-123.008","04/19/2014","18:17","79.0","2","1.89","410.9","2","1.84","1010.1","10.6","105.02","-999.000","-999.000","79.2","411.7","-999.0","-999.0","-999.0","-999.0","-999.0","-999.0"
"TWANOH_123W_47N","47.375","-123.008","04/19/2014","21:17","82.3","2","1.93","413.1","2","1.88","1011.8","10.5","104.83","-999.000","-999.000","82.5","413.9","-999.0","-999.0","-999.0","-999.0","-999.0","-999.0"
"TWANOH_123W_47N","47.375","-123.008","04/20/2014","00:17","161.5","2","1.95","410.2","2","1.91","1013.8","10.8","104.86","-999.000","-999.000","161.8","410.9","-999.0","-999.0","-999.0","-999.0","-999.0","-999.0"
"TWANOH_123W_47N","47.375","-123.008","04/20/2014","03:17","127.4","2","1.94","411.1","2","1.89","1017.2","11.3","105.34","-999.000","-999.000","127.7","411.9","-999.0","-999.0","-999.0","-999.0","-999.0","-999.0"
"TWANOH_123W_47N","47.375","-123.008","04/20/2014","06:17","188.6","2","1.89","414.2","2","1.85","1020.3","10.8","105.01","-999.000","-999.000","188.9","415.0","-999.0","-999.0","-999.0","-999.0","-999.0","-999.0"
"TWANOH_123W_47N","47.375","-123.008","04/20/2014","09:17","253.8","2","1.85","416.9","2","1.80","1023.4","10.4","104.10","-999.000","-999.000","254.2","417.7","-999.0","-999.0","-999.0","-999.0","-999.0","-999.0"
"TWANOH_123W_47N","47.375","-123.008","04/20/2014","12:17","262.8","2","1.82","420.0","2","1.77","1024.2","10.2","103.65","-999.000","-999.000","263.3","420.7","-999.0","-999.0","-999.0","-999.0","-999.0","-999.0"
"TWANOH_123W_47N","47.375","-123.008","04/20/2014","15:17","217.4","2","1.96","417.7","2","1.92","1024.8","9.9","103.55","-999.000","-999.000","217.9","418.5","-999.0","-999.0","-999.0","-999.0","-999.0","-999.0"
"TWANOH_123W_47N","47.375","-123.008","04/20/2014","18:17","140.7","2","2.02","410.8","2","1.99","1024.9","10.6","104.04","-999.000","-999.000","141.0","411.6","-999.0","-999.0","-999.0","-999.0","-999.0","-999.0"
"TWANOH_123W_47N","47.375","-123.008","04/20/2014","21:17","162.6","2","2.23","408.7","2","2.18","1023.0","12.1","103.76","-999.000","-999.000","163.0","409.6","-999.0","-999.0","-999.0","-999.0","-999.0","-999.0"
"TWANOH_123W_47N","47.375","-123.008","04/21/2014","00:17","136.0","2","2.43","405.2","2","2.34","1021.4","13.7","103.94","-999.000","-999.000","136.4","406.2","-999.0","-999.0","-999.0","-999.0","-999.0","-999.0"
"TWANOH_123W_47N","47.375","-123.008","04/21/2014","03:17","111.0","2","2.16","412.0","2","2.07","1020.2","14.3","104.60","-999.000","-999.000","111.2","412.9","-999.0","-999.0","-999.0","-999.0","-999.0","-999.0"
"TWANOH_123W_47N","47.375","-123.008","04/21/2014","06:17","103.3","2","2.12","417.2","2","2.04","1019.8","12.8","105.47","-999.000","-999.000","103.5","418.1","-999.0","-999.0","-999.0","-999.0","-999.0","-999.0"
"TWANOH_123W_47N","47.375","-123.008","04/21/2014","09:17","102.6","2","2.07","423.4","2","1.99","1018.9","11.9","105.65","-999.000","-999.000","102.8","424.3","-999.0","-999.0","-999.0","-999.0","-999.0","-999.0"
"TWANOH_123W_47N","47.375","-123.008","04/21/2014","12:17","103.2","2","2.00","436.3","2","1.92","1017.3","11.3","105.48","-999.000","-999.000","103.5","437.2","-999.0","-999.0","-999.0","-999.0","-999.0","-999.0"
"TWANOH_123W_47N","47.375","-123.008","04/21/2014","15:17","96.5","2","2.14","449.8","2","2.07","1015.9","10.8","105.58","-999.000","-999.000","96.7","450.7","-999.0","-999.0","-999.0","-999.0","-999.0","-999.0"
"TWANOH_123W_47N","47.375","-123.008","04/21/2014","18:17","98.1","2","2.19","409.2","2","2.15","1014.9","11.6","105.75","-999.000","-999.000","98.3","410.0","-999.0","-999.0","-999.0","-999.0","-999.0","-999.0"
"TWANOH_123W_47N","47.375","-123.008","04/21/2014","21:17","117.5","2","2.44","406.2","2","2.38","1012.2","13.9","105.46","-999.000","-999.000","117.8","407.2","-999.0","-999.0","-999.0","-999.0","-999.0","-999.0"
"TWANOH_123W_47N","47.375","-123.008","04/22/2014","00:17","117.5","2","2.60","406.5","2","2.37","1010.6","15.9","105.01","-999.000","-999.000","117.8","407.5","-999.0","-999.0","-999.0","-999.0","-999.0","-999.0"
"TWANOH_123W_47N","47.375","-123.008","04/22/2014","03:17","138.4","2","2.35","410.5","2","2.26","1010.3","14.9","105.33","-999.000","-999.000","138.8","411.4","-999.0","-999.0","-999.0","-999.0","-999.0","-999.0"
"TWANOH_123W_47N","47.375","-123.008","04/22/2014","06:17","163.4","2","2.14","414.1","2","2.07","1009.8","13.2","106.04","-999.000","-999.000","163.7","414.9","-999.0","-999.0","-999.0","-999.0","-999.0","-999.0"
"TWANOH_123W_47N","47.375","-123.008","04/22/2014","09:17","153.5","2","1.98","418.0","2","1.92","1009.4","11.8","105.99","-999.000","-999.000","153.8","418.8","-999.0","-999.0","-999.0","-999.0","-999.0","-999.0"
"TWANOH_123W_47N","47.375","-123.008","04/22/2014","12:17","143.8","2","1.87","421.2","2","1.81","1009.9","10.9","105.73","-999.000","-999.000","144.0","422.0","-999.0","-999.0","-999.0","-999.0","-999.0","-999.0"
"TWANOH_123W_47N","47.375","-123.008","04/22/2014","15:17","146.5","2","1.80","413.9","2","1.74","1012.0","10.2","105.56","-999.000","-999.000","146.8","414.7","-999.0","-999.0","-999.0","-999.0","-999.0","-999.0"
"TWANOH_123W_47N","47.375","-123.008","04/22/2014","18:17","135.3","2","2.05","411.0","2","1.96","1011.2","10.3","105.97","-999.000","-999.000","135.6","411.8","-999.0","-999.0","-999.0","-999.0","-999.0","-999.0"
"TWANOH_123W_47N","47.375","-123.008","04/22/2014","21:17","137.5","2","2.13","406.9","2","2.01","1011.2","11.0","105.99","-999.000","-999.000","137.8","407.7","-999.0","-999.0","-999.0","-999.0","-999.0","-999.0"
"TWANOH_123W_47N","47.375","-123.008","04/23/2014","00:17","147.3","2","2.14","408.6","2","2.03","1011.1","11.6","105.71","-999.000","-999.000","147.6","409.5","-999.0","-999.0","-999.0","-999.0","-999.0","-999.0"
"TWANOH_123W_47N","47.375","-123.008","04/23/2014","03:17","163.7","2","1.83","412.3","2","1.77","1010.8","11.2","105.46","-999.000","-999.000","164.0","413.0","-999.0","-999.0","-999.0","-999.0","-999.0","-999.0"
"TWANOH_123W_47N","47.375","-123.008","04/23/2014","06:17","260.0","2","1.79","415.4","2","1.75","1010.6","10.5","105.01","-999.000","-999.000","260.5","416.2","-999.0","-999.0","-999.0","-999.0","-999.0","-999.0"
"TWANOH_123W_47N","47.375","-123.008","04/23/2014","09:17","213.6","2","1.75","417.2","2","1.72","1011.1","10.0","105.02","-999.000","-999.000","214.0","417.9","-999.0","-999.0","-999.0","-999.0","-999.0","-999.0"
"TWANOH_123W_47N","47.375","-123.008","04/23/2014","12:17","200.4","2","1.76","416.9","2","1.72","1011.1","9.6","105.00","-999.000","-999.000","200.8","417.6","-999.0","-999.0","-999.0","-999.0","-999.0","-999.0"
"TWANOH_123W_47N","47.375","-123.008","04/23/2014","15:17","169.7","2","1.78","414.8","2","1.76","1011.7","9.4","104.81","-999.000","-999.000","170.0","415.6","-999.0","-999.0","-999.0","-999.0","-999.0","-999.0"
"TWANOH_123W_47N","47.375","-123.008","04/23/2014","18:17","160.0","2","1.94","413.4","2","1.91","1011.6","9.6","105.00","-999.000","-999.000","160.3","414.2","-999.0","-999.0","-999.0","-999.0","-999.0","-999.0"
"TWANOH_123W_47N","47.375","-123.008","04/23/2014","21:17","162.1","2","2.09","410.6","2","2.04","1011.0","10.7","105.08","-999.000","-999.000","162.5","411.5","-999.0","-999.0","-999.0","-999.0","-999.0","-999.0"
"TWANOH_123W_47N","47.375","-123.008","04/24/2014","00:17","166.8","2","1.90","409.4","2","1.86","1008.7","11.3","104.88","-999.000","-999.000","167.1","410.1","-999.0","-999.0","-999.0","-999.0","-999.0","-999.0"
"TWANOH_123W_47N","47.375","-123.008","04/24/2014","03:17","157.8","2","1.93","412.4","2","1.88","1005.5","11.1","104.74","-999.000","-999.000","158.1","413.2","-999.0","-999.0","-999.0","-999.0","-999.0","-999.0"
"TWANOH_123W_47N","47.375","-123.008","04/24/2014","06:17","148.0","2","1.91","418.9","2","1.87","1002.8","10.8","104.50","-999.000","-999.000","148.3","419.7","-999.0","-999.0","-999.0","-999.0","-999.0","-999.0"
"TWANOH_123W_47N","47.375","-123.008","04/24/2014","09:17","143.8","2","1.92","420.9","2","1.89","1000.9","10.7","104.65","-999.000","-999.000","144.1","421.7","-999.0","-999.0","-999.0","-999.0","-999.0","-999.0"
"TWANOH_123W_47N","47.375","-123.008","04/24/2014","12:17","149.8","2","2.07","411.9","2","2.02","1001.1","11.1","104.48","-999.000","-999.000","150.1","412.7","-999.0","-999.0","-999.0","-999.0","-999.0","-999.0"
"TWANOH_123W_47N","47.375","-123.008","04/24/2014","15:17","237.7","2","2.04","411.3","2","2.00","1004.8","11.3","103.91","-999.000","-999.000","238.2","412.1","-999.0","-999.0","-999.0","-999.0","-999.0","-999.0"
"TWANOH_123W_47N","47.375","-123.008","04/24/2014","18:17","362.2","2","2.04","409.3","2","2.00","1007.2","11.2","103.04","-999.000","-999.000","362.9","410.1","-999.0","-999.0","-999.0","-999.0","-999.0","-999.0"
"TWANOH_123W_47N","47.375","-123.008","04/24/2014","21:17","411.8","2","2.05","407.9","2","2.00","1009.8","11.4","102.10","-999.000","-999.000","412.7","408.7","-999.0","-999.0","-999.0","-999.0","-999.0","-999.0"
"TWANOH_123W_47N","47.375","-123.008","04/25/2014","00:17","389.1","2","2.21","408.1","2","2.12","1010.8","11.7","101.57","-999.000","-999.000","390.0","409.0","-999.0","-999.0","-999.0","-999.0","-999.0","-999.0"
"TWANOH_123W_47N","47.375","-123.008","04/25/2014","03:17","291.7","2","1.82","412.3","2","1.76","1011.2","11.7","101.61","-999.000","-999.000","292.2","413.1","-999.0","-999.0","-999.0","-999.0","-999.0","-999.0"
"TWANOH_123W_47N","47.375","-123.008","04/25/2014","06:17","261.9","2","1.85","416.4","2","1.80","1011.8","10.6","101.94","-999.000","-999.000","262.4","417.2","-999.0","-999.0","-999.0","-999.0","-999.0","-999.0"
"TWANOH_123W_47N","47.375","-123.008","04/25/2014","09:17","304.0","2","1.64","418.3","2","1.61","1011.4","9.9","101.83","-999.000","-999.000","304.5","419.0","-999.0","-999.0","-999.0","-999.0","-999.0","-999.0"
"TWANOH_123W_47N","47.375","-123.008","04/25/2014","12:17","313.9","2","1.61","427.4","2","1.58","1011.2","9.0","101.50","-999.000","-999.000","314.4","428.1","-999.0","-999.0","-999.0","-999.0","-999.0","-999.0"
"TWANOH_123W_47N","47.375","-123.008","04/25/2014","15:17","212.8","2","1.73","426.5","2","1.70","1012.3","8.6","101.41","-999.000","-999.000","213.2","427.2","-999.0","-999.0","-999.0","-999.0","-999.0","-999.0"
"TWANOH_123W_47N","47.375","-123.008","04/25/2014","18:17","204.0","2","1.77","414.6","2","1.74","1011.2","9.0","101.46","-999.000","-999.000","204.4","415.4","-999.0","-999.0","-999.0","-999.0","-999.0","-999.0"
"TWANOH_123W_47N","47.375","-123.008","04/25/2014","21:17","235.4","2","1.72","408.0","2","1.68","1009.8","11.1","101.78","-999.000","-999.000","235.8","408.7","-999.0","-999.0","-999.0","-999.0","-999.0","-999.0"
"TWANOH_123W_47N","47.375","-123.008","04/26/2014","00:17","199.8","2","2.28","405.2","2","2.22","1009.5","13.4","101.75","-999.000","-999.000","200.2","406.1","-999.0","-999.0","-999.0","-999.0","-999.0","-999.0"
"TWANOH_123W_47N","47.375","-123.008","04/26/2014","03:17","205.9","2","1.99","410.3","2","1.90","1009.5","14.0","101.84","-999.000","-999.000","206.3","411.0","-999.0","-999.0","-999.0","-999.0","-999.0","-999.0"
"TWANOH_123W_47N","47.375","-123.008","04/26/2014","06:17","199.5","2","1.90","423.2","2","1.82","1009.9","12.0","102.15","-999.000","-999.000","199.9","424.0","-999.0","-999.0","-999.0","-999.0","-999.0","-999.0"
"TWANOH_123W_47N","47.375","-123.008","04/26/2014","09:17","214.4","2","1.68","426.2","2","1.63","1009.8","10.4","102.34","-999.000","-999.000","214.8","426.8","-999.0","-999.0","-999.0","-999.0","-999.0","-999.0"
"TWANOH_123W_47N","47.375","-123.008","04/26/2014","12:17","203.6","2","1.52","427.2","2","1.48","1010.0","9.1","102.29","-999.000","-999.000","203.9","427.8","-999.0","-999.0","-999.0","-999.0","-999.0","-999.0"
"TWANOH_123W_47N","47.375","-123.008","04/26/2014","15:17","210.0","2","1.74","419.2","2","1.70","1009.8","8.1","102.29","-999.000","-999.000","210.4","419.9","-999.0","-999.0","-999.0","-999.0","-999.0","-999.0"
"TWANOH_123W_47N","47.375","-123.008","04/26/2014","18:17","238.1","2","1.78","409.9","2","1.72","1009.1","9.2","102.44","-999.000","-999.000","238.5","410.6","-999.0","-999.0","-999.0","-999.0","-999.0","-999.0"
"TWANOH_123W_47N","47.375","-123.008","04/26/2014","21:17","247.8","2","2.00","408.7","2","1.97","1007.4","11.1","102.46","-999.000","-999.000","248.3","409.5","-999.0","-999.0","-999.0","-999.0","-999.0","-999.0"
"TWANOH_123W_47N","47.375","-123.008","04/27/2014","00:17","257.3","2","1.81","407.3","2","1.75","1006.3","12.4","102.62","-999.000","-999.000","257.8","408.0","-999.0","-999.0","-999.0","-999.0","-999.0","-999.0"
"TWANOH_123W_47N","47.375","-123.008","04/27/2014","03:17","245.5","2","1.89","409.7","2","1.83","1004.4","11.3","102.93","-999.000","-999.000","246.0","410.5","-999.0","-999.0","-999.0","-999.0","-999.0","-999.0"
"TWANOH_123W_47N","47.375","-123.008","04/27/2014","06:17","273.9","2","1.80","412.3","2","1.75","1003.5","10.5","102.65","-999.000","-999.000","274.4","413.0","-999.0","-999.0","-999.0","-999.0","-999.0","-999.0"
"TWANOH_123W_47N","47.375","-123.008","04/27/2014","09:17","267.5","2","1.72","415.5","2","1.69","1004.1","9.9","102.72","-999.000","-999.000","268.0","416.2","-999.0","-999.0","-999.0","-999.0","-999.0","-999.0"
"TWANOH_123W_47N","47.375","-123.008","04/27/2014","12:17","270.2","2","1.68","416.9","2","1.65","1005.9","9.5","102.46","-999.000","-999.000","270.6","417.6","-999.0","-999.0","-999.0","-999.0","-999.0","-999.0"
"TWANOH_123W_47N","47.375","-123.008","04/27/2014","15:17","251.7","2","1.74","416.7","2","1.71","1008.9","9.1","102.26","-999.000","-999.000","252.2","417.4","-999.0","-999.0","-999.0","-999.0","-999.0","-999.0"
"TWANOH_123W_47N","47.375","-123.008","04/27/2014","18:17","246.0","2","1.84","409.9","2","1.81","1010.4","9.2","102.51","-999.000","-999.000","246.4","410.7","-999.0","-999.0","-999.0","-999.0","-999.0","-999.0"
"TWANOH_123W_47N","47.375","-123.008","04/27/2014","21:17","258.8","2","1.92","409.3","2","1.90","1011.2","9.9","102.91","-999.000","-999.000","259.3","410.1","-999.0","-999.0","-999.0","-999.0","-999.0","-999.0"
"TWANOH_123W_47N","47.375","-123.008","04/28/2014","00:17","296.7","2","2.05","408.8","2","2.02","1013.3","10.6","103.05","-999.000","-999.000","297.3","409.6","-999.0","-999.0","-999.0","-999.0","-999.0","-999.0"
"TWANOH_123W_47N","47.375","-123.008","04/28/2014","03:17","266.2","2","1.84","410.8","2","1.81","1015.5","11.3","103.28","-999.000","-999.000","266.7","411.5","-999.0","-999.0","-999.0","-999.0","-999.0","-999.0"
"TWANOH_123W_47N","47.375","-123.008","04/28/2014","06:17","268.4","2","1.68","419.5","2","1.66","1018.9","10.3","103.20","-999.000","-999.000","268.9","420.2","-999.0","-999.0","-999.0","-999.0","-999.0","-999.0"
"TWANOH_123W_47N","47.375","-123.008","04/28/2014","09:17","260.9","2","1.62","419.3","2","1.60","1021.0","9.4","103.46","-999.000","-999.000","261.3","420.0","-999.0","-999.0","-999.0","-999.0","-999.0","-999.0"
"TWANOH_123W_47N","47.375","-123.008","04/28/2014","12:17","252.0","2","1.54","422.6","2","1.53","1023.3","8.9","103.35","-999.000","-999.000","252.4","423.2","-999.0","-999.0","-999.0","-999.0","-999.0","-999.0"
"TWANOH_123W_47N","47.375","-123.008","04/28/2014","15:17","238.0","2","1.70","426.1","2","1.69","1025.6","8.5","103.18","-999.000","-999.000","238.4","426.8","-999.0","-999.0","-999.0","-999.0","-999.0","-999.0"
"TWANOH_123W_47N","47.375","-123.008","04/28/2014","18:17","234.8","2","1.77","413.1","2","1.74","1027.1","9.3","103.05","-999.000","-999.000","235.2","413.9","-999.0","-999.0","-999.0","-999.0","-999.0","-999.0"
"TWANOH_123W_47N","47.375","-123.008","04/28/2014","21:17","232.3","2","1.92","409.5","2","1.89","1026.7","11.1","103.19","-999.000","-999.000","232.8","410.3","-999.0","-999.0","-999.0","-999.0","-999.0","-999.0"
"TWANOH_123W_47N","47.375","-123.008","04/29/2014","00:17","237.6","2","2.13","412.1","2","2.06","1025.9","14.1","103.34","-999.000","-999.000","238.1","412.9","-999.0","-999.0","-999.0","-999.0","-999.0","-999.0"
"TWANOH_123W_47N","47.375","-123.008","04/29/2014","03:17","251.3","2","2.21","413.2","2","2.10","1026.0","15.4","102.97","-999.000","-999.000","251.8","414.1","-999.0","-999.0","-999.0","-999.0","-999.0","-999.0"
"TWANOH_123W_47N","47.375","-123.008","04/29/2014","06:17","239.3","2","2.25","421.7","2","2.14","1027.2","13.7","102.68","-999.000","-999.000","239.9","422.6","-999.0","-999.0","-999.0","-999.0","-999.0","-999.0"
"TWANOH_123W_47N","47.375","-123.008","04/29/2014","09:17","228.8","2","2.06","428.2","2","1.98","1028.9","12.6","102.43","-999.000","-999.000","229.3","429.1","-999.0","-999.0","-999.0","-999.0","-999.0","-999.0"
"TWANOH_123W_47N","47.375","-123.008","04/29/2014","12:17","231.8","2","1.97","430.8","2","1.91","1030.0","11.7","102.42","-999.000","-999.000","232.3","431.7","-999.0","-999.0","-999.0","-999.0","-999.0","-999.0"
"TWANOH_123W_47N","47.375","-123.008","04/29/2014","15:17","231.2","2","2.17","457.6","2","2.11","1031.8","11.3","102.19","-999.000","-999.000","231.7","458.5","-999.0","-999.0","-999.0","-999.0","-999.0","-999.0"
"TWANOH_123W_47N","47.375","-123.008","04/29/2014","18:17","234.0","2","2.30","428.7","2","2.26","1031.8","12.5","102.13","-999.000","-999.000","234.5","429.6","-999.0","-999.0","-999.0","-999.0","-999.0","-999.0"
"TWANOH_123W_47N","47.375","-123.008","04/29/2014","21:17","264.2","2","2.32","406.5","2","2.24","1030.1","14.9","102.31","-999.000","-999.000","264.8","407.5","-999.0","-999.0","-999.0","-999.0","-999.0","-999.0"
"TWANOH_123W_47N","47.375","-123.008","04/30/2014","00:17","248.4","2","3.20","414.6","2","3.06","1027.6","20.1","102.75","-999.000","-999.000","249.1","415.9","-999.0","-999.0","-999.0","-999.0","-999.0","-999.0"
"TWANOH_123W_47N","47.375","-123.008","04/30/2014","03:17","252.2","2","3.20","416.8","2","3.04","1026.7","21.0","102.71","-999.000","-999.000","253.0","418.0","-999.0","-999.0","-999.0","-999.0","-999.0","-999.0"
"TWANOH_123W_47N","47.375","-123.008","04/30/2014","06:17","250.8","2","3.25","425.8","2","2.97","1028.0","18.1","102.69","-999.000","-999.000","251.6","427.1","-999.0","-999.0","-999.0","-999.0","-999.0","-999.0"
"TWANOH_123W_47N","47.375","-123.008","04/30/2014","09:17","252.1","2","2.68","444.9","2","2.54","1027.9","16.4","102.62","-999.000","-999.000","252.7","446.0","-999.0","-999.0","-999.0","-999.0","-999.0","-999.0"
"TWANOH_123W_47N","47.375","-123.008","04/30/2014","12:17","263.5","2","2.38","453.0","2","2.28","1027.3","14.7","102.42","-999.000","-999.000","264.1","454.0","-999.0","-999.0","-999.0","-999.0","-999.0","-999.0"
"TWANOH_123W_47N","47.375","-123.008","04/30/2014","15:17","261.1","2","2.58","447.8","2","2.50","1027.5","13.5","102.26","-999.000","-999.000","261.8","449.0","-999.0","-999.0","-999.0","-999.0","-999.0","-999.0"
"TWANOH_123W_47N","47.375","-123.008","04/30/2014","18:17","267.1","2","2.76","424.7","2","2.62","1026.4","13.7","102.26","-999.000","-999.000","267.9","425.8","-999.0","-999.0","-999.0","-999.0","-999.0","-999.0"
"TWANOH_123W_47N","47.375","-123.008","04/30/2014","21:17","303.0","2","2.87","407.7","2","2.78","1024.1","16.2","102.45","-999.000","-999.000","303.9","408.9","-999.0","-999.0","-999.0","-999.0","-999.0","-999.0"
"TWANOH_123W_47N","47.375","-123.008","05/01/2014","00:17","313.6","2","3.49","405.6","2","3.27","1020.8","21.0","102.70","-999.000","-999.000","314.7","406.9","-999.0","-999.0","-999.0","-999.0","-999.0","-999.0"
"TWANOH_123W_47N","47.375","-123.008","05/01/2014","03:17","269.8","2","3.74","416.3","2","3.24","1019.2","22.6","103.22","-999.000","-999.000","270.8","417.7","-999.0","-999.0","-999.0","-999.0","-999.0","-999.0"
"TWANOH_123W_47N","47.375","-123.008","05/01/2014","06:17","275.8","2","3.48","437.2","2","3.18","1019.5","20.2","103.25","-999.000","-999.000","276.7","438.6","-999.0","-999.0","-999.0","-999.0","-999.0","-999.0"
"TWANOH_123W_47N","47.375","-123.008","05/01/2014","09:17","259.4","2","3.10","450.6","2","2.92","1018.7","17.9","103.59","-999.000","-999.000","260.2","451.9","-999.0","-999.0","-999.0","-999.0","-999.0","-999.0"
"TWANOH_123W_47N","47.375","-123.008","05/01/2014","12:17","266.7","2","2.85","451.7","2","2.71","1017.7","16.3","103.73","-999.000","-999.000","267.4","453.0","-999.0","-999.0","-999.0","-999.0","-999.0","-999.0"
"TWANOH_123W_47N","47.375","-123.008","05/01/2014","15:17","240.3","2","2.91","452.4","2","2.81","1017.1","15.3","104.41","-999.000","-999.000","241.0","453.7","-999.0","-999.0","-999.0","-999.0","-999.0","-999.0"
"TWANOH_123W_47N","47.375","-123.008","05/01/2014","18:17","237.9","2","3.12","428.8","2","2.95","1016.2","15.2","104.98","-999.000","-999.000","238.6","430.0","-999.0","-999.0","-999.0","-999.0","-999.0","-999.0"
"TWANOH_123W_47N","47.375","-123.008","05/01/2014","21:17","242.9","2","3.27","410.0","2","3.18","1014.6","16.9","105.61","-999.000","-999.000","243.7","411.3","-999.0","-999.0","-999.0","-999.0","-999.0","-999.0"
"TWANOH_123W_47N","47.375","-123.008","05/02/2014","00:17","259.2","2","3.75","407.8","2","3.48","1012.3","21.9","106.21","-999.000","-999.000","260.1","409.2","-999.0","-999.0","-999.0","-999.0","-999.0","-999.0"
"TWANOH_123W_47N","47.375","-123.008","05/02/2014","03:17","220.7","2","3.95","410.7","2","3.26","1013.0","23.9","107.17","-999.000","-999.000","221.6","412.1","-999.0","-999.0","-999.0","-999.0","-999.0","-999.0"
"TWANOH_123W_47N","47.375","-123.008","05/02/2014","06:17","226.1","2","3.78","429.0","2","3.35","1014.4","21.4","107.11","-999.000","-999.000","227.0","430.4","-999.0","-999.0","-999.0","-999.0","-999.0","-999.0"
"TWANOH_123W_47N","47.375","-123.008","05/02/2014","09:17","214.2","2","3.68","421.7","2","3.26","1015.4","19.9","107.24","-999.000","-999.000","215.0","423.0","-999.0","-999.0","-999.0","-999.0","-999.0","-999.0"
"TWANOH_123W_47N","47.375","-123.008","05/02/2014","12:17","224.8","2","3.09","420.3","2","2.98","1015.0","17.8","107.35","-999.000","-999.000","225.5","421.5","-999.0","-999.0","-999.0","-999.0","-999.0","-999.0"
"TWANOH_123W_47N","47.375","-123.008","05/02/2014","15:17","209.2","2","2.84","408.9","2","2.75","1015.8","16.1","108.25","-999.000","-999.000","209.8","410.0","-999.0","-999.0","-999.0","-999.0","-999.0","-999.0"
"TWANOH_123W_47N","47.375","-123.008","05/02/2014","18:17","218.6","2","2.88","406.5","2","2.75","1016.0","15.4","108.41","-999.000","-999.000","219.2","407.7","-999.0","-999.0","-999.0","-999.0","-999.0","-999.0"
"TWANOH_123W_47N","47.375","-123.008","05/02/2014","21:17","184.9","2","2.97","404.1","2","2.83","1014.5","16.1","108.94","-999.000","-999.000","185.4","405.3","-999.0","-999.0","-999.0","-999.0","-999.0","-999.0"
"TWANOH_123W_47N","47.375","-123.008","05/03/2014","00:17","183.8","2","2.95","403.8","2","2.82","1012.6","16.1","109.45","-999.000","-999.000","184.3","404.9","-999.0","-999.0","-999.0","-999.0","-999.0","-999.0"
"TWANOH_123W_47N","47.375","-123.008","05/03/2014","03:17","181.9","2","2.78","408.3","2","2.68","1011.5","16.0","109.82","-999.000","-999.000","182.4","409.4","-999.0","-999.0","-999.0","-999.0","-999.0","-999.0"
"TWANOH_123W_47N","47.375","-123.008","05/03/2014","06:17","185.4","2","2.51","412.3","2","2.43","1011.9","15.1","109.51","-999.000","-999.000","185.9","413.3","-999.0","-999.0","-999.0","-999.0","-999.0","-999.0"
"TWANOH_123W_47N","47.375","-123.008","05/03/2014","09:17","189.4","2","2.43","416.2","2","2.36","1012.5","14.1","109.00","-999.000","-999.000","189.8","417.2","-999.0","-999.0","-999.0","-999.0","-999.0","-999.0"
"TWANOH_123W_47N","47.375","-123.008","05/03/2014","12:17","192.1","2","2.30","418.7","2","2.24","1011.5","13.5","108.57","-999.000","-999.000","192.5","419.7","-999.0","-999.0","-999.0","-999.0","-999.0","-999.0"
"TWANOH_123W_47N","47.375","-123.008","05/03/2014","15:17","220.6","2","2.40","421.9","2","2.35","1011.0","13.0","108.00","-999.000","-999.000","221.1","422.9","-999.0","-999.0","-999.0","-999.0","-999.0","-999.0"
"TWANOH_123W_47N","47.375","-123.008","05/03/2014","18:17","218.5","2","2.48","411.8","2","2.43","1010.3","13.1","107.51","-999.000","-999.000","219.0","412.8","-999.0","-999.0","-999.0","-999.0","-999.0","-999.0"
"TWANOH_123W_47N","47.375","-123.008","05/03/2014","21:17","217.1","2","2.38","408.6","2","2.33","1009.8","13.3","107.04","-999.000","-999.000","217.6","409.6","-999.0","-999.0","-999.0","-999.0","-999.0","-999.0"
"TWANOH_123W_47N","47.375","-123.008","05/04/2014","00:17","211.4","2","2.32","409.9","2","2.27","1008.7","13.2","106.57","-999.000","-999.000","211.8","410.8","-999.0","-999.0","-999.0","-999.0","-999.0","-999.0"
"TWANOH_123W_47N","47.375","-123.008","05/04/2014","03:17","208.8","2","2.24","413.1","2","2.19","1006.6","12.9","106.56","-999.000","-999.000","209.3","414.0","-999.0","-999.0","-999.0","-999.0","-999.0","-999.0"
"TWANOH_123W_47N","47.375","-123.008","05/04/2014","06:17","210.5","2","2.12","418.3","2","2.08","1006.1","12.3","106.01","-999.000","-999.000","211.0","419.2","-999.0","-999.0","-999.0","-999.0","-999.0","-999.0"
"TWANOH_123W_47N","47.375","-123.008","05/04/2014","09:17","220.1","2","2.17","419.0","2","2.12","1005.9","11.9","105.38","-999.000","-999.000","220.5","419.9","-999.0","-999.0","-999.0","-999.0","-999.0","-999.0"
"TWANOH_123W_47N","47.375","-123.008","05/04/2014","12:17","228.3","2","2.20","419.4","2","2.16","1005.3","11.9","104.92","-999.000","-999.000","228.8","420.3","-999.0","-999.0","-999.0","-999.0","-999.0","-999.0"
"TWANOH_123W_47N","47.375","-123.008","05/04/2014","15:17","229.4","2","2.21","416.7","2","2.18","1005.3","12.1","104.51","-999.000","-999.000","229.9","417.6","-999.0","-999.0","-999.0","-999.0","-999.0","-999.0"
"TWANOH_123W_47N","47.375","-123.008","05/04/2014","18:17","227.4","2","2.37","413.5","2","2.34","1006.3","12.4","104.14","-999.000","-999.000","227.9","414.4","-999.0","-999.0","-999.0","-999.0","-999.0","-999.0"
"TWANOH_123W_47N","47.375","-123.008","05/04/2014","21:17","223.7","2","2.33","408.3","2","2.30","1007.4","12.9","103.84","-999.000","-999.000","224.2","409.3","-999.0","-999.0","-999.0","-999.0","-999.0","-999.0"
"TWANOH_123W_47N","47.375","-123.008","05/05/2014","00:17","224.2","2","2.50","406.5","2","2.45","1007.3","13.2","103.98","-999.000","-999.000","224.7","407.4","-999.0","-999.0","-999.0","-999.0","-999.0","-999.0"
"TWANOH_123W_47N","47.375","-123.008","05/05/2014","03:17","226.2","2","2.30","410.8","2","2.27","1008.7","13.3","104.36","-999.000","-999.000","226.7","411.7","-999.0","-999.0","-999.0","-999.0","-999.0","-999.0"
"TWANOH_123W_47N","47.375","-123.008","05/05/2014","06:17","231.1","2","2.29","415.5","2","2.25","1009.9","13.0","104.93","-999.000","-999.000","231.7","416.4","-999.0","-999.0","-999.0","-999.0","-999.0","-999.0"
"TWANOH_123W_47N","47.375","-123.008","05/05/2014","09:17","229.2","2","2.24","414.3","2","2.21","1010.8","12.7","104.70","-999.000","-999.000","229.7","415.2","-999.0","-999.0","-999.0","-999.0","-999.0","-999.0"
"TWANOH_123W_47N","47.375","-123.008","05/05/2014","12:17","229.8","2","2.24","417.2","2","2.20","1011.9","12.4","104.44","-999.000","-999.000","230.3","418.1","-999.0","-999.0","-999.0","-999.0","-999.0","-999.0"
"TWANOH_123W_47N","47.375","-123.008","05/05/2014","15:17","228.3","2","2.38","414.5","2","2.34","1013.1","12.4","104.31","-999.000","-999.000","228.9","415.5","-999.0","-999.0","-999.0","-999.0","-999.0","-999.0"
"TWANOH_123W_47N","47.375","-123.008","05/05/2014","18:17","224.5","2","2.49","409.3","2","2.44","1013.9","12.8","104.28","-999.000","-999.000","225.1","410.2","-999.0","-999.0","-999.0","-999.0","-999.0","-999.0"
"TWANOH_123W_47N","47.375","-123.008","05/05/2014","21:17","227.0","2","2.54","405.1","2","2.48","1014.3","13.6","104.37","-999.000","-999.000","227.6","406.2","-999.0","-999.0","-999.0","-999.0","-999.0","-999.0"
"TWANOH_123W_47N","47.375","-123.008","05/06/2014","00:17","225.0","2","2.69","403.6","2","2.62","1014.8","14.2","104.33","-999.000","-999.000","225.7","404.6","-999.0","-999.0","-999.0","-999.0","-999.0","-999.0"
"TWANOH_123W_47N","47.375","-123.008","05/06/2014","03:17","217.8","2","2.51","406.9","2","2.45","1015.3","14.5","104.43","-999.000","-999.000","218.3","407.9","-999.0","-999.0","-999.0","-999.0","-999.0","-999.0"
"TWANOH_123W_47N","47.375","-123.008","05/06/2014","06:17","219.1","2","2.37","414.3","2","2.31","1015.8","13.9","104.69","-999.000","-999.000","219.7","415.2","-999.0","-999.0","-999.0","-999.0","-999.0","-999.0"
"TWANOH_123W_47N","47.375","-123.008","05/06/2014","09:17","221.2","2","2.14","420.7","2","2.09","1016.2","12.9","104.42","-999.000","-999.000","221.7","421.6","-999.0","-999.0","-999.0","-999.0","-999.0","-999.0"
"TWANOH_123W_47N","47.375","-123.008","05/06/2014","12:17","231.6","2","2.06","420.6","2","2.02","1016.4","12.0","104.04","-999.000","-999.000","232.1","421.5","-999.0","-999.0","-999.0","-999.0","-999.0","-999.0"
"TWANOH_123W_47N","47.375","-123.008","05/06/2014","15:17","247.0","2","2.18","416.9","2","2.13","1016.9","11.7","103.57","-999.000","-999.000","247.6","417.7","-999.0","-999.0","-999.0","-999.0","-999.0","-999.0"
"TWANOH_123W_47N","47.375","-123.008","05/06/2014","18:17","243.8","2","2.40","414.3","2","2.36","1017.0","12.1","103.30","-999.000","-999.000","244.4","415.3","-999.0","-999.0","-999.0","-999.0","-999.0","-999.0"
"TWANOH_123W_47N","47.375","-123.008","05/06/2014","21:17","255.1","2","2.53","407.3","2","2.47","1015.3","14.2","103.16","-999.000","-999.000","255.7","408.3","-999.0","-999.0","-999.0","-999.0","-999.0","-999.0"
"TWANOH_123W_47N","47.375","-123.008","05/07/2014","00:17","246.8","2","2.79","404.8","2","2.61","1014.7","16.7","103.03","-999.000","-999.000","247.5","405.9","-999.0","-999.0","-999.0","-999.0","-999.0","-999.0"
"TWANOH_123W_47N","47.375","-123.008","05/07/2014","03:17","238.2","2","2.73","407.2","2","2.54","1014.7","16.7","102.97","-999.000","-999.000","238.9","408.2","-999.0","-999.0","-999.0","-999.0","-999.0","-999.0"
"TWANOH_123W_47N","47.375","-123.008","05/07/2014","06:17","229.9","2","2.36","414.0","2","2.26","1015.8","15.0","103.18","-999.000","-999.000","230.5","414.9","-999.0","-999.0","-999.0","-999.0","-999.0","-999.0"
"TWANOH_123W_47N","47.375","-123.008","05/07/2014","09:17","235.1","2","2.00","427.3","2","1.93","1016.5","13.0","103.12","-999.000","-999.000","235.5","428.1","-999.0","-999.0","-999.0","-999.0","-999.0","-999.0"
"TWANOH_123W_47N","47.375","-123.008","05/07/2014","12:17","257.0","2","1.98","433.5","2","1.91","1016.7","11.6","102.87","-999.000","-999.000","257.5","434.3","-999.0","-999.0","-999.0","-999.0","-999.0","-999.0"
"TWANOH_123W_47N","47.375","-123.008","05/07/2014","15:17","253.0","2","2.13","439.0","2","2.08","1017.1","11.2","102.65","-999.000","-999.000","253.5","439.9","-999.0","-999.0","-999.0","-999.0","-999.0","-999.0"
"TWANOH_123W_47N","47.375","-123.008","05/07/2014","18:17","257.2","2","2.33","416.1","2","2.29","1015.7","11.9","102.84","-999.000","-999.000","257.8","417.1","-999.0","-999.0","-999.0","-999.0","-999.0","-999.0"
"TWANOH_123W_47N","47.375","-123.008","05/07/2014","21:17","251.9","2","2.49","407.0","2","2.43","1013.7","14.2","103.15","-999.000","-999.000","252.6","408.0","-999.0","-999.0","-999.0","-999.0","-999.0","-999.0"
"TWANOH_123W_47N","47.375","-123.008","05/08/2014","00:17","258.6","2","2.93","403.2","2","2.81","1011.6","18.7","103.46","-999.000","-999.000","259.3","404.4","-999.0","-999.0","-999.0","-999.0","-999.0","-999.0"
"TWANOH_123W_47N","47.375","-123.008","05/08/2014","03:17","259.9","2","2.95","404.9","2","2.69","1010.8","19.7","103.57","-999.000","-999.000","260.7","406.0","-999.0","-999.0","-999.0","-999.0","-999.0","-999.0"
"TWANOH_123W_47N","47.375","-123.008","05/08/2014","06:17","252.9","2","2.83","412.3","2","2.65","1010.8","17.1","103.60","-999.000","-999.000","253.6","413.4","-999.0","-999.0","-999.0","-999.0","-999.0","-999.0"
"TWANOH_123W_47N","47.375","-123.008","05/08/2014","09:17","238.1","2","2.76","413.5","2","2.59","1010.3","15.4","103.69","-999.000","-999.000","238.8","414.6","-999.0","-999.0","-999.0","-999.0","-999.0","-999.0"
"TWANOH_123W_47N","47.375","-123.008","05/08/2014","12:17","240.3","2","2.57","415.1","2","2.42","1009.6","14.5","103.50","-999.000","-999.000","240.9","416.1","-999.0","-999.0","-999.0","-999.0","-999.0","-999.0"
"TWANOH_123W_47N","47.375","-123.008","05/08/2014","15:17","245.1","2","2.66","413.1","2","2.51","1008.8","13.9","103.33","-999.000","-999.000","245.7","414.1","-999.0","-999.0","-999.0","-999.0","-999.0","-999.0"
"TWANOH_123W_47N","47.375","-123.008","05/08/2014","18:17","239.2","2","2.40","418.8","2","2.32","1007.2","14.0","103.29","-999.000","-999.000","239.7","419.7","-999.0","-999.0","-999.0","-999.0","-999.0","-999.0"
"TWANOH_123W_47N","47.375","-123.008","05/08/2014","21:17","237.3","2","2.43","411.9","2","2.36","1005.2","13.4","103.32","-999.000","-999.000","237.9","412.9","-999.0","-999.0","-999.0","-999.0","-999.0","-999.0"
"TWANOH_123W_47N","47.375","-123.008","05/09/2014","00:17","235.0","2","2.45","412.1","2","2.38","1003.5","13.3","103.35","-999.000","-999.000","235.5","413.0","-999.0","-999.0","-999.0","-999.0","-999.0","-999.0"
"TWANOH_123W_47N","47.375","-123.008","05/09/2014","03:17","234.5","2","2.52","410.6","2","2.44","1002.8","13.3","103.29","-999.000","-999.000","235.1","411.6","-999.0","-999.0","-999.0","-999.0","-999.0","-999.0"
"TWANOH_123W_47N","47.375","-123.008","05/09/2014","06:17","227.0","2","2.38","412.6","2","2.32","1005.4","13.2","103.89","-999.000","-999.000","227.5","413.6","-999.0","-999.0","-999.0","-999.0","-999.0","-999.0"
"TWANOH_123W_47N","47.375","-123.008","05/09/2014","09:17","229.5","2","2.27","413.7","2","2.22","1007.1","12.7","105.26","-999.000","-999.000","230.0","414.7","-999.0","-999.0","-999.0","-999.0","-999.0","-999.0"
"TWANOH_123W_47N","47.375","-123.008","05/09/2014","12:17","256.4","2","2.21","415.1","2","2.16","1008.7","12.3","105.84","-999.000","-999.000","257.0","416.0","-999.0","-999.0","-999.0","-999.0","-999.0","-999.0"
"TWANOH_123W_47N","47.375","-123.008","05/09/2014","15:17","243.3","2","2.30","410.8","2","2.24","1010.8","11.9","105.91","-999.000","-999.000","243.9","411.7","-999.0","-999.0","-999.0","-999.0","-999.0","-999.0"
"TWANOH_123W_47N","47.375","-123.008","05/09/2014","18:17","241.3","2","2.38","407.9","2","2.28","1011.9","12.1","105.93","-999.000","-999.000","241.8","408.9","-999.0","-999.0","-999.0","-999.0","-999.0","-999.0"
"TWANOH_123W_47N","47.375","-123.008","05/09/2014","21:17","232.7","2","2.22","407.6","2","2.14","1012.6","12.3","105.96","-999.000","-999.000","233.2","408.5","-999.0","-999.0","-999.0","-999.0","-999.0","-999.0"
"TWANOH_123W_47N","47.375","-123.008","05/10/2014","00:17","229.8","2","2.08","408.6","2","2.03","1012.7","12.2","105.89","-999.000","-999.000","230.3","409.5","-999.0","-999.0","-999.0","-999.0","-999.0","-999.0"
"TWANOH_123W_47N","47.375","-123.008","05/10/2014","03:17","228.7","2","2.14","409.6","2","2.10","1013.5","12.4","105.81","-999.000","-999.000","229.1","410.4","-999.0","-999.0","-999.0","-999.0","-999.0","-999.0"
"TWANOH_123W_47N","47.375","-123.008","05/10/2014","06:17","237.5","2","1.98","415.4","2","1.93","1014.9","11.7","105.40","-999.000","-999.000","237.9","416.2","-999.0","-999.0","-999.0","-999.0","-999.0","-999.0"
"TWANOH_123W_47N","47.375","-123.008","05/10/2014","09:17","232.3","2","1.94","420.3","2","1.90","1016.1","11.2","105.31","-999.000","-999.000","232.7","421.1","-999.0","-999.0","-999.0","-999.0","-999.0","-999.0"
"TWANOH_123W_47N","47.375","-123.008","05/10/2014","12:17","242.3","2","1.80","425.6","2","1.77","1017.5","10.7","104.60","-999.000","-999.000","242.8","426.3","-999.0","-999.0","-999.0","-999.0","-999.0","-999.0"
"TWANOH_123W_47N","47.375","-123.008","05/10/2014","15:17","250.3","2","2.04","423.0","2","2.00","1019.8","10.0","104.11","-999.000","-999.000","250.8","423.9","-999.0","-999.0","-999.0","-999.0","-999.0","-999.0"
"TWANOH_123W_47N","47.375","-123.008","05/10/2014","18:17","255.2","2","2.04","417.4","2","2.02","1020.8","10.7","103.85","-999.000","-999.000","255.7","418.2","-999.0","-999.0","-999.0","-999.0","-999.0","-999.0"
"TWANOH_123W_47N","47.375","-123.008","05/10/2014","21:17","256.9","2","2.26","404.4","2","2.21","1020.6","13.1","103.63","-999.000","-999.000","257.5","405.3","-999.0","-999.0","-999.0","-999.0","-999.0","-999.0"
"TWANOH_123W_47N","47.375","-123.008","05/11/2014","00:17","259.5","2","2.59","400.8","2","2.51","1021.6","15.0","103.34","-999.000","-999.000","260.1","401.8","-999.0","-999.0","-999.0","-999.0","-999.0","-999.0"
"TWANOH_123W_47N","47.375","-123.008","05/11/2014","03:17","268.1","2","2.30","409.0","2","2.22","1022.9","14.5","102.90","-999.000","-999.000","268.7","409.9","-999.0","-999.0","-999.0","-999.0","-999.0","-999.0"
"TWANOH_123W_47N","47.375","-123.008","05/11/2014","06:17","272.7","2","2.22","418.6","2","2.16","1024.2","13.5","102.59","-999.000","-999.000","273.3","419.5","-999.0","-999.0","-999.0","-999.0","-999.0","-999.0"
"TWANOH_123W_47N","47.375","-123.008","05/11/2014","09:17","264.6","2","2.11","424.6","2","2.06","1025.3","12.5","102.35","-999.000","-999.000","265.1","425.5","-999.0","-999.0","-999.0","-999.0","-999.0","-999.0"
"TWANOH_123W_47N","47.375","-123.008","05/11/2014","12:17","269.4","2","2.03","428.9","2","1.98","1025.7","11.8","101.99","-999.000","-999.000","270.0","429.8","-999.0","-999.0","-999.0","-999.0","-999.0","-999.0"
"TWANOH_123W_47N","47.375","-123.008","05/11/2014","15:17","287.1","2","2.21","433.5","2","2.16","1027.1","11.6","101.58","-999.000","-999.000","287.7","434.4","-999.0","-999.0","-999.0","-999.0","-999.0","-999.0"
"TWANOH_123W_47N","47.375","-123.008","05/11/2014","18:17","288.9","2","2.32","415.8","2","2.28","1027.1","12.1","101.48","-999.000","-999.000","289.6","416.7","-999.0","-999.0","-999.0","-999.0","-999.0","-999.0"
"TWANOH_123W_47N","47.375","-123.008","05/11/2014","21:17","307.2","2","2.51","406.9","2","2.45","1025.6","15.0","101.58","-999.000","-999.000","308.0","407.9","-999.0","-999.0","-999.0","-999.0","-999.0","-999.0"
"TWANOH_123W_47N","47.375","-123.008","05/12/2014","00:17","280.0","2","3.14","405.6","2","3.02","1023.8","18.8","101.71","-999.000","-999.000","280.8","406.8","-999.0","-999.0","-999.0","-999.0","-999.0","-999.0"
"TWANOH_123W_47N","47.375","-123.008","05/12/2014","03:17","291.8","2","3.02","410.9","2","2.88","1024.1","20.0","101.81","-999.000","-999.000","292.7","412.1","-999.0","-999.0","-999.0","-999.0","-999.0","-999.0"
"TWANOH_123W_47N","47.375","-123.008","05/12/2014","06:17","296.4","2","2.68","420.7","2","2.53","1025.2","17.3","101.73","-999.000","-999.000","297.2","421.8","-999.0","-999.0","-999.0","-999.0","-999.0","-999.0"
"TWANOH_123W_47N","47.375","-123.008","05/12/2014","09:17","288.9","2","2.58","447.9","2","2.46","1026.4","15.0","101.88","-999.000","-999.000","289.6","449.0","-999.0","-999.0","-999.0","-999.0","-999.0","-999.0"
"TWANOH_123W_47N","47.375","-123.008","05/12/2014","12:17","293.8","2","2.34","434.8","2","2.24","1026.1","13.8","101.68","-999.000","-999.000","294.5","435.8","-999.0","-999.0","-999.0","-999.0","-999.0","-999.0"
"TWANOH_123W_47N","47.375","-123.008","05/12/2014","15:17","297.3","2","2.62","433.6","2","2.55","1027.3","13.0","101.60","-999.000","-999.000","298.1","434.7","-999.0","-999.0","-999.0","-999.0","-999.0","-999.0"
"TWANOH_123W_47N","47.375","-123.008","05/12/2014","18:17","316.2","2","2.71","424.7","2","2.66","1027.1","13.7","101.71","-999.000","-999.000","317.1","425.9","-999.0","-999.0","-999.0","-999.0","-999.0","-999.0"
"TWANOH_123W_47N","47.375","-123.008","05/12/2014","21:17","315.7","2","2.90","406.9","2","2.82","1025.7","16.4","102.04","-999.000","-999.000","316.6","408.0","-999.0","-999.0","-999.0","-999.0","-999.0","-999.0"
"TWANOH_123W_47N","47.375","-123.008","05/13/2014","00:17","301.4","2","3.35","413.5","2","3.22","1023.9","20.0","102.52","-999.000","-999.000","302.4","414.9","-999.0","-999.0","-999.0","-999.0","-999.0","-999.0"
"TWANOH_123W_47N","47.375","-123.008","05/13/2014","03:17","293.9","2","3.33","429.4","2","3.02","1023.1","22.0","102.57","-999.000","-999.000","294.9","430.7","-999.0","-999.0","-999.0","-999.0","-999.0","-999.0"
"TWANOH_123W_47N","47.375","-123.008","05/13/2014","06:17","289.5","2","3.30","450.0","2","3.08","1025.0","19.2","102.70","-999.000","-999.000","290.5","451.4","-999.0","-999.0","-999.0","-999.0","-999.0","-999.0"
"TWANOH_123W_47N","47.375","-123.008","05/13/2014","09:17","311.3","2","3.01","450.3","2","2.82","1025.3","17.2","102.70","-999.000","-999.000","312.3","451.6","-999.0","-999.0","-999.0","-999.0","-999.0","-999.0"
"TWANOH_123W_47N","47.375","-123.008","05/13/2014","12:17","285.4","2","2.87","467.3","2","2.72","1026.0","16.0","102.81","-999.000","-999.000","286.2","468.5","-999.0","-999.0","-999.0","-999.0","-999.0","-999.0"
"TWANOH_123W_47N","47.375","-123.008","05/13/2014","15:17","268.2","2","3.07","458.7","2","2.92","1027.2","15.3","103.17","-999.000","-999.000","269.1","460.0","-999.0","-999.0","-999.0","-999.0","-999.0","-999.0"
"TWANOH_123W_47N","47.375","-123.008","05/13/2014","18:17","303.5","2","3.26","416.8","2","3.11","1027.2","15.7","103.16","-999.000","-999.000","304.5","418.1","-999.0","-999.0","-999.0","-999.0","-999.0","-999.0"
"TWANOH_123W_47N","47.375","-123.008","05/13/2014","21:17","277.5","2","3.46","404.5","2","3.36","1025.8","18.2","103.63","-999.000","-999.000","278.5","405.9","-999.0","-999.0","-999.0","-999.0","-999.0","-999.0"
"TWANOH_123W_47N","47.375","-123.008","05/14/2014","00:17","284.3","2","3.97","403.7","2","3.74","1024.2","21.5","104.17","-999.000","-999.000","285.4","405.2","-999.0","-999.0","-999.0","-999.0","-999.0","-999.0"
"TWANOH_123W_47N","47.375","-123.008","05/14/2014","03:17","302.1","2","4.20","412.3","2","3.63","1024.1","23.0","103.91","-999.000","-999.000","303.4","413.8","-999.0","-999.0","-999.0","-999.0","-999.0","-999.0"
"TWANOH_123W_47N","47.375","-123.008","05/14/2014","06:17","315.9","2","3.73","442.9","2","3.44","1025.3","20.9","103.73","-999.000","-999.000","317.1","444.4","-999.0","-999.0","-999.0","-999.0","-999.0","-999.0"
"TWANOH_123W_47N","47.375","-123.008","05/14/2014","09:17","295.3","2","3.30","444.6","2","3.06","1025.4","18.8","103.87","-999.000","-999.000","296.2","445.9","-999.0","-999.0","-999.0","-999.0","-999.0","-999.0"
"TWANOH_123W_47N","47.375","-123.008","05/14/2014","12:17","310.3","2","3.00","462.4","2","2.85","1025.0","17.2","103.74","-999.000","-999.000","311.2","463.7","-999.0","-999.0","-999.0","-999.0","-999.0","-999.0"
"TWANOH_123W_47N","47.375","-123.008","05/14/2014","15:17","292.6","2","3.29","481.1","2","3.17","1025.4","16.2","103.69","-999.000","-999.000","293.5","482.6","-999.0","-999.0","-999.0","-999.0","-999.0","-999.0"
"TWANOH_123W_47N","47.375","-123.008","05/14/2014","18:17","297.1","2","3.44","442.7","2","3.27","1024.5","16.6","103.84","-999.000","-999.000","298.2","444.1","-999.0","-999.0","-999.0","-999.0","-999.0","-999.0"
"TWANOH_123W_47N","47.375","-123.008","05/14/2014","21:17","298.0","2","3.70","407.8","2","3.59","1021.9","18.4","104.27","-999.000","-999.000","299.1","409.2","-999.0","-999.0","-999.0","-999.0","-999.0","-999.0"
"TWANOH_123W_47N","47.375","-123.008","05/15/2014","00:17","268.8","2","4.19","403.5","2","3.92","1019.4","22.9","104.85","-999.000","-999.000","270.0","405.1","-999.0","-999.0","-999.0","-999.0","-999.0","-999.0"
"TWANOH_123W_47N","47.375","-123.008","05/15/2014","03:17","275.5","2","4.41","427.5","2","3.91","1017.9","24.3","104.72","-999.000","-999.000","276.7","429.2","-999.0","-999.0","-999.0","-999.0","-999.0","-999.0"
"TWANOH_123W_47N","47.375","-123.008","05/15/2014","06:17","285.0","2","4.11","450.8","2","3.81","1018.3","21.7","104.78","-999.000","-999.000","286.2","452.6","-999.0","-999.0","-999.0","-999.0","-999.0","-999.0"
"TWANOH_123W_47N","47.375","-123.008","05/15/2014","09:17","288.7","2","3.59","456.1","2","3.37","1017.2","19.6","104.82","-999.000","-999.000","289.7","457.7","-999.0","-999.0","-999.0","-999.0","-999.0","-999.0"
"TWANOH_123W_47N","47.375","-123.008","05/15/2014","12:17","285.9","2","3.25","477.5","2","3.11","1016.6","18.1","104.72","-999.000","-999.000","286.8","479.0","-999.0","-999.0","-999.0","-999.0","-999.0","-999.0"
"TWANOH_123W_47N","47.375","-123.008","05/15/2014","15:17","298.0","2","3.54","482.3","2","3.41","1016.6","17.1","104.52","-999.000","-999.000","299.0","483.9","-999.0","-999.0","-999.0","-999.0","-999.0","-999.0"
"TWANOH_123W_47N","47.375","-123.008","05/15/2014","18:17","319.5","2","3.77","445.7","2","3.57","1015.8","17.4","104.13","-999.000","-999.000","320.7","447.3","-999.0","-999.0","-999.0","-999.0","-999.0","-999.0"
"TWANOH_123W_47N","47.375","-123.008","05/15/2014","21:17","299.2","2","4.12","413.1","2","4.00","1014.0","19.1","104.25","-999.000","-999.000","300.4","414.8","-999.0","-999.0","-999.0","-999.0","-999.0","-999.0"
"TWANOH_123W_47N","47.375","-123.008","05/16/2014","00:17","273.5","2","4.29","405.5","2","3.85","1012.5","20.9","104.66","-999.000","-999.000","274.7","407.1","-999.0","-999.0","-999.0","-999.0","-999.0","-999.0"
"TWANOH_123W_47N","47.375","-123.008","05/16/2014","03:17","258.5","2","3.86","407.3","2","3.35","1013.5","21.7","105.15","-999.000","-999.000","259.5","408.7","-999.0","-999.0","-999.0","-999.0","-999.0","-999.0"
"TWANOH_123W_47N","47.375","-123.008","05/16/2014","06:17","234.2","2","3.20","409.6","2","3.03","1015.9","19.4","105.85","-999.000","-999.000","235.0","410.8","-999.0","-999.0","-999.0","-999.0","-999.0","-999.0"
"TWANOH_123W_47N","47.375","-123.008","05/16/2014","09:17","235.7","2","2.97","410.1","2","2.82","1016.4","17.1","106.21","-999.000","-999.000","236.4","411.3","-999.0","-999.0","-999.0","-999.0","-999.0","-999.0"
"TWANOH_123W_47N","47.375","-123.008","05/16/2014","12:17","228.6","2","2.88","415.4","2","2.76","1016.7","16.1","106.64","-999.000","-999.000","229.3","416.5","-999.0","-999.0","-999.0","-999.0","-999.0","-999.0"
"TWANOH_123W_47N","47.375","-123.008","05/16/2014","15:17","237.0","2","2.94","413.0","2","2.81","1017.9","15.9","106.44","-999.000","-999.000","237.7","414.1","-999.0","-999.0","-999.0","-999.0","-999.0","-999.0"
"TWANOH_123W_47N","47.375","-123.008","05/16/2014","18:17","237.6","2","3.07","407.8","2","2.91","1018.3","16.1","106.37","-999.000","-999.000","238.3","408.9","-999.0","-999.0","-999.0","-999.0","-999.0","-999.0"
"TWANOH_123W_47N","47.375","-123.008","05/16/2014","21:17","248.8","2","3.27","403.2","2","2.95","1017.4","16.7","106.09","-999.000","-999.000","249.6","404.4","-999.0","-999.0","-999.0","-999.0","-999.0","-999.0"
"TWANOH_123W_47N","47.375","-123.008","05/17/2014","00:17","239.3","2","3.39","402.1","2","3.08","1016.6","17.5","106.20","-999.000","-999.000","240.1","403.3","-999.0","-999.0","-999.0","-999.0","-999.0","-999.0"
"TWANOH_123W_47N","47.375","-123.008","05/17/2014","03:17","236.0","2","3.02","405.8","2","2.84","1016.3","17.2","106.27","-999.000","-999.000","236.7","406.9","-999.0","-999.0","-999.0","-999.0","-999.0","-999.0"
"TWANOH_123W_47N","47.375","-123.008","05/17/2014","06:17","240.1","2","2.84","413.0","2","2.71","1016.9","16.2","105.78","-999.000","-999.000","240.7","414.1","-999.0","-999.0","-999.0","-999.0","-999.0","-999.0"
"TWANOH_123W_47N","47.375","-123.008","05/17/2014","09:17","260.5","2","2.78","425.2","2","2.66","1016.9","15.3","105.47","-999.000","-999.000","261.2","426.3","-999.0","-999.0","-999.0","-999.0","-999.0","-999.0"
"TWANOH_123W_47N","47.375","-123.008","05/17/2014","12:17","262.4","2","2.72","422.7","2","2.62","1016.2","15.0","105.26","-999.000","-999.000","263.1","423.8","-999.0","-999.0","-999.0","-999.0","-999.0","-999.0"
"TWANOH_123W_47N","47.375","-123.008","05/17/2014","15:17","272.3","2","2.83","412.5","2","2.71","1015.7","14.8","104.83","-999.000","-999.000","273.1","413.6","-999.0","-999.0","-999.0","-999.0","-999.0","-999.0"
"TWANOH_123W_47N","47.375","-123.008","05/17/2014","18:17","292.7","2","3.07","407.9","2","2.90","1014.6","15.4","104.18","-999.000","-999.000","293.6","409.1","-999.0","-999.0","-999.0","-999.0","-999.0","-999.0"
"TWANOH_123W_47N","47.375","-123.008","05/17/2014","21:17","291.9","2","3.43","404.0","2","3.09","1013.1","16.8","103.95","-999.000","-999.000","292.9","405.2","-999.0","-999.0","-999.0","-999.0","-999.0","-999.0"
"TWANOH_123W_47N","47.375","-123.008","05/18/2014","00:17","268.7","2","3.67","404.0","2","3.26","1011.7","18.3","104.16","-999.000","-999.000","269.7","405.3","-999.0","-999.0","-999.0","-999.0","-999.0","-999.0"
"TWANOH_123W_47N","47.375","-123.008","05/18/2014","03:17","269.4","2","3.40","406.6","2","3.07","1010.3","18.9","104.30","-999.000","-999.000","270.3","407.8","-999.0","-999.0","-999.0","-999.0","-999.0","-999.0"
"TWANOH_123W_47N","47.375","-123.008","05/18/2014","06:17","270.6","2","2.96","417.4","2","2.77","1010.4","17.3","103.91","-999.000","-999.000","271.4","418.5","-999.0","-999.0","-999.0","-999.0","-999.0","-999.0"
"TWANOH_123W_47N","47.375","-123.008","05/18/2014","09:17","280.9","2","2.69","436.0","2","2.55","1009.9","15.6","103.71","-999.000","-999.000","281.6","437.1","-999.0","-999.0","-999.0","-999.0","-999.0","-999.0"
"TWANOH_123W_47N","47.375","-123.008","05/18/2014","12:17","282.8","2","2.58","441.5","2","2.47","1009.5","14.5","103.45","-999.000","-999.000","283.5","442.6","-999.0","-999.0","-999.0","-999.0","-999.0","-999.0"
"TWANOH_123W_47N","47.375","-123.008","05/18/2014","15:17","289.7","2","2.82","441.0","2","2.69","1009.6","14.1","103.26","-999.000","-999.000","290.5","442.2","-999.0","-999.0","-999.0","-999.0","-999.0","-999.0"
"TWANOH_123W_47N","47.375","-123.008","05/18/2014","18:17","302.9","2","3.15","422.2","2","2.97","1009.2","15.1","103.10","-999.000","-999.000","303.8","423.4","-999.0","-999.0","-999.0","-999.0","-999.0","-999.0"
"TWANOH_123W_47N","47.375","-123.008","05/18/2014","21:17","304.2","2","3.20","406.1","2","2.99","1008.8","16.8","102.86","-999.000","-999.000","305.1","407.3","-999.0","-999.0","-999.0","-999.0","-999.0","-999.0"
"TWANOH_123W_47N","47.375","-123.008","05/19/2014","00:17","299.4","2","3.09","404.9","2","2.97","1009.6","16.8","102.77","-999.000","-999.000","300.3","406.1","-999.0","-999.0","-999.0","-999.0","-999.0","-999.0"
"TWANOH_123W_47N","47.375","-123.008","05/19/2014","03:17","285.3","2","3.11","407.1","2","2.96","1009.8","16.7","103.01","-999.000","-999.000","286.1","408.3","-999.0","-999.0","-999.0","-999.0","-999.0","-999.0"
"TWANOH_123W_47N","47.375","-123.008","05/19/2014","06:17","288.7","2","2.90","412.6","2","2.80","1011.0","16.1","102.98","-999.000","-999.000","289.5","413.8","-999.0","-999.0","-999.0","-999.0","-999.0","-999.0"
"TWANOH_123W_47N","47.375","-123.008","05/19/2014","09:17","288.6","2","2.80","413.4","2","2.70","1011.7","15.2","102.82","-999.000","-999.000","289.4","414.5","-999.0","-999.0","-999.0","-999.0","-999.0","-999.0"
"TWANOH_123W_47N","47.375","-123.008","05/19/2014","12:17","297.6","2","2.50","425.0","2","2.43","1013.0","14.3","102.63","-999.000","-999.000","298.4","426.1","-999.0","-999.0","-999.0","-999.0","-999.0","-999.0"
"TWANOH_123W_47N","47.375","-123.008","05/19/2014","15:17","292.6","2","2.90","429.4","2","2.84","1014.1","13.6","102.65","-999.000","-999.000","293.5","430.7","-999.0","-999.0","-999.0","-999.0","-999.0","-999.0"
"TWANOH_123W_47N","47.375","-123.008","05/19/2014","18:17","314.5","2","2.96","408.5","2","2.79","1014.9","14.7","102.49","-999.000","-999.000","315.5","409.6","-999.0","-999.0","-999.0","-999.0","-999.0","-999.0"
"TWANOH_123W_47N","47.375","-123.008","05/19/2014","21:17","359.7","2","3.37","405.8","2","3.26","1015.4","17.0","102.31","-999.000","-999.000","360.9","407.2","-999.0","-999.0","-999.0","-999.0","-999.0","-999.0"
"TWANOH_123W_47N","47.375","-123.008","05/20/2014","00:17","327.8","2","3.74","403.6","2","3.47","1014.8","20.7","102.12","-999.000","-999.000","329.0","405.0","-999.0","-999.0","-999.0","-999.0","-999.0","-999.0"
"TWANOH_123W_47N","47.375","-123.008","05/20/2014","03:17","297.3","2","3.75","408.5","2","3.42","1015.2","21.5","102.08","-999.000","-999.000","298.4","409.9","-999.0","-999.0","-999.0","-999.0","-999.0","-999.0"
"TWANOH_123W_47N","47.375","-123.008","05/20/2014","06:17","298.5","2","3.37","421.8","2","3.14","1016.7","19.1","102.16","-999.000","-999.000","299.5","423.1","-999.0","-999.0","-999.0","-999.0","-999.0","-999.0"
"TWANOH_123W_47N","47.375","-123.008","05/20/2014","09:17","303.8","2","2.99","436.3","2","2.84","1017.4","16.9","101.94","-999.000","-999.000","304.7","437.6","-999.0","-999.0","-999.0","-999.0","-999.0","-999.0"
"TWANOH_123W_47N","47.375","-123.008","05/20/2014","12:17","308.5","2","2.83","454.2","2","2.70","1018.5","15.7","101.72","-999.000","-999.000","309.4","455.5","-999.0","-999.0","-999.0","-999.0","-999.0","-999.0"
"TWANOH_123W_47N","47.375","-123.008","05/20/2014","15:17","309.2","2","3.09","444.7","2","3.02","1018.9","15.1","101.66","-999.000","-999.000","310.2","446.0","-999.0","-999.0","-999.0","-999.0","-999.0","-999.0"
"TWANOH_123W_47N","47.375","-123.008","05/20/2014","18:17","316.9","2","3.28","414.4","2","3.16","1018.9","15.3","101.67","-999.000","-999.000","317.9","415.7","-999.0","-999.0","-999.0","-999.0","-999.0","-999.0"
"TWANOH_123W_47N","47.375","-123.008","05/20/2014","21:17","332.0","2","3.59","404.7","2","3.49","1018.4","17.8","101.65","-999.000","-999.000","333.2","406.1","-999.0","-999.0","-999.0","-999.0","-999.0","-999.0"
"TWANOH_123W_47N","47.375","-123.008","05/21/2014","00:17","330.2","2","3.70","403.4","2","3.37","1017.6","20.8","101.56","-999.000","-999.000","331.5","404.7","-999.0","-999.0","-999.0","-999.0","-999.0","-999.0"
"TWANOH_123W_47N","47.375","-123.008","05/21/2014","03:17","314.0","2","3.88","403.8","2","3.50","1017.8","20.9","101.77","-999.000","-999.000","315.2","405.2","-999.0","-999.0","-999.0","-999.0","-999.0","-999.0"
"TWANOH_123W_47N","47.375","-123.008","05/21/2014","06:17","307.5","2","3.17","412.5","2","2.98","1019.1","18.8","102.22","-999.000","-999.000","308.5","413.8","-999.0","-999.0","-999.0","-999.0","-999.0","-999.0"
"TWANOH_123W_47N","47.375","-123.008","05/21/2014","09:17","314.2","2","2.78","419.6","2","2.63","1020.0","16.7","102.18","-999.000","-999.000","315.1","420.7","-999.0","-999.0","-999.0","-999.0","-999.0","-999.0"
"TWANOH_123W_47N","47.375","-123.008","05/21/2014","12:17","323.3","2","2.64","426.5","2","2.50","1020.5","15.2","102.00","-999.000","-999.000","324.2","427.5","-999.0","-999.0","-999.0","-999.0","-999.0","-999.0"
"TWANOH_123W_47N","47.375","-123.008","05/21/2014","15:17","325.1","2","3.03","415.9","2","2.86","1021.3","14.5","101.95","-999.000","-999.000","326.1","417.1","-999.0","-999.0","-999.0","-999.0","-999.0","-999.0"
"TWANOH_123W_47N","47.375","-123.008","05/21/2014","18:17","331.2","2","3.27","411.7","2","3.20","1020.9","15.8","102.15","-999.000","-999.000","332.2","413.1","-999.0","-999.0","-999.0","-999.0","-999.0","-999.0"
"TWANOH_123W_47N","47.375","-123.008","05/21/2014","21:17","335.9","2","3.64","404.6","2","3.41","1020.1","18.4","102.18","-999.000","-999.000","337.1","406.0","-999.0","-999.0","-999.0","-999.0","-999.0","-999.0"
"TWANOH_123W_47N","47.375","-123.008","05/22/2014","00:17","333.5","2","4.36","400.8","2","4.02","1019.0","21.4","102.20","-999.000","-999.000","334.9","402.4","-999.0","-999.0","-999.0","-999.0","-999.0","-999.0"
"TWANOH_123W_47N","47.375","-123.008","05/22/2014","03:17","321.2","2","4.16","407.2","2","3.81","1018.8","21.9","102.35","-999.000","-999.000","322.5","408.8","-999.0","-999.0","-999.0","-999.0","-999.0","-999.0"
"TWANOH_123W_47N","47.375","-123.008","05/22/2014","06:17","320.5","2","3.56","420.8","2","3.34","1019.6","19.9","102.60","-999.000","-999.000","321.7","422.2","-999.0","-999.0","-999.0","-999.0","-999.0","-999.0"
"TWANOH_123W_47N","47.375","-123.008","05/22/2014","09:17","332.1","2","3.37","427.3","2","3.15","1019.0","18.1","102.43","-999.000","-999.000","333.2","428.6","-999.0","-999.0","-999.0","-999.0","-999.0","-999.0"
"TWANOH_123W_47N","47.375","-123.008","05/22/2014","12:17","345.4","2","3.14","433.4","2","2.97","1018.5","16.9","102.09","-999.000","-999.000","346.4","434.7","-999.0","-999.0","-999.0","-999.0","-999.0","-999.0"
"TWANOH_123W_47N","47.375","-123.008","05/22/2014","15:17","346.3","2","3.52","436.8","2","3.37","1018.5","16.3","102.04","-999.000","-999.000","347.5","438.3","-999.0","-999.0","-999.0","-999.0","-999.0","-999.0"
"TWANOH_123W_47N","47.375","-123.008","05/22/2014","18:17","354.3","2","3.65","409.0","2","3.38","1017.6","17.1","102.01","-999.000","-999.000","355.6","410.4","-999.0","-999.0","-999.0","-999.0","-999.0","-999.0"
"TWANOH_123W_47N","47.375","-123.008","05/22/2014","21:17","350.4","2","4.02","405.5","2","3.89","1016.4","20.0","102.33","-999.000","-999.000","351.8","407.1","-999.0","-999.0","-999.0","-999.0","-999.0","-999.0"
"TWANOH_123W_47N","47.375","-123.008","05/23/2014","00:17","362.7","2","4.44","401.7","2","4.15","1015.0","24.1","102.26","-999.000","-999.000","364.4","403.4","-999.0","-999.0","-999.0","-999.0","-999.0","-999.0"
"TWANOH_123W_47N","47.375","-123.008","05/23/2014","03:17","338.2","2","4.78","413.6","2","4.34","1014.8","24.1","102.52","-999.000","-999.000","339.8","415.4","-999.0","-999.0","-999.0","-999.0","-999.0","-999.0"
"TWANOH_123W_47N","47.375","-123.008","05/23/2014","06:17","362.0","2","4.25","442.5","2","3.96","1014.7","22.2","102.55","-999.000","-999.000","363.5","444.3","-999.0","-999.0","-999.0","-999.0","-999.0","-999.0"
"TWANOH_123W_47N","47.375","-123.008","05/23/2014","09:17","364.2","2","3.91","445.9","2","3.69","1013.7","20.4","102.40","-999.000","-999.000","365.6","447.6","-999.0","-999.0","-999.0","-999.0","-999.0","-999.0"
"TWANOH_123W_47N","47.375","-123.008","05/23/2014","12:17","376.8","2","3.85","433.0","2","3.63","1013.5","19.2","102.00","-999.000","-999.000","378.2","434.6","-999.0","-999.0","-999.0","-999.0","-999.0","-999.0"
"TWANOH_123W_47N","47.375","-123.008","05/23/2014","15:17","370.0","2","3.45","416.6","2","3.32","1016.0","18.4","101.90","-999.000","-999.000","371.3","418.0","-999.0","-999.0","-999.0","-999.0","-999.0","-999.0"
"TWANOH_123W_47N","47.375","-123.008","05/23/2014","18:17","353.9","2","3.42","412.5","2","3.30","1016.6","17.4","102.11","-999.000","-999.000","355.1","413.9","-999.0","-999.0","-999.0","-999.0","-999.0","-999.0"
"TWANOH_123W_47N","47.375","-123.008","05/23/2014","21:17","341.5","2","3.67","406.6","2","3.56","1016.5","17.6","102.45","-999.000","-999.000","342.8","408.0","-999.0","-999.0","-999.0","-999.0","-999.0","-999.0"
"TWANOH_123W_47N","47.375","-123.008","05/24/2014","00:17","324.4","2","4.05","403.4","2","3.71","1015.9","18.6","103.07","-999.000","-999.000","325.7","404.9","-999.0","-999.0","-999.0","-999.0","-999.0","-999.0"
"TWANOH_123W_47N","47.375","-123.008","05/24/2014","03:17","322.3","2","3.57","404.0","2","3.35","1016.4","19.0","103.40","-999.000","-999.000","323.5","405.4","-999.0","-999.0","-999.0","-999.0","-999.0","-999.0"
"TWANOH_123W_47N","47.375","-123.008","05/24/2014","06:17","322.4","2","3.17","413.6","2","3.03","1018.4","17.8","103.56","-999.000","-999.000","323.4","414.8","-999.0","-999.0","-999.0","-999.0","-999.0","-999.0"
"TWANOH_123W_47N","47.375","-123.008","05/24/2014","09:17","328.3","2","3.00","419.5","2","2.87","1019.2","16.6","103.63","-999.000","-999.000","329.3","420.7","-999.0","-999.0","-999.0","-999.0","-999.0","-999.0"
"TWANOH_123W_47N","47.375","-123.008","05/24/2014","12:17","339.1","2","2.96","424.2","2","2.84","1020.2","16.0","103.39","-999.000","-999.000","340.1","425.4","-999.0","-999.0","-999.0","-999.0","-999.0","-999.0"
"TWANOH_123W_47N","47.375","-123.008","05/24/2014","15:17","343.7","2","3.06","424.8","2","2.93","1021.2","15.6","103.13","-999.000","-999.000","344.7","426.0","-999.0","-999.0","-999.0","-999.0","-999.0","-999.0"
"TWANOH_123W_47N","47.375","-123.008","05/24/2014","18:17","345.3","2","3.43","414.7","2","3.29","1021.2","16.1","103.04","-999.000","-999.000","346.5","416.1","-999.0","-999.0","-999.0","-999.0","-999.0","-999.0"
"TWANOH_123W_47N","47.375","-123.008","05/24/2014","21:17","329.1","2","3.62","408.0","2","3.36","1020.6","18.1","103.00","-999.000","-999.000","330.3","409.3","-999.0","-999.0","-999.0","-999.0","-999.0","-999.0"
"TWANOH_123W_47N","47.375","-123.008","05/25/2014","00:17","293.3","2","3.86","398.1","2","3.53","1019.2","19.5","103.54","-999.000","-999.000","294.4","399.5","-999.0","-999.0","-999.0","-999.0","-999.0","-999.0"
"TWANOH_123W_47N","47.375","-123.008","05/25/2014","03:17","271.0","2","3.81","408.8","2","3.49","1018.7","21.0","104.22","-999.000","-999.000","272.1","410.2","-999.0","-999.0","-999.0","-999.0","-999.0","-999.0"
"TWANOH_123W_47N","47.375","-123.008","05/25/2014","06:17","282.5","2","3.19","417.3","2","3.00","1019.1","18.7","104.40","-999.000","-999.000","283.4","418.6","-999.0","-999.0","-999.0","-999.0","-999.0","-999.0"
"TWANOH_123W_47N","47.375","-123.008","05/25/2014","09:17","304.4","2","2.84","431.9","2","2.71","1018.8","16.5","104.44","-999.000","-999.000","305.3","433.0","-999.0","-999.0","-999.0","-999.0","-999.0","-999.0"
"TWANOH_123W_47N","47.375","-123.008","05/25/2014","12:17","314.6","2","2.76","430.5","2","2.63","1018.0","15.3","104.05","-999.000","-999.000","315.4","431.6","-999.0","-999.0","-999.0","-999.0","-999.0","-999.0"
"TWANOH_123W_47N","47.375","-123.008","05/25/2014","15:17","321.0","2","2.87","438.2","2","2.75","1018.1","14.9","103.77","-999.000","-999.000","321.9","439.4","-999.0","-999.0","-999.0","-999.0","-999.0","-999.0"
"TWANOH_123W_47N","47.375","-123.008","05/25/2014","18:17","303.2","2","3.32","421.4","2","3.16","1016.5","15.6","103.82","-999.000","-999.000","304.2","422.7","-999.0","-999.0","-999.0","-999.0","-999.0","-999.0"
"TWANOH_123W_47N","47.375","-123.008","05/25/2014","21:17","318.4","2","3.37","404.0","2","3.14","1015.6","16.7","103.89","-999.000","-999.000","319.4","405.3","-999.0","-999.0","-999.0","-999.0","-999.0","-999.0"
"TWANOH_123W_47N","47.375","-123.008","05/26/2014","00:17","291.9","2","3.13","404.3","2","3.01","1015.0","16.3","104.28","-999.000","-999.000","292.9","405.5","-999.0","-999.0","-999.0","-999.0","-999.0","-999.0"
"TWANOH_123W_47N","47.375","-123.008","05/26/2014","03:17","303.0","2","3.05","408.2","2","2.92","1014.3","16.0","104.26","-999.000","-999.000","304.0","409.4","-999.0","-999.0","-999.0","-999.0","-999.0","-999.0"
"TWANOH_123W_47N","47.375","-123.008","05/26/2014","06:17","289.8","2","2.94","414.5","2","2.81","1014.3","15.5","104.26","-999.000","-999.000","290.7","415.6","-999.0","-999.0","-999.0","-999.0","-999.0","-999.0"
"TWANOH_123W_47N","47.375","-123.008","05/26/2014","09:17","297.5","2","2.85","418.0","2","2.74","1014.6","15.1","104.11","-999.000","-999.000","298.4","419.2","-999.0","-999.0","-999.0","-999.0","-999.0","-999.0"
"TWANOH_123W_47N","47.375","-123.008","05/26/2014","12:17","320.3","2","2.78","415.6","2","2.69","1015.1","14.5","103.86","-999.000","-999.000","321.2","416.8","-999.0","-999.0","-999.0","-999.0","-999.0","-999.0"
"TWANOH_123W_47N","47.375","-123.008","05/26/2014","15:17","336.3","2","3.13","414.5","2","3.00","1016.9","14.7","103.60","-999.000","-999.000","337.3","415.7","-999.0","-999.0","-999.0","-999.0","-999.0","-999.0"
"TWANOH_123W_47N","47.375","-123.008","05/26/2014","18:17","357.6","2","3.12","405.6","2","2.88","1018.1","15.3","103.61","-999.000","-999.000","358.7","406.8","-999.0","-999.0","-999.0","-999.0","-999.0","-999.0"
"TWANOH_123W_47N","47.375","-123.008","05/26/2014","21:17","348.1","2","3.18","404.8","2","2.89","1020.1","15.4","103.91","-999.000","-999.000","349.2","406.0","-999.0","-999.0","-999.0","-999.0","-999.0","-999.0"
"TWANOH_123W_47N","47.375","-123.008","05/27/2014","00:17","344.8","2","3.41","404.2","2","3.04","1019.8","16.6","104.41","-999.000","-999.000","346.0","405.5","-999.0","-999.0","-999.0","-999.0","-999.0","-999.0"
"TWANOH_123W_47N","47.375","-123.008","05/27/2014","03:17","339.6","2","3.15","405.9","2","2.85","1020.0","17.6","104.41","-999.000","-999.000","340.6","407.0","-999.0","-999.0","-999.0","-999.0","-999.0","-999.0"
"TWANOH_123W_47N","47.375","-123.008","05/27/2014","06:17","327.4","2","2.68","419.6","2","2.51","1020.8","16.3","104.14","-999.000","-999.000","328.2","420.7","-999.0","-999.0","-999.0","-999.0","-999.0","-999.0"
"TWANOH_123W_47N","47.375","-123.008","05/27/2014","09:17","325.7","2","2.48","430.6","2","2.35","1020.6","14.6","103.99","-999.000","-999.000","326.5","431.6","-999.0","-999.0","-999.0","-999.0","-999.0","-999.0"
"TWANOH_123W_47N","47.375","-123.008","05/27/2014","12:17","320.7","2","2.42","440.5","2","2.32","1020.2","13.7","103.70","-999.000","-999.000","321.5","441.5","-999.0","-999.0","-999.0","-999.0","-999.0","-999.0"
"TWANOH_123W_47N","47.375","-123.008","05/27/2014","15:17","313.8","2","2.76","429.2","2","2.66","1020.5","13.4","103.37","-999.000","-999.000","314.7","430.3","-999.0","-999.0","-999.0","-999.0","-999.0","-999.0"
"TWANOH_123W_47N","47.375","-123.008","05/27/2014","18:17","316.5","2","2.99","410.0","2","2.82","1020.1","14.6","103.15","-999.000","-999.000","317.5","411.1","-999.0","-999.0","-999.0","-999.0","-999.0","-999.0"
"TWANOH_123W_47N","47.375","-123.008","05/27/2014","21:17","320.5","2","3.09","404.1","2","3.01","1018.9","16.3","103.32","-999.000","-999.000","321.5","405.3","-999.0","-999.0","-999.0","-999.0","-999.0","-999.0"
"TWANOH_123W_47N","47.375","-123.008","05/28/2014","00:17","300.4","2","2.49","405.0","2","2.41","1018.2","19.5","103.19","-999.000","-999.000","301.2","406.0","-999.0","-999.0","-999.0","-999.0","-999.0","-999.0"
"TWANOH_123W_47N","47.375","-123.008","05/28/2014","03:17","300.3","2","3.20","404.6","2","3.16","1017.7","17.4","103.30","-999.000","-999.000","301.3","405.9","-999.0","-999.0","-999.0","-999.0","-999.0","-999.0"
"TWANOH_123W_47N","47.375","-123.008","05/28/2014","06:17","303.9","2","2.69","416.3","2","2.62","1018.3","15.9","103.23","-999.000","-999.000","304.7","417.4","-999.0","-999.0","-999.0","-999.0","-999.0","-999.0"
"TWANOH_123W_47N","47.375","-123.008","05/28/2014","09:17","309.2","2","2.43","429.4","2","2.37","1018.1","14.2","103.02","-999.000","-999.000","310.0","430.4","-999.0","-999.0","-999.0","-999.0","-999.0","-999.0"
"TWANOH_123W_47N","47.375","-123.008","05/28/2014","12:17","309.7","2","2.32","437.4","2","2.27","1018.1","13.2","102.78","-999.000","-999.000","310.4","438.4","-999.0","-999.0","-999.0","-999.0","-999.0","-999.0"
"TWANOH_123W_47N","47.375","-123.008","05/28/2014","15:17","310.1","2","2.40","438.8","2","2.34","1019.2","12.8","102.56","-999.000","-999.000","310.9","439.8","-999.0","-999.0","-999.0","-999.0","-999.0","-999.0"
"TWANOH_123W_47N","47.375","-123.008","05/28/2014","18:17","314.2","2","2.64","418.4","2","2.57","1018.9","13.9","102.40","-999.000","-999.000","315.0","419.5","-999.0","-999.0","-999.0","-999.0","-999.0","-999.0"
"TWANOH_123W_47N","47.375","-123.008","05/28/2014","21:17","319.0","2","3.25","402.1","2","3.19","1018.0","15.8","102.42","-999.000","-999.000","320.0","403.4","-999.0","-999.0","-999.0","-999.0","-999.0","-999.0"
"TWANOH_123W_47N","47.375","-123.008","05/29/2014","00:17","318.2","2","3.43","401.5","2","3.36","1017.9","17.3","102.44","-999.000","-999.000","319.3","402.9","-999.0","-999.0","-999.0","-999.0","-999.0","-999.0"
"TWANOH_123W_47N","47.375","-123.008","05/29/2014","03:17","316.9","2","3.18","404.5","2","2.91","1017.8","17.9","102.44","-999.000","-999.000","317.9","405.7","-999.0","-999.0","-999.0","-999.0","-999.0","-999.0"
"TWANOH_123W_47N","47.375","-123.008","05/29/2014","06:17","321.0","2","2.87","411.0","2","2.70","1018.7","16.4","102.63","-999.000","-999.000","321.9","412.1","-999.0","-999.0","-999.0","-999.0","-999.0","-999.0"
"TWANOH_123W_47N","47.375","-123.008","05/29/2014","09:17","326.1","2","2.75","414.6","2","2.59","1020.1","15.3","102.59","-999.000","-999.000","327.0","415.6","-999.0","-999.0","-999.0","-999.0","-999.0","-999.0"
"TWANOH_123W_47N","47.375","-123.008","05/29/2014","12:17","318.7","2","2.64","417.2","2","2.51","1020.4","14.7","102.65","-999.000","-999.000","319.5","418.2","-999.0","-999.0","-999.0","-999.0","-999.0","-999.0"
"TWANOH_123W_47N","47.375","-123.008","05/29/2014","15:17","322.9","2","2.83","414.4","2","2.68","1021.9","14.4","102.59","-999.000","-999.000","323.8","415.5","-999.0","-999.0","-999.0","-999.0","-999.0","-999.0"
"TWANOH_123W_47N","47.375","-123.008","05/29/2014","18:17","328.4","2","3.09","408.5","2","2.88","1022.4","15.5","102.64","-999.000","-999.000","329.4","409.7","-999.0","-999.0","-999.0","-999.0","-999.0","-999.0"
"TWANOH_123W_47N","47.375","-123.008","05/29/2014","21:17","338.9","2","3.32","402.2","2","3.00","1022.3","17.2","102.56","-999.000","-999.000","340.0","403.4","-999.0","-999.0","-999.0","-999.0","-999.0","-999.0"
"TWANOH_123W_47N","47.375","-123.008","05/30/2014","00:17","331.5","2","3.72","399.6","2","3.39","1021.5","17.7","102.73","-999.000","-999.000","332.7","401.0","-999.0","-999.0","-999.0","-999.0","-999.0","-999.0"
"TWANOH_123W_47N","47.375","-123.008","05/30/2014","03:17","326.4","2","3.20","404.0","2","2.97","1020.6","17.9","102.90","-999.000","-999.000","327.5","405.2","-999.0","-999.0","-999.0","-999.0","-999.0","-999.0"
"TWANOH_123W_47N","47.375","-123.008","05/30/2014","06:17","334.8","2","2.78","412.4","2","2.62","1020.8","16.4","102.56","-999.000","-999.000","335.7","413.5","-999.0","-999.0","-999.0","-999.0","-999.0","-999.0"
"TWANOH_123W_47N","47.375","-123.008","05/30/2014","09:17","334.5","2","2.48","418.9","2","2.36","1020.1","14.7","102.33","-999.000","-999.000","335.3","419.9","-999.0","-999.0","-999.0","-999.0","-999.0","-999.0"
"TWANOH_123W_47N","47.375","-123.008","05/30/2014","12:17","334.3","2","2.35","434.2","2","2.26","1019.2","13.5","102.16","-999.000","-999.000","335.1","435.2","-999.0","-999.0","-999.0","-999.0","-999.0","-999.0"
"TWANOH_123W_47N","47.375","-123.008","05/30/2014","15:17","342.2","2","2.56","434.7","2","2.50","1019.3","12.9","101.96","-999.000","-999.000","343.1","435.8","-999.0","-999.0","-999.0","-999.0","-999.0","-999.0"
"TWANOH_123W_47N","47.375","-123.008","05/30/2014","18:17","354.8","2","2.81","411.5","2","2.76","1017.8","13.7","101.92","-999.000","-999.000","355.8","412.6","-999.0","-999.0","-999.0","-999.0","-999.0","-999.0"
"TWANOH_123W_47N","47.375","-123.008","05/30/2014","21:17","371.6","2","3.08","400.7","2","3.00","1015.8","16.6","101.87","-999.000","-999.000","372.7","401.9","-999.0","-999.0","-999.0","-999.0","-999.0","-999.0"
"TWANOH_123W_47N","47.375","-123.008","05/31/2014","00:17","383.2","2","3.55","399.5","2","3.34","1014.0","20.7","101.93","-999.000","-999.000","384.6","400.9","-999.0","-999.0","-999.0","-999.0","-999.0","-999.0"
"TWANOH_123W_47N","47.375","-123.008","05/31/2014","03:17","357.4","2","3.69","403.4","2","3.28","1014.0","22.1","101.97","-999.000","-999.000","358.8","404.7","-999.0","-999.0","-999.0","-999.0","-999.0","-999.0"
"TWANOH_123W_47N","47.375","-123.008","05/31/2014","06:17","365.6","2","3.27","417.4","2","3.00","1015.8","19.4","101.73","-999.000","-999.000","366.8","418.7","-999.0","-999.0","-999.0","-999.0","-999.0","-999.0"
"TWANOH_123W_47N","47.375","-123.008","05/31/2014","09:17","354.4","2","2.92","439.0","2","2.75","1015.9","17.0","101.53","-999.000","-999.000","355.4","440.2","-999.0","-999.0","-999.0","-999.0","-999.0","-999.0"
"TWANOH_123W_47N","47.375","-123.008","05/31/2014","12:17","348.8","2","2.63","452.3","2","2.52","1017.1","15.4","101.44","-999.000","-999.000","349.8","453.4","-999.0","-999.0","-999.0","-999.0","-999.0","-999.0"
"TWANOH_123W_47N","47.375","-123.008","05/31/2014","15:17","357.6","2","3.07","432.6","2","2.99","1017.3","14.4","101.41","-999.000","-999.000","358.7","433.9","-999.0","-999.0","-999.0","-999.0","-999.0","-999.0"
"TWANOH_123W_47N","47.375","-123.008","05/31/2014","18:17","393.1","2","3.22","405.3","2","3.15","1017.4","15.4","101.20","-999.000","-999.000","394.3","406.5","-999.0","-999.0","-999.0","-999.0","-999.0","-999.0"
"TWANOH_123W_47N","47.375","-123.008","05/31/2014","21:17","409.7","2","3.56","399.4","2","3.43","1017.0","17.8","101.06","-999.000","-999.000","411.2","400.8","-999.0","-999.0","-999.0","-999.0","-999.0","-999.0"
"TWANOH_123W_47N","47.375","-123.008","06/01/2014","00:17","372.5","2","4.09","396.7","2","3.85","1015.6","20.2","101.31","-999.000","-999.000","374.0","398.2","-999.0","-999.0","-999.0","-999.0","-999.0","-999.0"
"TWANOH_123W_47N","47.375","-123.008","06/01/2014","03:17","341.0","2","3.66","401.4","2","3.36","1015.6","20.4","101.78","-999.000","-999.000","342.2","402.7","-999.0","-999.0","-999.0","-999.0","-999.0","-999.0"
"TWANOH_123W_47N","47.375","-123.008","06/01/2014","06:17","338.2","2","3.13","410.3","2","2.97","1017.2","18.5","101.96","-999.000","-999.000","339.3","411.5","-999.0","-999.0","-999.0","-999.0","-999.0","-999.0"
"TWANOH_123W_47N","47.375","-123.008","06/01/2014","09:17","335.2","2","2.92","412.9","2","2.80","1017.9","16.7","102.21","-999.000","-999.000","336.2","414.0","-999.0","-999.0","-999.0","-999.0","-999.0","-999.0"
"TWANOH_123W_47N","47.375","-123.008","06/01/2014","12:17","350.0","2","2.88","411.7","2","2.75","1017.9","15.7","102.08","-999.000","-999.000","351.0","412.9","-999.0","-999.0","-999.0","-999.0","-999.0","-999.0"
"TWANOH_123W_47N","47.375","-123.008","06/01/2014","15:17","347.6","2","2.96","410.9","2","2.81","1018.8","15.3","102.03","-999.000","-999.000","348.6","412.0","-999.0","-999.0","-999.0","-999.0","-999.0","-999.0"
"TWANOH_123W_47N","47.375","-123.008","06/01/2014","18:17","368.5","2","3.33","405.7","2","3.17","1018.7","15.8","101.93","-999.000","-999.000","369.7","407.0","-999.0","-999.0","-999.0","-999.0","-999.0","-999.0"
"TWANOH_123W_47N","47.375","-123.008","06/01/2014","21:17","378.2","2","3.48","399.5","2","3.23","1016.8","18.0","101.97","-999.000","-999.000","379.5","400.8","-999.0","-999.0","-999.0","-999.0","-999.0","-999.0"
"TWANOH_123W_47N","47.375","-123.008","06/02/2014","00:17","378.9","2","4.40","395.5","2","4.17","1014.3","21.7","102.28","-999.000","-999.000","380.6","397.1","-999.0","-999.0","-999.0","-999.0","-999.0","-999.0"
"TWANOH_123W_47N","47.375","-123.008","06/02/2014","03:17","361.6","2","4.26","401.8","2","3.81","1013.5","23.5","102.47","-999.000","-999.000","363.2","403.3","-999.0","-999.0","-999.0","-999.0","-999.0","-999.0"
"TWANOH_123W_47N","47.375","-123.008","06/02/2014","06:17","360.0","2","3.82","410.0","2","3.56","1014.3","21.1","102.54","-999.000","-999.000","361.3","411.5","-999.0","-999.0","-999.0","-999.0","-999.0","-999.0"
"TWANOH_123W_47N","47.375","-123.008","06/02/2014","09:17","364.5","2","3.22","419.8","2","3.06","1014.0","18.7","102.54","-999.000","-999.000","365.7","421.1","-999.0","-999.0","-999.0","-999.0","-999.0","-999.0"
"TWANOH_123W_47N","47.375","-123.008","06/02/2014","12:17","369.0","2","2.99","422.6","2","2.87","1014.0","17.0","102.41","-999.000","-999.000","370.1","423.8","-999.0","-999.0","-999.0","-999.0","-999.0","-999.0"
"TWANOH_123W_47N","47.375","-123.008","06/02/2014","15:17","364.9","2","3.06","421.5","2","2.94","1014.1","16.1","102.36","-999.000","-999.000","366.0","422.8","-999.0","-999.0","-999.0","-999.0","-999.0","-999.0"
"TWANOH_123W_47N","47.375","-123.008","06/02/2014","18:17","374.7","2","3.49","413.0","2","3.30","1013.4","16.6","102.42","-999.000","-999.000","376.0","414.4","-999.0","-999.0","-999.0","-999.0","-999.0","-999.0"
"TWANOH_123W_47N","47.375","-123.008","06/02/2014","21:17","384.8","2","3.93","399.4","2","3.82","1011.5","19.0","102.51","-999.000","-999.000","386.3","400.9","-999.0","-999.0","-999.0","-999.0","-999.0","-999.0"
"TWANOH_123W_47N","47.375","-123.008","06/03/2014","00:17","375.7","2","4.42","390.7","2","4.24","1010.0","21.0","102.74","-999.000","-999.000","377.3","392.3","-999.0","-999.0","-999.0","-999.0","-999.0","-999.0"
"TWANOH_123W_47N","47.375","-123.008","06/03/2014","03:17","350.1","2","3.71","401.9","2","3.34","1009.9","21.2","103.03","-999.000","-999.000","351.4","403.2","-999.0","-999.0","-999.0","-999.0","-999.0","-999.0"
"TWANOH_123W_47N","47.375","-123.008","06/03/2014","06:17","343.2","2","3.18","410.7","2","3.00","1011.3","18.8","103.12","-999.000","-999.000","344.2","411.9","-999.0","-999.0","-999.0","-999.0","-999.0","-999.0"
"TWANOH_123W_47N","47.375","-123.008","06/03/2014","09:17","343.5","2","2.96","412.1","2","2.83","1012.0","16.8","103.10","-999.000","-999.000","344.5","413.2","-999.0","-999.0","-999.0","-999.0","-999.0","-999.0"
"TWANOH_123W_47N","47.375","-123.008","06/03/2014","12:17","347.1","2","2.89","411.9","2","2.75","1013.4","15.8","103.12","-999.000","-999.000","348.1","413.1","-999.0","-999.0","-999.0","-999.0","-999.0","-999.0"
"TWANOH_123W_47N","47.375","-123.008","06/03/2014","15:17","348.1","2","2.99","408.3","2","2.84","1014.7","15.4","103.17","-999.000","-999.000","349.1","409.5","-999.0","-999.0","-999.0","-999.0","-999.0","-999.0"
"TWANOH_123W_47N","47.375","-123.008","06/03/2014","18:17","350.4","2","3.19","405.9","2","2.99","1016.3","15.7","103.17","-999.000","-999.000","351.5","407.1","-999.0","-999.0","-999.0","-999.0","-999.0","-999.0"
"TWANOH_123W_47N","47.375","-123.008","06/03/2014","21:17","344.2","2","3.58","399.4","2","3.31","1016.5","16.5","103.27","-999.000","-999.000","345.4","400.8","-999.0","-999.0","-999.0","-999.0","-999.0","-999.0"
"TWANOH_123W_47N","47.375","-123.008","06/04/2014","00:17","344.2","2","3.67","398.5","2","3.32","1016.4","17.7","103.32","-999.000","-999.000","345.5","399.8","-999.0","-999.0","-999.0","-999.0","-999.0","-999.0"
"TWANOH_123W_47N","47.375","-123.008","06/04/2014","03:17","332.0","2","3.55","401.3","2","3.24","1016.5","18.2","103.61","-999.000","-999.000","333.2","402.6","-999.0","-999.0","-999.0","-999.0","-999.0","-999.0"
"TWANOH_123W_47N","47.375","-123.008","06/04/2014","06:17","333.2","2","2.99","410.3","2","2.82","1018.2","17.3","103.64","-999.000","-999.000","334.2","411.5","-999.0","-999.0","-999.0","-999.0","-999.0","-999.0"
"TWANOH_123W_47N","47.375","-123.008","06/04/2014","09:17","336.8","2","2.79","417.8","2","2.66","1018.6","15.9","103.41","-999.000","-999.000","337.8","418.9","-999.0","-999.0","-999.0","-999.0","-999.0","-999.0"
"TWANOH_123W_47N","47.375","-123.008","06/04/2014","12:17","349.2","2","2.77","414.9","2","2.65","1019.2","14.9","103.07","-999.000","-999.000","350.1","416.0","-999.0","-999.0","-999.0","-999.0","-999.0","-999.0"
"TWANOH_123W_47N","47.375","-123.008","06/04/2014","15:17","359.6","2","2.97","410.1","2","2.84","1019.6","14.9","102.82","-999.000","-999.000","360.6","411.3","-999.0","-999.0","-999.0","-999.0","-999.0","-999.0"
"TWANOH_123W_47N","47.375","-123.008","06/04/2014","18:17","354.9","2","3.05","408.0","2","2.89","1019.8","15.4","102.64","-999.000","-999.000","356.0","409.1","-999.0","-999.0","-999.0","-999.0","-999.0","-999.0"
"TWANOH_123W_47N","47.375","-123.008","06/04/2014","21:17","357.2","2","3.37","401.7","2","3.19","1019.0","15.9","102.51","-999.000","-999.000","358.4","403.0","-999.0","-999.0","-999.0","-999.0","-999.0","-999.0"
"TWANOH_123W_47N","47.375","-123.008","06/05/2014","00:17","358.8","2","3.70","395.9","2","3.59","1018.0","18.5","102.50","-999.000","-999.000","360.1","397.3","-999.0","-999.0","-999.0","-999.0","-999.0","-999.0"
"TWANOH_123W_47N","47.375","-123.008","06/05/2014","03:17","347.4","2","3.46","399.8","2","3.18","1017.8","20.4","102.43","-999.000","-999.000","348.6","401.0","-999.0","-999.0","-999.0","-999.0","-999.0","-999.0"
"TWANOH_123W_47N","47.375","-123.008","06/05/2014","06:17","340.9","2","3.23","411.2","2","3.01","1018.6","18.7","102.55","-999.000","-999.000","342.0","412.5","-999.0","-999.0","-999.0","-999.0","-999.0","-999.0"
"TWANOH_123W_47N","47.375","-123.008","06/05/2014","09:17","345.1","2","2.82","418.3","2","2.68","1019.4","16.8","102.26","-999.000","-999.000","346.1","419.4","-999.0","-999.0","-999.0","-999.0","-999.0","-999.0"
"TWANOH_123W_47N","47.375","-123.008","06/05/2014","12:17","352.9","2","2.58","422.3","2","2.48","1020.1","15.3","102.08","-999.000","-999.000","353.9","423.3","-999.0","-999.0","-999.0","-999.0","-999.0","-999.0"
"TWANOH_123W_47N","47.375","-123.008","06/05/2014","15:17","360.3","2","2.97","419.7","2","2.83","1021.0","14.6","102.00","-999.000","-999.000","361.3","420.9","-999.0","-999.0","-999.0","-999.0","-999.0","-999.0"
"TWANOH_123W_47N","47.375","-123.008","06/05/2014","18:17","358.3","2","3.06","408.6","2","2.88","1020.5","15.2","101.97","-999.000","-999.000","359.4","409.8","-999.0","-999.0","-999.0","-999.0","-999.0","-999.0"
"TWANOH_123W_47N","47.375","-123.008","06/05/2014","21:17","378.3","2","3.38","400.3","2","3.18","1018.9","17.4","102.01","-999.000","-999.000","379.6","401.6","-999.0","-999.0","-999.0","-999.0","-999.0","-999.0"
"TWANOH_123W_47N","47.375","-123.008","06/06/2014","00:17","377.3","2","4.34","397.4","2","4.09","1017.2","21.6","102.05","-999.000","-999.000","378.9","399.0","-999.0","-999.0","-999.0","-999.0","-999.0","-999.0"
"TWANOH_123W_47N","47.375","-123.008","06/06/2014","03:17","367.2","2","4.23","402.7","2","3.74","1017.1","22.0","102.12","-999.000","-999.000","368.7","404.2","-999.0","-999.0","-999.0","-999.0","-999.0","-999.0"
"TWANOH_123W_47N","47.375","-123.008","06/06/2014","06:17","366.9","2","3.53","413.2","2","3.27","1018.0","19.9","102.24","-999.000","-999.000","368.2","414.6","-999.0","-999.0","-999.0","-999.0","-999.0","-999.0"
"TWANOH_123W_47N","47.375","-123.008","06/06/2014","09:17","369.9","2","2.97","428.3","2","2.80","1018.6","17.7","102.06","-999.000","-999.000","371.0","429.5","-999.0","-999.0","-999.0","-999.0","-999.0","-999.0"
"TWANOH_123W_47N","47.375","-123.008","06/06/2014","12:17","366.5","2","2.59","436.1","2","2.47","1019.7","15.8","101.98","-999.000","-999.000","367.4","437.2","-999.0","-999.0","-999.0","-999.0","-999.0","-999.0"
"TWANOH_123W_47N","47.375","-123.008","06/06/2014","15:17","372.3","2","3.01","432.1","2","2.94","1019.8","14.6","101.91","-999.000","-999.000","373.4","433.4","-999.0","-999.0","-999.0","-999.0","-999.0","-999.0"
"TWANOH_123W_47N","47.375","-123.008","06/06/2014","18:17","371.1","2","3.22","413.1","2","3.15","1019.2","15.7","102.11","-999.000","-999.000","372.3","414.4","-999.0","-999.0","-999.0","-999.0","-999.0","-999.0"
"TWANOH_123W_47N","47.375","-123.008","06/06/2014","21:17","372.7","2","3.57","400.2","2","3.43","1017.9","19.1","102.52","-999.000","-999.000","374.0","401.6","-999.0","-999.0","-999.0","-999.0","-999.0","-999.0"
"TWANOH_123W_47N","47.375","-123.008","06/07/2014","00:17","378.1","2","4.19","398.5","2","3.95","1016.8","22.9","102.95","-999.000","-999.000","379.7","400.0","-999.0","-999.0","-999.0","-999.0","-999.0","-999.0"
"TWANOH_123W_47N","47.375","-123.008","06/07/2014","03:17","356.8","2","4.29","403.6","2","3.52","1016.8","24.1","103.04","-999.000","-999.000","358.3","405.0","-999.0","-999.0","-999.0","-999.0","-999.0","-999.0"
"TWANOH_123W_47N","47.375","-123.008","06/07/2014","06:17","349.3","2","3.80","413.3","2","3.50","1017.9","21.5","103.15","-999.000","-999.000","350.6","414.7","-999.0","-999.0","-999.0","-999.0","-999.0","-999.0"
"TWANOH_123W_47N","47.375","-123.008","06/07/2014","09:17","361.4","2","3.19","426.5","2","2.98","1019.2","18.9","102.95","-999.000","-999.000","362.6","427.7","-999.0","-999.0","-999.0","-999.0","-999.0","-999.0"
"TWANOH_123W_47N","47.375","-123.008","06/07/2014","12:17","358.6","2","2.91","431.3","2","2.76","1020.2","17.0","102.74","-999.000","-999.000","359.6","432.5","-999.0","-999.0","-999.0","-999.0","-999.0","-999.0"
"TWANOH_123W_47N","47.375","-123.008","06/07/2014","15:17","359.4","2","3.33","420.3","2","3.21","1021.4","16.0","102.66","-999.000","-999.000","360.6","421.6","-999.0","-999.0","-999.0","-999.0","-999.0","-999.0"
"TWANOH_123W_47N","47.375","-123.008","06/07/2014","18:17","374.5","2","3.58","413.3","2","3.50","1021.1","16.6","102.78","-999.000","-999.000","375.9","414.7","-999.0","-999.0","-999.0","-999.0","-999.0","-999.0"
"TWANOH_123W_47N","47.375","-123.008","06/07/2014","21:17","384.2","2","3.93","405.0","2","3.80","1020.2","19.4","103.00","-999.000","-999.000","385.8","406.6","-999.0","-999.0","-999.0","-999.0","-999.0","-999.0"
"TWANOH_123W_47N","47.375","-123.008","06/08/2014","00:17","364.8","2","4.52","397.8","2","4.07","1019.6","23.0","103.39","-999.000","-999.000","366.4","399.4","-999.0","-999.0","-999.0","-999.0","-999.0","-999.0"
"TWANOH_123W_47N","47.375","-123.008","06/08/2014","03:17","371.8","2","4.63","410.4","2","4.19","1019.2","22.9","103.52","-999.000","-999.000","373.5","412.1","-999.0","-999.0","-999.0","-999.0","-999.0","-999.0"
"TWANOH_123W_47N","47.375","-123.008","06/08/2014","06:17","354.7","2","3.93","412.5","2","3.67","1020.4","21.4","103.67","-999.000","-999.000","356.1","414.0","-999.0","-999.0","-999.0","-999.0","-999.0","-999.0"
"TWANOH_123W_47N","47.375","-123.008","06/08/2014","09:17","356.1","2","3.36","417.9","2","3.20","1021.5","19.2","103.58","-999.000","-999.000","357.3","419.2","-999.0","-999.0","-999.0","-999.0","-999.0","-999.0"
"TWANOH_123W_47N","47.375","-123.008","06/08/2014","12:17","361.0","2","3.26","421.7","2","3.13","1021.9","17.7","103.41","-999.000","-999.000","362.2","423.0","-999.0","-999.0","-999.0","-999.0","-999.0","-999.0"
"TWANOH_123W_47N","47.375","-123.008","06/08/2014","15:17","366.4","2","3.33","420.3","2","3.18","1022.6","17.0","103.34","-999.000","-999.000","367.6","421.6","-999.0","-999.0","-999.0","-999.0","-999.0","-999.0"
"TWANOH_123W_47N","47.375","-123.008","06/08/2014","18:17","371.9","2","3.75","411.6","2","3.56","1022.0","17.2","103.32","-999.000","-999.000","373.3","413.1","-999.0","-999.0","-999.0","-999.0","-999.0","-999.0"
"TWANOH_123W_47N","47.375","-123.008","06/08/2014","21:17","363.7","2","4.11","400.9","2","4.01","1020.3","18.9","103.36","-999.000","-999.000","365.2","402.5","-999.0","-999.0","-999.0","-999.0","-999.0","-999.0"
"TWANOH_123W_47N","47.375","-123.008","06/09/2014","00:17","367.3","2","4.44","392.4","2","4.28","1017.9","21.7","103.50","-999.000","-999.000","368.9","394.0","-999.0","-999.0","-999.0","-999.0","-999.0","-999.0"
"TWANOH_123W_47N","47.375","-123.008","06/09/2014","03:17","355.2","2","3.96","402.2","2","3.40","1017.1","22.6","103.53","-999.000","-999.000","356.6","403.6","-999.0","-999.0","-999.0","-999.0","-999.0","-999.0"
"TWANOH_123W_47N","47.375","-123.008","06/09/2014","06:17","367.1","2","3.61","412.9","2","3.37","1017.8","20.7","103.46","-999.000","-999.000","368.4","414.3","-999.0","-999.0","-999.0","-999.0","-999.0","-999.0"
"TWANOH_123W_47N","47.375","-123.008","06/09/2014","09:17","347.2","2","3.42","419.2","2","3.22","1018.6","18.8","103.75","-999.000","-999.000","348.4","420.5","-999.0","-999.0","-999.0","-999.0","-999.0","-999.0"
"TWANOH_123W_47N","47.375","-123.008","06/09/2014","12:17","347.4","2","3.36","431.2","2","3.17","1019.2","17.9","103.54","-999.000","-999.000","348.6","432.5","-999.0","-999.0","-999.0","-999.0","-999.0","-999.0"
"TWANOH_123W_47N","47.375","-123.008","06/09/2014","15:17","352.7","2","3.35","422.8","2","3.17","1020.2","17.3","103.36","-999.000","-999.000","353.8","424.2","-999.0","-999.0","-999.0","-999.0","-999.0","-999.0"
"TWANOH_123W_47N","47.375","-123.008","06/09/2014","18:17","354.8","2","3.90","413.2","2","3.65","1020.4","17.6","103.30","-999.000","-999.000","356.2","414.7","-999.0","-999.0","-999.0","-999.0","-999.0","-999.0"
"TWANOH_123W_47N","47.375","-123.008","06/09/2014","21:17","348.2","2","4.16","408.2","2","3.86","1019.0","19.1","103.46","-999.000","-999.000","349.7","409.8","-999.0","-999.0","-999.0","-999.0","-999.0","-999.0"
"TWANOH_123W_47N","47.375","-123.008","06/10/2014","00:17","325.0","2","4.23","397.0","2","3.76","1018.1","21.1","103.93","-999.000","-999.000","326.4","398.5","-999.0","-999.0","-999.0","-999.0","-999.0","-999.0"
"TWANOH_123W_47N","47.375","-123.008","06/10/2014","03:17","325.4","2","3.80","400.5","2","3.46","1017.5","20.7","103.85","-999.000","-999.000","326.6","401.9","-999.0","-999.0","-999.0","-999.0","-999.0","-999.0"
"TWANOH_123W_47N","47.375","-123.008","06/10/2014","06:17","325.2","2","3.37","410.1","2","3.11","1018.2","19.0","103.94","-999.000","-999.000","326.3","411.4","-999.0","-999.0","-999.0","-999.0","-999.0","-999.0"
"TWANOH_123W_47N","47.375","-123.008","06/10/2014","09:17","316.5","2","2.81","424.4","2","2.66","1017.9","17.3","104.32","-999.000","-999.000","317.4","425.5","-999.0","-999.0","-999.0","-999.0","-999.0","-999.0"
"TWANOH_123W_47N","47.375","-123.008","06/10/2014","12:17","311.3","2","2.64","421.7","2","2.50","1018.5","15.6","104.54","-999.000","-999.000","312.1","422.7","-999.0","-999.0","-999.0","-999.0","-999.0","-999.0"
"TWANOH_123W_47N","47.375","-123.008","06/10/2014","15:17","315.6","2","2.81","418.6","2","2.65","1019.2","14.9","104.59","-999.000","-999.000","316.5","419.7","-999.0","-999.0","-999.0","-999.0","-999.0","-999.0"
"TWANOH_123W_47N","47.375","-123.008","06/10/2014","18:17","325.9","2","3.40","409.4","2","3.17","1019.2","15.7","104.91","-999.000","-999.000","327.0","410.7","-999.0","-999.0","-999.0","-999.0","-999.0","-999.0"
"TWANOH_123W_47N","47.375","-123.008","06/10/2014","21:17","329.3","2","3.64","401.6","2","3.32","1018.0","18.3","104.68","-999.000","-999.000","330.5","402.9","-999.0","-999.0","-999.0","-999.0","-999.0","-999.0"
"TWANOH_123W_47N","47.375","-123.008","06/11/2014","00:17","314.6","2","4.23","399.3","2","3.80","1017.6","19.9","105.18","-999.000","-999.000","315.9","400.8","-999.0","-999.0","-999.0","-999.0","-999.0","-999.0"
"TWANOH_123W_47N","47.375","-123.008","06/11/2014","03:17","307.4","2","3.89","402.4","2","3.53","1017.6","20.9","105.00","-999.000","-999.000","308.6","403.8","-999.0","-999.0","-999.0","-999.0","-999.0","-999.0"
"TWANOH_123W_47N","47.375","-123.008","06/11/2014","06:17","306.6","2","3.71","411.7","2","3.44","1017.6","19.6","104.97","-999.000","-999.000","307.7","413.1","-999.0","-999.0","-999.0","-999.0","-999.0","-999.0"
"TWANOH_123W_47N","47.375","-123.008","06/11/2014","09:17","299.8","2","3.19","421.4","2","3.02","1016.9","18.1","104.88","-999.000","-999.000","300.7","422.7","-999.0","-999.0","-999.0","-999.0","-999.0","-999.0"
"TWANOH_123W_47N","47.375","-123.008","06/11/2014","12:17","308.8","2","2.96","431.7","2","2.82","1016.3","16.6","104.68","-999.000","-999.000","309.7","432.9","-999.0","-999.0","-999.0","-999.0","-999.0","-999.0"
"TWANOH_123W_47N","47.375","-123.008","06/11/2014","15:17","314.9","2","3.40","429.1","2","3.30","1016.5","15.8","104.62","-999.000","-999.000","316.0","430.6","-999.0","-999.0","-999.0","-999.0","-999.0","-999.0"
"TWANOH_123W_47N","47.375","-123.008","06/11/2014","18:17","331.7","2","3.60","405.9","2","3.52","1015.1","16.8","104.59","-999.000","-999.000","332.9","407.3","-999.0","-999.0","-999.0","-999.0","-999.0","-999.0"
"TWANOH_123W_47N","47.375","-123.008","06/11/2014","21:17","325.0","2","3.93","400.2","2","3.78","1012.5","20.2","105.20","-999.000","-999.000","326.3","401.7","-999.0","-999.0","-999.0","-999.0","-999.0","-999.0"
"TWANOH_123W_47N","47.375","-123.008","06/12/2014","00:17","334.8","2","4.91","403.4","2","4.49","1010.1","24.4","105.43","-999.000","-999.000","336.5","405.2","-999.0","-999.0","-999.0","-999.0","-999.0","-999.0"
"TWANOH_123W_47N","47.375","-123.008","06/12/2014","03:17","324.6","2","4.61","401.5","2","4.02","1009.5","24.1","105.28","-999.000","-999.000","326.1","403.1","-999.0","-999.0","-999.0","-999.0","-999.0","-999.0"
"TWANOH_123W_47N","47.375","-123.008","06/12/2014","06:17","319.8","2","4.18","419.5","2","3.74","1008.9","21.8","105.18","-999.000","-999.000","321.1","421.1","-999.0","-999.0","-999.0","-999.0","-999.0","-999.0"
"TWANOH_123W_47N","47.375","-123.008","06/12/2014","09:17","324.0","2","3.76","422.8","2","3.48","1008.4","20.1","105.10","-999.000","-999.000","325.2","424.3","-999.0","-999.0","-999.0","-999.0","-999.0","-999.0"
"TWANOH_123W_47N","47.375","-123.008","06/12/2014","12:17","329.1","2","3.16","417.0","2","3.02","1008.9","18.2","104.89","-999.000","-999.000","330.1","418.3","-999.0","-999.0","-999.0","-999.0","-999.0","-999.0"
"TWANOH_123W_47N","47.375","-123.008","06/12/2014","15:17","322.5","2","3.49","399.8","2","3.27","1009.6","17.2","104.70","-999.000","-999.000","323.6","401.1","-999.0","-999.0","-999.0","-999.0","-999.0","-999.0"
"TWANOH_123W_47N","47.375","-123.008","06/12/2014","18:17","314.7","2","3.87","404.0","2","3.48","1009.8","17.5","104.87","-999.000","-999.000","315.9","405.4","-999.0","-999.0","-999.0","-999.0","-999.0","-999.0"
"TWANOH_123W_47N","47.375","-123.008","06/12/2014","21:17","309.6","2","3.96","402.0","2","3.54","1008.5","18.0","105.16","-999.000","-999.000","310.8","403.4","-999.0","-999.0","-999.0","-999.0","-999.0","-999.0"
"TWANOH_123W_47N","47.375","-123.008","06/13/2014","00:17","295.2","2","3.58","401.7","2","3.34","1008.7","18.5","106.03","-999.000","-999.000","296.3","403.1","-999.0","-999.0","-999.0","-999.0","-999.0","-999.0"
"TWANOH_123W_47N","47.375","-123.008","06/13/2014","03:17","286.9","2","3.35","403.6","2","3.16","1009.7","17.6","106.36","-999.000","-999.000","287.9","404.9","-999.0","-999.0","-999.0","-999.0","-999.0","-999.0"
"TWANOH_123W_47N","47.375","-123.008","06/13/2014","06:17","294.7","2","3.15","411.3","2","3.00","1009.6","16.9","106.27","-999.000","-999.000","295.6","412.6","-999.0","-999.0","-999.0","-999.0","-999.0","-999.0"
"TWANOH_123W_47N","47.375","-123.008","06/13/2014","09:17","301.0","2","2.97","415.6","2","2.84","1009.9","16.2","106.12","-999.000","-999.000","301.9","416.8","-999.0","-999.0","-999.0","-999.0","-999.0","-999.0"
"TWANOH_123W_47N","47.375","-123.008","06/13/2014","12:17","296.1","2","2.88","417.5","2","2.76","1010.4","15.6","106.05","-999.000","-999.000","297.0","418.7","-999.0","-999.0","-999.0","-999.0","-999.0","-999.0"
"TWANOH_123W_47N","47.375","-123.008","06/13/2014","15:17","308.5","2","2.85","415.9","2","2.75","1011.2","15.2","105.48","-999.000","-999.000","309.4","417.0","-999.0","-999.0","-999.0","-999.0","-999.0","-999.0"
"TWANOH_123W_47N","47.375","-123.008","06/13/2014","18:17","306.7","2","3.31","400.8","2","3.18","1012.2","15.5","105.32","-999.000","-999.000","307.7","402.1","-999.0","-999.0","-999.0","-999.0","-999.0","-999.0"
"TWANOH_123W_47N","47.375","-123.008","06/13/2014","21:17","324.3","2","3.62","399.0","2","3.52","1013.1","17.3","105.22","-999.000","-999.000","325.5","400.4","-999.0","-999.0","-999.0","-999.0","-999.0","-999.0"
"TWANOH_123W_47N","47.375","-123.008","06/14/2014","00:17","293.7","2","3.46","400.3","2","3.08","1014.5","18.6","105.67","-999.000","-999.000","294.7","401.5","-999.0","-999.0","-999.0","-999.0","-999.0","-999.0"
"TWANOH_123W_47N","47.375","-123.008","06/14/2014","03:17","280.1","2","3.23","403.1","2","3.01","1015.7","17.9","106.40","-999.000","-999.000","281.0","404.3","-999.0","-999.0","-999.0","-999.0","-999.0","-999.0"
"TWANOH_123W_47N","47.375","-123.008","06/14/2014","06:17","305.0","2","2.90","409.2","2","2.73","1017.7","16.2","106.37","-999.000","-999.000","305.9","410.3","-999.0","-999.0","-999.0","-999.0","-999.0","-999.0"
"TWANOH_123W_47N","47.375","-123.008","06/14/2014","09:17","298.3","2","2.82","414.1","2","2.68","1017.8","15.6","106.21","-999.000","-999.000","299.1","415.2","-999.0","-999.0","-999.0","-999.0","-999.0","-999.0"
"TWANOH_123W_47N","47.375","-123.008","06/14/2014","12:17","289.5","2","2.75","416.3","2","2.62","1017.7","15.2","106.26","-999.000","-999.000","290.3","417.4","-999.0","-999.0","-999.0","-999.0","-999.0","-999.0"
"TWANOH_123W_47N","47.375","-123.008","06/14/2014","15:17","293.0","2","2.94","417.7","2","2.77","1018.1","14.8","105.78","-999.000","-999.000","293.9","418.8","-999.0","-999.0","-999.0","-999.0","-999.0","-999.0"
"TWANOH_123W_47N","47.375","-123.008","06/14/2014","18:17","304.4","2","3.18","412.0","2","2.97","1018.2","15.9","105.43","-999.000","-999.000","305.3","413.2","-999.0","-999.0","-999.0","-999.0","-999.0","-999.0"
"TWANOH_123W_47N","47.375","-123.008","06/14/2014","21:17","301.2","2","3.51","398.0","2","3.23","1017.3","17.9","105.15","-999.000","-999.000","302.3","399.3","-999.0","-999.0","-999.0","-999.0","-999.0","-999.0"
"TWANOH_123W_47N","47.375","-123.008","06/15/2014","00:17","287.1","2","3.46","398.8","2","3.24","1016.3","18.9","105.18","-999.000","-999.000","288.1","400.1","-999.0","-999.0","-999.0","-999.0","-999.0","-999.0"
"TWANOH_123W_47N","47.375","-123.008","06/15/2014","03:17","275.7","2","3.39","408.1","2","3.20","1015.4","18.2","105.41","-999.000","-999.000","276.6","409.4","-999.0","-999.0","-999.0","-999.0","-999.0","-999.0"
"TWANOH_123W_47N","47.375","-123.008","06/15/2014","06:17","301.6","2","3.14","411.0","2","2.96","1014.6","17.3","104.68","-999.000","-999.000","302.6","412.2","-999.0","-999.0","-999.0","-999.0","-999.0","-999.0"
"TWANOH_123W_47N","47.375","-123.008","06/15/2014","09:17","310.3","2","3.00","417.1","2","2.84","1013.1","16.4","104.24","-999.000","-999.000","311.3","418.2","-999.0","-999.0","-999.0","-999.0","-999.0","-999.0"
"TWANOH_123W_47N","47.375","-123.008","06/15/2014","12:17","304.3","2","2.90","420.4","2","2.76","1011.9","15.7","103.98","-999.000","-999.000","305.1","421.6","-999.0","-999.0","-999.0","-999.0","-999.0","-999.0"
"TWANOH_123W_47N","47.375","-123.008","06/15/2014","15:17","303.6","2","3.24","415.3","2","3.08","1011.4","15.4","103.67","-999.000","-999.000","304.6","416.5","-999.0","-999.0","-999.0","-999.0","-999.0","-999.0"
"TWANOH_123W_47N","47.375","-123.008","06/15/2014","18:17","311.3","2","3.45","406.2","2","3.31","1010.5","16.0","103.66","-999.000","-999.000","312.4","407.6","-999.0","-999.0","-999.0","-999.0","-999.0","-999.0"
"TWANOH_123W_47N","47.375","-123.008","06/15/2014","21:17","302.0","2","3.63","399.1","2","3.25","1009.3","16.8","103.76","-999.000","-999.000","303.1","400.4","-999.0","-999.0","-999.0","-999.0","-999.0","-999.0"
"TWANOH_123W_47N","47.375","-123.008","06/16/2014","00:17","295.7","2","3.51","395.9","2","3.22","1008.9","17.4","104.17","-999.000","-999.000","296.8","397.1","-999.0","-999.0","-999.0","-999.0","-999.0","-999.0"
"TWANOH_123W_47N","47.375","-123.008","06/16/2014","03:17","286.2","2","3.06","402.7","2","2.88","1009.2","17.4","104.43","-999.000","-999.000","287.1","403.8","-999.0","-999.0","-999.0","-999.0","-999.0","-999.0"
"TWANOH_123W_47N","47.375","-123.008","06/16/2014","06:17","391.8","2","2.69","410.0","2","2.57","1010.6","16.1","103.49","-999.000","-999.000","392.9","411.0","-999.0","-999.0","-999.0","-999.0","-999.0","-999.0"
"TWANOH_123W_47N","47.375","-123.008","06/16/2014","09:17","415.9","2","2.57","410.4","2","2.45","1010.8","14.9","102.85","-999.000","-999.000","417.0","411.4","-999.0","-999.0","-999.0","-999.0","-999.0","-999.0"
"TWANOH_123W_47N","47.375","-123.008","06/16/2014","12:17","474.5","2","2.44","421.2","2","2.33","1010.6","13.9","102.31","-999.000","-999.000","475.7","422.2","-999.0","-999.0","-999.0","-999.0","-999.0","-999.0"
"TWANOH_123W_47N","47.375","-123.008","06/16/2014","15:17","543.2","2","2.80","420.9","2","2.68","1010.8","13.5","101.79","-999.000","-999.000","544.7","422.1","-999.0","-999.0","-999.0","-999.0","-999.0","-999.0"
"TWANOH_123W_47N","47.375","-123.008","06/16/2014","18:17","631.9","2","2.88","409.6","2","2.67","1011.4","14.6","101.39","-999.000","-999.000","633.7","410.7","-999.0","-999.0","-999.0","-999.0","-999.0","-999.0"
"TWANOH_123W_47N","47.375","-123.008","06/16/2014","21:17","671.4","2","3.19","401.5","2","2.98","1011.8","16.6","101.00","-999.000","-999.000","673.5","402.7","-999.0","-999.0","-999.0","-999.0","-999.0","-999.0"
"TWANOH_123W_47N","47.375","-123.008","06/17/2014","00:17","698.8","2","3.68","405.6","2","3.55","1012.0","17.4","100.70","-999.000","-999.000","701.4","407.1","-999.0","-999.0","-999.0","-999.0","-999.0","-999.0"
"TWANOH_123W_47N","47.375","-123.008","06/17/2014","03:17","330.1","2","3.44","399.9","2","3.12","1012.4","18.2","101.34","-999.000","-999.000","331.3","401.1","-999.0","-999.0","-999.0","-999.0","-999.0","-999.0"
"TWANOH_123W_47N","47.375","-123.008","06/17/2014","06:17","375.9","2","2.85","409.2","2","2.68","1013.8","16.9","101.02","-999.000","-999.000","377.0","410.3","-999.0","-999.0","-999.0","-999.0","-999.0","-999.0"
"TWANOH_123W_47N","47.375","-123.008","06/17/2014","09:17","443.2","2","2.69","416.8","2","2.57","1014.8","15.6","100.74","-999.000","-999.000","444.4","417.9","-999.0","-999.0","-999.0","-999.0","-999.0","-999.0"
"TWANOH_123W_47N","47.375","-123.008","06/17/2014","12:17","494.3","2","2.70","421.5","2","2.57","1016.5","14.8","100.45","-999.000","-999.000","495.6","422.6","-999.0","-999.0","-999.0","-999.0","-999.0","-999.0"
"TWANOH_123W_47N","47.375","-123.008","06/17/2014","15:17","546.6","2","2.77","416.7","2","2.64","1017.3","14.5","100.22","-999.000","-999.000","548.1","417.8","-999.0","-999.0","-999.0","-999.0","-999.0","-999.0"
"TWANOH_123W_47N","47.375","-123.008","06/17/2014","18:17","617.6","2","3.27","407.9","2","3.09","1018.3","15.3","100.06","-999.000","-999.000","619.6","409.2","-999.0","-999.0","-999.0","-999.0","-999.0","-999.0"
"TWANOH_123W_47N","47.375","-123.008","06/17/2014","21:17","698.1","2","3.57","396.0","2","3.26","1018.3","17.8","99.74","-999.000","-999.000","700.6","397.3","-999.0","-999.0","-999.0","-999.0","-999.0","-999.0"
"TWANOH_123W_47N","47.375","-123.008","06/18/2014","00:17","753.5","2","3.58","396.9","2","3.32","1018.6","18.0","99.49","-999.000","-999.000","756.2","398.3","-999.0","-999.0","-999.0","-999.0","-999.0","-999.0"
"TWANOH_123W_47N","47.375","-123.008","06/18/2014","03:17","375.6","2","3.33","400.4","2","3.09","1018.3","17.8","100.23","-999.000","-999.000","376.9","401.6","-999.0","-999.0","-999.0","-999.0","-999.0","-999.0"
"TWANOH_123W_47N","47.375","-123.008","06/18/2014","06:17","306.0","2","3.04","409.9","2","2.87","1018.4","17.0","101.06","-999.000","-999.000","306.9","411.1","-999.0","-999.0","-999.0","-999.0","-999.0","-999.0"
"TWANOH_123W_47N","47.375","-123.008","06/18/2014","09:17","485.2","2","2.84","415.2","2","2.70","1018.6","15.9","100.67","-999.000","-999.000","486.6","416.3","-999.0","-999.0","-999.0","-999.0","-999.0","-999.0"
"TWANOH_123W_47N","47.375","-123.008","06/18/2014","12:17","574.7","2","2.76","418.8","2","2.62","1018.4","15.1","100.40","-999.000","-999.000","576.3","419.9","-999.0","-999.0","-999.0","-999.0","-999.0","-999.0"
"TWANOH_123W_47N","47.375","-123.008","06/18/2014","15:17","638.0","2","2.76","416.4","2","2.65","1018.5","14.8","100.18","-999.000","-999.000","639.8","417.5","-999.0","-999.0","-999.0","-999.0","-999.0","-999.0"
"TWANOH_123W_47N","47.375","-123.008","06/18/2014","18:17","702.7","2","3.20","401.3","2","2.98","1017.9","15.2","99.95","-999.000","-999.000","705.0","402.5","-999.0","-999.0","-999.0","-999.0","-999.0","-999.0"
"TWANOH_123W_47N","47.375","-123.008","06/18/2014","21:17","783.2","2","3.46","396.8","2","3.28","1017.8","16.5","99.82","-999.000","-999.000","785.9","398.1","-999.0","-999.0","-999.0","-999.0","-999.0","-999.0"
"TWANOH_123W_47N","47.375","-123.008","06/19/2014","00:17","871.8","2","3.89","394.1","2","3.67","1016.3","19.1","99.60","-999.000","-999.000","875.2","395.6","-999.0","-999.0","-999.0","-999.0","-999.0","-999.0"
"TWANOH_123W_47N","47.375","-123.008","06/19/2014","03:17","747.2","2","3.89","398.3","2","3.52","1015.5","20.9","99.43","-999.000","-999.000","750.1","399.8","-999.0","-999.0","-999.0","-999.0","-999.0","-999.0"
"TWANOH_123W_47N","47.375","-123.008","06/19/2014","06:17","310.0","2","3.44","411.1","2","3.19","1015.5","19.2","100.62","-999.000","-999.000","311.1","412.4","-999.0","-999.0","-999.0","-999.0","-999.0","-999.0"
"TWANOH_123W_47N","47.375","-123.008","06/19/2014","09:17","425.9","2","3.22","418.6","2","3.03","1015.0","17.5","100.36","-999.000","-999.000","427.2","419.9","-999.0","-999.0","-999.0","-999.0","-999.0","-999.0"
"TWANOH_123W_47N","47.375","-123.008","06/19/2014","12:17","464.2","2","3.13","427.7","2","2.95","1015.3","16.5","100.22","-999.000","-999.000","465.7","429.0","-999.0","-999.0","-999.0","-999.0","-999.0","-999.0"
"TWANOH_123W_47N","47.375","-123.008","06/19/2014","15:17","509.5","2","3.37","413.8","2","3.19","1015.4","16.2","100.00","-999.000","-999.000","511.3","415.1","-999.0","-999.0","-999.0","-999.0","-999.0","-999.0"
"TWANOH_123W_47N","47.375","-123.008","06/19/2014","18:17","572.2","2","3.70","405.1","2","3.48","1014.5","17.0","99.85","-999.000","-999.000","574.3","406.5","-999.0","-999.0","-999.0","-999.0","-999.0","-999.0"
"TWANOH_123W_47N","47.375","-123.008","06/19/2014","21:17","656.1","2","4.00","400.6","2","3.87","1013.5","18.8","99.69","-999.000","-999.000","658.7","402.1","-999.0","-999.0","-999.0","-999.0","-999.0","-999.0"
"TWANOH_123W_47N","47.375","-123.008","06/20/2014","00:17","725.5","2","3.94","399.4","2","3.45","1013.9","20.8","99.46","-999.000","-999.000","728.4","400.8","-999.0","-999.0","-999.0","-999.0","-999.0","-999.0"
"TWANOH_123W_47N","47.375","-123.008","06/20/2014","03:17","576.7","2","3.68","406.6","2","3.45","1014.2","19.8","99.20","-999.000","-999.000","578.8","408.0","-999.0","-999.0","-999.0","-999.0","-999.0","-999.0"
"TWANOH_123W_47N","47.375","-123.008","06/20/2014","06:17","321.3","2","3.33","409.3","2","3.17","1015.2","18.4","100.62","-999.000","-999.000","322.3","410.6","-999.0","-999.0","-999.0","-999.0","-999.0","-999.0"
"TWANOH_123W_47N","47.375","-123.008","06/20/2014","09:17","381.4","2","2.88","411.7","2","2.75","1015.7","16.8","100.68","-999.000","-999.000","382.5","412.9","-999.0","-999.0","-999.0","-999.0","-999.0","-999.0"
"TWANOH_123W_47N","47.375","-123.008","06/20/2014","12:17","429.8","2","2.70","422.6","2","2.58","1019.2","15.1","100.45","-999.000","-999.000","431.0","423.7","-999.0","-999.0","-999.0","-999.0","-999.0","-999.0"
"TWANOH_123W_47N","47.375","-123.008","06/20/2014","15:17","463.0","2","3.10","424.8","2","2.96","1020.1","14.7","100.33","-999.000","-999.000","464.4","426.1","-999.0","-999.0","-999.0","-999.0","-999.0","-999.0"
"TWANOH_123W_47N","47.375","-123.008","06/20/2014","18:17","505.5","2","3.35","408.5","2","3.25","1020.5","16.0","100.18","-999.000","-999.000","507.2","409.8","-999.0","-999.0","-999.0","-999.0","-999.0","-999.0"
"TWANOH_123W_47N","47.375","-123.008","06/20/2014","21:17","563.5","2","3.42","402.9","2","3.05","1019.9","18.3","99.93","-999.000","-999.000","565.5","404.2","-999.0","-999.0","-999.0","-999.0","-999.0","-999.0"
"TWANOH_123W_47N","47.375","-123.008","06/21/2014","00:17","587.5","2","3.90","400.1","2","3.43","1019.5","19.7","99.76","-999.000","-999.000","589.8","401.5","-999.0","-999.0","-999.0","-999.0","-999.0","-999.0"
"TWANOH_123W_47N","47.375","-123.008","06/21/2014","03:17","558.7","2","3.47","404.8","2","3.15","1019.9","19.2","99.64","-999.000","-999.000","560.6","406.1","-999.0","-999.0","-999.0","-999.0","-999.0","-999.0"
"TWANOH_123W_47N","47.375","-123.008","06/21/2014","06:17","349.0","2","3.19","410.2","2","2.95","1019.7","18.0","100.04","-999.000","-999.000","350.1","411.4","-999.0","-999.0","-999.0","-999.0","-999.0","-999.0"
"TWANOH_123W_47N","47.375","-123.008","06/21/2014","09:17","365.9","2","2.87","423.5","2","2.70","1019.7","16.6","100.04","-999.000","-999.000","367.0","424.6","-999.0","-999.0","-999.0","-999.0","-999.0","-999.0"
"TWANOH_123W_47N","47.375","-123.008","06/21/2014","12:17","426.1","2","2.68","434.2","2","2.54","1020.0","15.5","99.87","-999.000","-999.000","427.3","435.3","-999.0","-999.0","-999.0","-999.0","-999.0","-999.0"
"TWANOH_123W_47N","47.375","-123.008","06/21/2014","15:17","472.7","2","3.15","418.9","2","3.04","1019.6","14.8","99.77","-999.000","-999.000","474.2","420.2","-999.0","-999.0","-999.0","-999.0","-999.0","-999.0"
"TWANOH_123W_47N","47.375","-123.008","06/21/2014","18:17","528.3","2","3.36","409.6","2","3.27","1018.4","15.9","99.73","-999.000","-999.000","530.1","410.9","-999.0","-999.0","-999.0","-999.0","-999.0","-999.0"
"TWANOH_123W_47N","47.375","-123.008","06/21/2014","21:17","613.9","2","3.49","401.5","2","3.35","1016.8","18.7","99.64","-999.000","-999.000","616.1","402.8","-999.0","-999.0","-999.0","-999.0","-999.0","-999.0"
"TWANOH_123W_47N","47.375","-123.008","06/22/2014","00:17","780.0","2","4.34","398.9","2","4.00","1015.5","23.1","99.38","-999.000","-999.000","783.4","400.5","-999.0","-999.0","-999.0","-999.0","-999.0","-999.0"
"TWANOH_123W_47N","47.375","-123.008","06/22/2014","03:17","826.4","2","4.49","403.8","2","3.70","1015.2","24.4","99.08","-999.000","-999.000","830.1","405.3","-999.0","-999.0","-999.0","-999.0","-999.0","-999.0"
"TWANOH_123W_47N","47.375","-123.008","06/22/2014","06:17","469.9","2","3.69","419.2","2","3.26","1016.4","21.5","99.27","-999.000","-999.000","471.7","420.6","-999.0","-999.0","-999.0","-999.0","-999.0","-999.0"
"TWANOH_123W_47N","47.375","-123.008","06/22/2014","09:17","350.6","2","3.24","433.9","2","2.98","1017.0","18.9","99.78","-999.000","-999.000","351.8","435.2","-999.0","-999.0","-999.0","-999.0","-999.0","-999.0"
"TWANOH_123W_47N","47.375","-123.008","06/22/2014","12:17","451.8","2","2.94","458.5","2","2.75","1017.8","17.1","99.65","-999.000","-999.000","453.2","459.8","-999.0","-999.0","-999.0","-999.0","-999.0","-999.0"
"TWANOH_123W_47N","47.375","-123.008","06/22/2014","15:17","507.3","2","3.56","442.6","2","3.34","1019.0","16.3","99.50","-999.000","-999.000","509.1","444.1","-999.0","-999.0","-999.0","-999.0","-999.0","-999.0"
"TWANOH_123W_47N","47.375","-123.008","06/22/2014","18:17","602.6","2","3.78","416.4","2","3.67","1018.2","17.7","99.49","-999.000","-999.000","604.9","418.0","-999.0","-999.0","-999.0","-999.0","-999.0","-999.0"
"TWANOH_123W_47N","47.375","-123.008","06/22/2014","21:17","700.2","2","4.16","403.1","2","4.00","1016.4","20.8","99.22","-999.000","-999.000","703.1","404.7","-999.0","-999.0","-999.0","-999.0","-999.0","-999.0"
"TWANOH_123W_47N","47.375","-123.008","06/23/2014","00:17","826.5","2","4.73","406.5","2","4.52","1014.4","22.8","99.11","-999.000","-999.000","830.4","408.3","-999.0","-999.0","-999.0","-999.0","-999.0","-999.0"
"TWANOH_123W_47N","47.375","-123.008","06/23/2014","03:17","859.6","2","4.97","397.7","2","4.18","1014.0","24.9","98.88","-999.000","-999.000","863.9","399.4","-999.0","-999.0","-999.0","-999.0","-999.0","-999.0"
"TWANOH_123W_47N","47.375","-123.008","06/23/2014","06:17","835.4","2","4.33","432.8","2","3.89","1014.1","22.9","98.77","-999.000","-999.000","839.0","434.4","-999.0","-999.0","-999.0","-999.0","-999.0","-999.0"
"TWANOH_123W_47N","47.375","-123.008","06/23/2014","09:17","447.3","2","3.84","436.7","2","3.52","1014.3","20.9","99.34","-999.000","-999.000","449.0","438.2","-999.0","-999.0","-999.0","-999.0","-999.0","-999.0"
"TWANOH_123W_47N","47.375","-123.008","06/23/2014","12:17","545.5","2","3.44","455.6","2","3.19","1014.6","19.1","99.24","-999.000","-999.000","547.4","457.1","-999.0","-999.0","-999.0","-999.0","-999.0","-999.0"
"TWANOH_123W_47N","47.375","-123.008","06/23/2014","15:17","614.3","2","3.89","423.5","2","3.56","1015.7","18.1","99.10","-999.000","-999.000","616.7","425.0","-999.0","-999.0","-999.0","-999.0","-999.0","-999.0"
"TWANOH_123W_47N","47.375","-123.008","06/23/2014","18:17","711.4","2","4.22","416.3","2","4.09","1015.5","18.9","99.05","-999.000","-999.000","714.4","418.1","-999.0","-999.0","-999.0","-999.0","-999.0","-999.0"
"TWANOH_123W_47N","47.375","-123.008","06/23/2014","21:17","733.4","2","4.36","391.9","2","3.84","1014.7","21.0","98.69","-999.000","-999.000","736.6","393.4","-999.0","-999.0","-999.0","-999.0","-999.0","-999.0"
"TWANOH_123W_47N","47.375","-123.008","06/24/2014","00:17","370.6","2","4.33","394.7","2","3.85","1014.5","20.8","99.85","-999.000","-999.000","372.2","396.2","-999.0","-999.0","-999.0","-999.0","-999.0","-999.0"
"TWANOH_123W_47N","47.375","-123.008","06/24/2014","03:17","460.6","2","3.67","403.4","2","3.47","1016.6","19.9","99.71","-999.000","-999.000","462.3","404.8","-999.0","-999.0","-999.0","-999.0","-999.0","-999.0"
"TWANOH_123W_47N","47.375","-123.008","06/24/2014","06:17","474.4","2","3.51","416.2","2","3.33","1017.4","18.6","99.63","-999.000","-999.000","476.0","417.6","-999.0","-999.0","-999.0","-999.0","-999.0","-999.0"
"TWANOH_123W_47N","47.375","-123.008","06/24/2014","09:17","336.8","2","3.47","419.2","2","3.30","1017.3","17.9","100.33","-999.000","-999.000","337.9","420.6","-999.0","-999.0","-999.0","-999.0","-999.0","-999.0"
"TWANOH_123W_47N","47.375","-123.008","06/24/2014","12:17","426.0","2","3.44","417.7","2","3.27","1017.6","17.5","100.15","-999.000","-999.000","427.5","419.1","-999.0","-999.0","-999.0","-999.0","-999.0","-999.0"
"TWANOH_123W_47N","47.375","-123.008","06/24/2014","15:17","486.5","2","3.74","407.6","2","3.55","1018.5","17.4","99.96","-999.000","-999.000","488.3","409.1","-999.0","-999.0","-999.0","-999.0","-999.0","-999.0"
"TWANOH_123W_47N","47.375","-123.008","06/24/2014","18:17","558.1","2","4.11","404.3","2","3.97","1018.5","18.3","99.83","-999.000","-999.000","560.4","405.9","-999.0","-999.0","-999.0","-999.0","-999.0","-999.0"
"TWANOH_123W_47N","47.375","-123.008","06/24/2014","21:17","587.8","2","4.16","401.0","2","3.87","1017.8","20.3","99.65","-999.000","-999.000","590.3","402.6","-999.0","-999.0","-999.0","-999.0","-999.0","-999.0"
"TWANOH_123W_47N","47.375","-123.008","06/25/2014","00:17","383.0","2","4.85","400.4","2","4.58","1016.0","22.1","100.59","-999.000","-999.000","384.8","402.3","-999.0","-999.0","-999.0","-999.0","-999.0","-999.0"
"TWANOH_123W_47N","47.375","-123.008","06/25/2014","03:17","498.6","2","4.73","400.6","2","4.15","1015.9","23.1","100.27","-999.000","-999.000","500.9","402.3","-999.0","-999.0","-999.0","-999.0","-999.0","-999.0"
"TWANOH_123W_47N","47.375","-123.008","06/25/2014","06:17","502.6","2","3.98","409.7","2","3.74","1015.8","21.4","100.06","-999.000","-999.000","504.6","411.2","-999.0","-999.0","-999.0","-999.0","-999.0","-999.0"
"TWANOH_123W_47N","47.375","-123.008","06/25/2014","09:17","370.7","2","3.58","421.9","2","3.40","1015.4","19.6","100.47","-999.000","-999.000","372.1","423.4","-999.0","-999.0","-999.0","-999.0","-999.0","-999.0"
"TWANOH_123W_47N","47.375","-123.008","06/25/2014","12:17","413.9","2","3.42","430.0","2","3.27","1015.0","18.4","100.33","-999.000","-999.000","415.3","431.4","-999.0","-999.0","-999.0","-999.0","-999.0","-999.0"
"TWANOH_123W_47N","47.375","-123.008","06/25/2014","15:17","458.9","2","3.64","424.7","2","3.49","1014.4","17.8","100.16","-999.000","-999.000","460.6","426.2","-999.0","-999.0","-999.0","-999.0","-999.0","-999.0"
"TWANOH_123W_47N","47.375","-123.008","06/25/2014","18:17","526.9","2","3.97","416.0","2","3.71","1012.9","18.8","100.00","-999.000","-999.000","529.0","417.5","-999.0","-999.0","-999.0","-999.0","-999.0","-999.0"
"TWANOH_123W_47N","47.375","-123.008","06/25/2014","21:17","617.4","2","4.63","405.3","2","4.48","1010.4","20.9","99.88","-999.000","-999.000","620.3","407.1","-999.0","-999.0","-999.0","-999.0","-999.0","-999.0"
"TWANOH_123W_47N","47.375","-123.008","06/26/2014","00:17","393.0","2","4.81","401.1","2","4.58","1007.6","24.0","100.97","-999.000","-999.000","394.8","403.0","-999.0","-999.0","-999.0","-999.0","-999.0","-999.0"
"TWANOH_123W_47N","47.375","-123.008","06/26/2014","03:17","568.9","2","4.91","404.7","2","4.13","1007.0","25.7","100.48","-999.000","-999.000","571.8","406.4","-999.0","-999.0","-999.0","-999.0","-999.0","-999.0"
"TWANOH_123W_47N","47.375","-123.008","06/26/2014","06:17","616.9","2","4.47","418.8","2","4.08","1007.3","23.6","100.18","-999.000","-999.000","619.6","420.5","-999.0","-999.0","-999.0","-999.0","-999.0","-999.0"
"TWANOH_123W_47N","47.375","-123.008","06/26/2014","09:17","543.2","2","4.16","426.2","2","3.88","1007.3","21.7","99.96","-999.000","-999.000","545.5","427.9","-999.0","-999.0","-999.0","-999.0","-999.0","-999.0"
"TWANOH_123W_47N","47.375","-123.008","06/26/2014","12:17","381.2","2","3.58","422.9","2","3.40","1007.5","19.9","100.46","-999.000","-999.000","382.6","424.3","-999.0","-999.0","-999.0","-999.0","-999.0","-999.0"
"TWANOH_123W_47N","47.375","-123.008","06/26/2014","15:17","472.4","2","3.79","410.9","2","3.54","1008.3","18.6","100.25","-999.000","-999.000","474.2","412.3","-999.0","-999.0","-999.0","-999.0","-999.0","-999.0"
"TWANOH_123W_47N","47.375","-123.008","06/26/2014","18:17","535.5","2","4.20","399.8","2","3.85","1008.5","18.7","100.04","-999.000","-999.000","537.7","401.4","-999.0","-999.0","-999.0","-999.0","-999.0","-999.0"
"TWANOH_123W_47N","47.375","-123.008","06/26/2014","21:17","564.6","2","4.42","396.7","2","3.98","1007.9","19.1","99.84","-999.000","-999.000","567.1","398.2","-999.0","-999.0","-999.0","-999.0","-999.0","-999.0"
"TWANOH_123W_47N","47.375","-123.008","06/27/2014","00:17","318.9","2","4.14","399.5","2","3.69","1007.6","19.7","101.58","-999.000","-999.000","320.2","400.9","-999.0","-999.0","-999.0","-999.0","-999.0","-999.0"
"TWANOH_123W_47N","47.375","-123.008","06/27/2014","03:17","278.3","2","3.69","401.8","2","3.31","1008.1","19.2","103.29","-999.000","-999.000","279.4","403.1","-999.0","-999.0","-999.0","-999.0","-999.0","-999.0"
"TWANOH_123W_47N","47.375","-123.008","06/27/2014","06:17","353.6","2","3.45","408.2","2","3.18","1008.7","18.2","102.80","-999.000","-999.000","354.8","409.5","-999.0","-999.0","-999.0","-999.0","-999.0","-999.0"
"TWANOH_123W_47N","47.375","-123.008","06/27/2014","09:17","386.8","2","3.11","418.0","2","2.95","1007.7","17.2","102.39","-999.000","-999.000","388.0","419.2","-999.0","-999.0","-999.0","-999.0","-999.0","-999.0"
"TWANOH_123W_47N","47.375","-123.008","06/27/2014","12:17","308.9","2","3.04","418.2","2","2.90","1006.1","16.4","102.68","-999.000","-999.000","309.9","419.4","-999.0","-999.0","-999.0","-999.0","-999.0","-999.0"
"TWANOH_123W_47N","47.375","-123.008","06/27/2014","15:17","364.8","2","3.15","416.8","2","3.01","1005.6","16.0","102.25","-999.000","-999.000","366.0","418.1","-999.0","-999.0","-999.0","-999.0","-999.0","-999.0"
"TWANOH_123W_47N","47.375","-123.008","06/27/2014","18:17","437.2","2","3.45","409.1","2","3.37","1006.3","16.5","101.84","-999.000","-999.000","438.7","410.5","-999.0","-999.0","-999.0","-999.0","-999.0","-999.0"
"TWANOH_123W_47N","47.375","-123.008","06/27/2014","21:17","335.7","2","3.70","398.2","2","3.59","1007.6","17.5","102.01","-999.000","-999.000","336.9","399.6","-999.0","-999.0","-999.0","-999.0","-999.0","-999.0"
"TWANOH_123W_47N","47.375","-123.008","06/28/2014","00:17","296.5","2","3.74","398.4","2","3.59","1008.4","18.2","102.86","-999.000","-999.000","297.6","399.8","-999.0","-999.0","-999.0","-999.0","-999.0","-999.0"
"TWANOH_123W_47N","47.375","-123.008","06/28/2014","03:17","270.9","2","3.49","400.9","2","3.28","1009.4","18.3","104.18","-999.000","-999.000","271.8","402.2","-999.0","-999.0","-999.0","-999.0","-999.0","-999.0"
"TWANOH_123W_47N","47.375","-123.008","06/28/2014","06:17","334.6","2","3.24","410.0","2","3.09","1011.0","17.6","103.52","-999.000","-999.000","335.6","411.2","-999.0","-999.0","-999.0","-999.0","-999.0","-999.0"
"TWANOH_123W_47N","47.375","-123.008","06/28/2014","09:17","350.3","2","3.24","415.8","2","3.11","1011.0","17.1","103.06","-999.000","-999.000","351.4","417.1","-999.0","-999.0","-999.0","-999.0","-999.0","-999.0"
"TWANOH_123W_47N","47.375","-123.008","06/28/2014","12:17","297.5","2","3.23","412.1","2","3.10","1011.6","16.7","103.33","-999.000","-999.000","298.4","413.4","-999.0","-999.0","-999.0","-999.0","-999.0","-999.0"
"TWANOH_123W_47N","47.375","-123.008","06/28/2014","15:17","354.8","2","3.45","409.5","2","3.34","1012.6","16.8","102.83","-999.000","-999.000","356.0","410.8","-999.0","-999.0","-999.0","-999.0","-999.0","-999.0"
"TWANOH_123W_47N","47.375","-123.008","06/28/2014","18:17","430.7","2","3.37","402.6","2","3.26","1013.4","17.2","102.31","-999.000","-999.000","432.1","403.9","-999.0","-999.0","-999.0","-999.0","-999.0","-999.0"
"TWANOH_123W_47N","47.375","-123.008","06/28/2014","21:17","424.1","2","3.63","398.0","2","3.45","1013.9","17.6","101.93","-999.000","-999.000","425.6","399.3","-999.0","-999.0","-999.0","-999.0","-999.0","-999.0"
"TWANOH_123W_47N","47.375","-123.008","06/29/2014","00:17","319.5","2","3.86","398.6","2","3.59","1013.9","18.4","102.39","-999.000","-999.000","320.7","400.0","-999.0","-999.0","-999.0","-999.0","-999.0","-999.0"
"TWANOH_123W_47N","47.375","-123.008","06/29/2014","03:17","274.6","2","3.54","401.4","2","3.29","1014.7","18.7","103.46","-999.000","-999.000","275.6","402.8","-999.0","-999.0","-999.0","-999.0","-999.0","-999.0"
"TWANOH_123W_47N","47.375","-123.008","06/29/2014","06:17","310.9","2","3.29","409.9","2","3.11","1015.8","17.8","103.28","-999.000","-999.000","311.9","411.2","-999.0","-999.0","-999.0","-999.0","-999.0","-999.0"
"TWANOH_123W_47N","47.375","-123.008","06/29/2014","09:17","343.2","2","3.15","418.9","2","3.02","1016.6","17.0","102.85","-999.000","-999.000","344.3","420.1","-999.0","-999.0","-999.0","-999.0","-999.0","-999.0"
"TWANOH_123W_47N","47.375","-123.008","06/29/2014","12:17","307.8","2","2.98","423.1","2","2.85","1017.8","16.4","102.82","-999.000","-999.000","308.7","424.3","-999.0","-999.0","-999.0","-999.0","-999.0","-999.0"
"TWANOH_123W_47N","47.375","-123.008","06/29/2014","15:17","355.4","2","3.32","423.8","2","3.17","1019.2","16.0","102.40","-999.000","-999.000","356.6","425.2","-999.0","-999.0","-999.0","-999.0","-999.0","-999.0"
"TWANOH_123W_47N","47.375","-123.008","06/29/2014","18:17","418.4","2","3.64","400.1","2","3.53","1020.5","17.0","101.99","-999.000","-999.000","420.0","401.5","-999.0","-999.0","-999.0","-999.0","-999.0","-999.0"
"TWANOH_123W_47N","47.375","-123.008","06/29/2014","21:17","462.7","2","3.93","399.3","2","3.64","1021.1","18.8","101.60","-999.000","-999.000","464.6","400.7","-999.0","-999.0","-999.0","-999.0","-999.0","-999.0"
"TWANOH_123W_47N","47.375","-123.008","06/30/2014","00:17","435.6","2","4.07","395.0","2","3.72","1021.5","20.2","101.25","-999.000","-999.000","437.4","396.4","-999.0","-999.0","-999.0","-999.0","-999.0","-999.0"
"TWANOH_123W_47N","47.375","-123.008","06/30/2014","03:17","291.8","2","4.07","397.7","2","3.80","1021.7","20.3","102.02","-999.000","-999.000","293.0","399.2","-999.0","-999.0","-999.0","-999.0","-999.0","-999.0"
"TWANOH_123W_47N","47.375","-123.008","06/30/2014","06:17","338.5","2","3.72","410.9","2","3.46","1022.3","19.6","101.71","-999.000","-999.000","339.8","412.4","-999.0","-999.0","-999.0","-999.0","-999.0","-999.0"
"TWANOH_123W_47N","47.375","-123.008","06/30/2014","09:17","377.8","2","3.35","422.9","2","3.16","1023.0","18.3","101.35","-999.000","-999.000","379.0","424.2","-999.0","-999.0","-999.0","-999.0","-999.0","-999.0"
"TWANOH_123W_47N","47.375","-123.008","06/30/2014","12:17","353.7","2","3.11","452.8","2","2.96","1022.5","17.0","101.09","-999.000","-999.000","354.8","454.1","-999.0","-999.0","-999.0","-999.0","-999.0","-999.0"
"TWANOH_123W_47N","47.375","-123.008","06/30/2014","15:17","364.8","2","3.52","418.8","2","3.42","1021.9","16.3","100.91","-999.000","-999.000","366.1","420.3","-999.0","-999.0","-999.0","-999.0","-999.0","-999.0"
"TWANOH_123W_47N","47.375","-123.008","06/30/2014","18:17","438.8","2","3.65","406.6","2","3.39","1021.2","17.0","100.67","-999.000","-999.000","440.5","408.0","-999.0","-999.0","-999.0","-999.0","-999.0","-999.0"
"TWANOH_123W_47N","47.375","-123.008","06/30/2014","21:17","531.2","2","3.94","398.5","2","3.79","1019.4","19.1","100.47","-999.000","-999.000","533.3","400.0","-999.0","-999.0","-999.0","-999.0","-999.0","-999.0"
"TWANOH_123W_47N","47.375","-123.008","07/01/2014","00:17","615.4","2","4.31","398.5","2","3.99","1017.1","23.3","100.15","-999.000","-999.000","618.1","400.1","-999.0","-999.0","-999.0","-999.0","-999.0","-999.0"
"TWANOH_123W_47N","47.375","-123.008","07/01/2014","03:17","325.8","2","5.15","419.2","2","4.52","1015.2","25.0","101.16","-999.000","-999.000","327.5","421.1","-999.0","-999.0","-999.0","-999.0","-999.0","-999.0"
"TWANOH_123W_47N","47.375","-123.008","07/01/2014","06:17","342.4","2","4.08","429.0","2","3.73","1015.1","23.0","101.20","-999.000","-999.000","343.8","430.6","-999.0","-999.0","-999.0","-999.0","-999.0","-999.0"
"TWANOH_123W_47N","47.375","-123.008","07/01/2014","09:17","420.1","2","3.76","441.6","2","3.48","1014.1","20.5","100.82","-999.000","-999.000","421.7","443.1","-999.0","-999.0","-999.0","-999.0","-999.0","-999.0"
"TWANOH_123W_47N","47.375","-123.008","07/01/2014","12:17","421.7","2","3.49","466.0","2","3.30","1013.5","19.1","100.54","-999.000","-999.000","423.2","467.5","-999.0","-999.0","-999.0","-999.0","-999.0","-999.0"
"TWANOH_123W_47N","47.375","-123.008","07/01/2014","15:17","364.9","2","3.96","464.8","2","3.79","1012.4","18.0","100.68","-999.000","-999.000","366.3","466.6","-999.0","-999.0","-999.0","-999.0","-999.0","-999.0"
"TWANOH_123W_47N","47.375","-123.008","07/01/2014","18:17","443.4","2","4.19","428.0","2","3.98","1010.4","18.5","100.49","-999.000","-999.000","445.2","429.7","-999.0","-999.0","-999.0","-999.0","-999.0","-999.0"
"TWANOH_123W_47N","47.375","-123.008","07/01/2014","21:17","533.7","2","4.58","404.0","2","4.40","1008.1","21.1","100.28","-999.000","-999.000","536.2","405.8","-999.0","-999.0","-999.0","-999.0","-999.0","-999.0"
"TWANOH_123W_47N","47.375","-123.008","07/02/2014","00:17","-999.0","4","5.33","-999.0","4","5.02","1005.6","26.5","100.02","-999.000","-999.000","-999.0","-999.0","-999.0","-999.0","-999.0","-999.0","-999.0","-999.0"
"TWANOH_123W_47N","47.375","-123.008","07/02/2014","03:17","361.8","2","5.51","410.0","2","4.91","1004.8","29.0","101.06","-999.000","-999.000","363.8","412.0","-999.0","-999.0","-999.0","-999.0","-999.0","-999.0"
"TWANOH_123W_47N","47.375","-123.008","07/02/2014","06:17","367.6","2","5.58","448.8","2","5.01","1006.3","25.9","101.60","-999.000","-999.000","369.6","451.0","-999.0","-999.0","-999.0","-999.0","-999.0","-999.0"
"TWANOH_123W_47N","47.375","-123.008","07/02/2014","09:17","373.9","2","4.68","423.4","2","4.30","1007.6","23.8","101.59","-999.000","-999.000","375.7","425.2","-999.0","-999.0","-999.0","-999.0","-999.0","-999.0"
"TWANOH_123W_47N","47.375","-123.008","07/02/2014","12:17","353.5","2","4.09","413.6","2","3.83","1010.4","21.6","101.65","-999.000","-999.000","354.9","415.2","-999.0","-999.0","-999.0","-999.0","-999.0","-999.0"
"TWANOH_123W_47N","47.375","-123.008","07/02/2014","15:17","342.4","2","4.17","406.4","2","3.91","1012.1","20.2","101.88","-999.000","-999.000","343.9","408.0","-999.0","-999.0","-999.0","-999.0","-999.0","-999.0"
"TWANOH_123W_47N","47.375","-123.008","07/02/2014","18:17","372.2","2","4.57","396.9","2","4.11","1012.8","19.9","101.71","-999.000","-999.000","373.9","398.6","-999.0","-999.0","-999.0","-999.0","-999.0","-999.0"
"TWANOH_123W_47N","47.375","-123.008","07/02/2014","21:17","450.5","2","5.00","395.0","2","4.55","1012.3","21.2","101.35","-999.000","-999.000","452.8","396.8","-999.0","-999.0","-999.0","-999.0","-999.0","-999.0"
"TWANOH_123W_47N","47.375","-123.008","07/03/2014","00:17","345.1","2","5.27","397.0","2","4.53","1012.3","22.5","101.92","-999.000","-999.000","346.9","398.8","-999.0","-999.0","-999.0","-999.0","-999.0","-999.0"
"TWANOH_123W_47N","47.375","-123.008","07/03/2014","03:17","239.9","2","4.49","398.4","2","3.99","1012.9","22.1","104.28","-999.000","-999.000","241.0","400.0","-999.0","-999.0","-999.0","-999.0","-999.0","-999.0"
"TWANOH_123W_47N","47.375","-123.008","07/03/2014","06:17","235.9","2","3.73","406.2","2","3.43","1014.6","20.4","105.56","-999.000","-999.000","236.8","407.6","-999.0","-999.0","-999.0","-999.0","-999.0","-999.0"
"TWANOH_123W_47N","47.375","-123.008","07/03/2014","09:17","310.0","2","3.32","421.8","2","3.12","1015.5","18.8","104.79","-999.000","-999.000","311.0","423.1","-999.0","-999.0","-999.0","-999.0","-999.0","-999.0"
"TWANOH_123W_47N","47.375","-123.008","07/03/2014","12:17","355.0","2","3.33","433.9","2","3.15","1016.6","17.7","104.09","-999.000","-999.000","356.2","435.2","-999.0","-999.0","-999.0","-999.0","-999.0","-999.0"
"TWANOH_123W_47N","47.375","-123.008","07/03/2014","15:17","347.6","2","3.62","418.8","2","3.42","1017.5","17.4","103.58","-999.000","-999.000","348.9","420.3","-999.0","-999.0","-999.0","-999.0","-999.0","-999.0"
"TWANOH_123W_47N","47.375","-123.008","07/03/2014","18:17","380.0","2","4.03","413.7","2","3.83","1017.8","18.1","103.07","-999.000","-999.000","381.5","415.3","-999.0","-999.0","-999.0","-999.0","-999.0","-999.0"
"TWANOH_123W_47N","47.375","-123.008","07/03/2014","21:17","420.8","2","4.55","395.4","2","4.20","1017.7","20.3","102.52","-999.000","-999.000","422.7","397.0","-999.0","-999.0","-999.0","-999.0","-999.0","-999.0"
"TWANOH_123W_47N","47.375","-123.008","07/04/2014","00:17","411.2","2","4.86","394.5","2","4.22","1016.8","22.1","102.13","-999.000","-999.000","413.2","396.2","-999.0","-999.0","-999.0","-999.0","-999.0","-999.0"
"TWANOH_123W_47N","47.375","-123.008","07/04/2014","03:17","334.8","2","4.21","394.6","2","3.83","1016.8","21.8","102.32","-999.000","-999.000","336.2","396.1","-999.0","-999.0","-999.0","-999.0","-999.0","-999.0"
"TWANOH_123W_47N","47.375","-123.008","07/04/2014","06:17","282.3","2","3.59","407.0","2","3.31","1017.2","20.1","103.37","-999.000","-999.000","283.3","408.4","-999.0","-999.0","-999.0","-999.0","-999.0","-999.0"
"TWANOH_123W_47N","47.375","-123.008","07/04/2014","09:17","334.9","2","3.33","425.7","2","3.13","1017.2","18.5","102.91","-999.000","-999.000","336.1","427.0","-999.0","-999.0","-999.0","-999.0","-999.0","-999.0"
"TWANOH_123W_47N","47.375","-123.008","07/04/2014","12:17","375.7","2","3.11","431.9","2","2.93","1017.3","17.4","102.42","-999.000","-999.000","376.9","433.2","-999.0","-999.0","-999.0","-999.0","-999.0","-999.0"
"TWANOH_123W_47N","47.375","-123.008","07/04/2014","15:17","381.8","2","3.68","432.0","2","3.53","1016.6","16.8","101.99","-999.000","-999.000","383.2","433.5","-999.0","-999.0","-999.0","-999.0","-999.0","-999.0"
"TWANOH_123W_47N","47.375","-123.008","07/04/2014","18:17","369.8","2","3.94","408.2","2","3.83","1015.9","17.9","101.93","-999.000","-999.000","371.2","409.8","-999.0","-999.0","-999.0","-999.0","-999.0","-999.0"
"TWANOH_123W_47N","47.375","-123.008","07/04/2014","21:17","448.5","2","4.09","395.9","2","3.72","1014.8","20.7","101.56","-999.000","-999.000","450.4","397.4","-999.0","-999.0","-999.0","-999.0","-999.0","-999.0"
"TWANOH_123W_47N","47.375","-123.008","07/05/2014","00:17","414.5","2","4.80","389.5","2","4.17","1014.5","23.6","101.29","-999.000","-999.000","416.4","391.1","-999.0","-999.0","-999.0","-999.0","-999.0","-999.0"
"TWANOH_123W_47N","47.375","-123.008","07/05/2014","03:17","345.8","2","4.31","397.9","2","3.90","1015.4","22.7","101.57","-999.000","-999.000","347.3","399.4","-999.0","-999.0","-999.0","-999.0","-999.0","-999.0"
"TWANOH_123W_47N","47.375","-123.008","07/05/2014","06:17","294.0","2","3.85","404.7","2","3.52","1016.2","20.7","102.53","-999.000","-999.000","295.2","406.1","-999.0","-999.0","-999.0","-999.0","-999.0","-999.0"
"TWANOH_123W_47N","47.375","-123.008","07/05/2014","09:17","317.2","2","3.70","417.3","2","3.45","1016.7","19.3","102.57","-999.000","-999.000","318.4","418.8","-999.0","-999.0","-999.0","-999.0","-999.0","-999.0"
"TWANOH_123W_47N","47.375","-123.008","07/05/2014","12:17","352.9","2","3.59","435.7","2","3.37","1017.2","18.7","102.18","-999.000","-999.000","354.2","437.2","-999.0","-999.0","-999.0","-999.0","-999.0","-999.0"
"TWANOH_123W_47N","47.375","-123.008","07/05/2014","15:17","356.5","2","3.90","406.9","2","3.64","1017.9","18.4","101.90","-999.000","-999.000","357.9","408.4","-999.0","-999.0","-999.0","-999.0","-999.0","-999.0"
"TWANOH_123W_47N","47.375","-123.008","07/05/2014","18:17","328.0","2","4.17","398.0","2","3.70","1018.0","19.3","102.15","-999.000","-999.000","329.3","399.4","-999.0","-999.0","-999.0","-999.0","-999.0","-999.0"
"TWANOH_123W_47N","47.375","-123.008","07/05/2014","21:17","314.3","2","4.20","394.0","2","3.71","1019.1","20.4","102.42","-999.000","-999.000","315.6","395.4","-999.0","-999.0","-999.0","-999.0","-999.0","-999.0"
"TWANOH_123W_47N","47.375","-123.008","07/06/2014","00:17","363.7","2","4.85","392.6","2","4.32","1018.6","21.3","102.19","-999.000","-999.000","365.5","394.3","-999.0","-999.0","-999.0","-999.0","-999.0","-999.0"
"TWANOH_123W_47N","47.375","-123.008","07/06/2014","03:17","327.2","2","4.58","392.5","2","4.05","1018.3","22.2","102.31","-999.000","-999.000","328.7","394.1","-999.0","-999.0","-999.0","-999.0","-999.0","-999.0"
"TWANOH_123W_47N","47.375","-123.008","07/06/2014","06:17","276.2","2","4.26","406.5","2","3.88","1018.4","21.4","103.34","-999.000","-999.000","277.4","408.1","-999.0","-999.0","-999.0","-999.0","-999.0","-999.0"
"TWANOH_123W_47N","47.375","-123.008","07/06/2014","09:17","298.1","2","3.99","422.1","2","3.67","1018.7","20.3","103.39","-999.000","-999.000","299.3","423.6","-999.0","-999.0","-999.0","-999.0","-999.0","-999.0"
"TWANOH_123W_47N","47.375","-123.008","07/06/2014","12:17","335.4","2","3.91","425.4","2","3.62","1019.4","19.4","102.98","-999.000","-999.000","336.7","426.9","-999.0","-999.0","-999.0","-999.0","-999.0","-999.0"
"TWANOH_123W_47N","47.375","-123.008","07/06/2014","15:17","355.0","2","4.14","434.7","2","3.81","1020.2","19.3","102.56","-999.000","-999.000","356.5","436.4","-999.0","-999.0","-999.0","-999.0","-999.0","-999.0"
"TWANOH_123W_47N","47.375","-123.008","07/06/2014","18:17","322.7","2","4.59","403.7","2","4.24","1019.0","20.3","102.77","-999.000","-999.000","324.2","405.4","-999.0","-999.0","-999.0","-999.0","-999.0","-999.0"
"TWANOH_123W_47N","47.375","-123.008","07/06/2014","21:17","300.0","2","4.91","400.0","2","4.43","1018.4","22.3","103.49","-999.000","-999.000","301.5","401.7","-999.0","-999.0","-999.0","-999.0","-999.0","-999.0"
"TWANOH_123W_47N","47.375","-123.008","07/07/2014","00:17","297.0","2","5.53","396.5","2","4.91","1017.8","24.1","104.15","-999.000","-999.000","298.6","398.4","-999.0","-999.0","-999.0","-999.0","-999.0","-999.0"
"TWANOH_123W_47N","47.375","-123.008","07/07/2014","03:17","314.1","2","5.67","401.9","2","4.93","1018.0","25.4","104.44","-999.000","-999.000","315.9","403.9","-999.0","-999.0","-999.0","-999.0","-999.0","-999.0"
"TWANOH_123W_47N","47.375","-123.008","07/07/2014","06:17","275.1","2","4.62","428.0","2","4.26","1019.0","23.9","105.13","-999.000","-999.000","276.4","429.8","-999.0","-999.0","-999.0","-999.0","-999.0","-999.0"
"TWANOH_123W_47N","47.375","-123.008","07/07/2014","09:17","282.8","2","4.31","431.5","2","4.01","1018.7","22.0","105.36","-999.000","-999.000","284.0","433.2","-999.0","-999.0","-999.0","-999.0","-999.0","-999.0"
"TWANOH_123W_47N","47.375","-123.008","07/07/2014","12:17","308.1","2","4.03","453.4","2","3.78","1018.8","20.7","104.94","-999.000","-999.000","309.3","455.1","-999.0","-999.0","-999.0","-999.0","-999.0","-999.0"
"TWANOH_123W_47N","47.375","-123.008","07/07/2014","15:17","327.3","2","4.44","454.9","2","4.32","1019.5","19.9","104.46","-999.000","-999.000","328.8","456.9","-999.0","-999.0","-999.0","-999.0","-999.0","-999.0"
"TWANOH_123W_47N","47.375","-123.008","07/07/2014","18:17","328.1","2","4.74","420.9","2","4.43","1018.6","20.8","104.45","-999.000","-999.000","329.6","422.7","-999.0","-999.0","-999.0","-999.0","-999.0","-999.0"
"TWANOH_123W_47N","47.375","-123.008","07/07/2014","21:17","333.9","2","5.15","395.9","2","4.89","1016.7","23.2","104.83","-999.000","-999.000","335.6","397.9","-999.0","-999.0","-999.0","-999.0","-999.0","-999.0"
"TWANOH_123W_47N","47.375","-123.008","07/08/2014","00:17","379.2","2","5.99","396.6","2","5.58","1015.3","27.2","104.64","-999.000","-999.000","381.5","398.8","-999.0","-999.0","-999.0","-999.0","-999.0","-999.0"
"TWANOH_123W_47N","47.375","-123.008","07/08/2014","03:17","385.3","2","6.53","401.5","2","5.77","1015.0","28.8","104.31","-999.000","-999.000","387.9","403.8","-999.0","-999.0","-999.0","-999.0","-999.0","-999.0"
"TWANOH_123W_47N","47.375","-123.008","07/08/2014","06:17","327.7","2","5.50","426.8","2","5.05","1015.7","26.8","104.71","-999.000","-999.000","329.5","428.9","-999.0","-999.0","-999.0","-999.0","-999.0","-999.0"
"TWANOH_123W_47N","47.375","-123.008","07/08/2014","09:17","302.7","2","4.81","421.2","2","4.45","1015.9","24.4","105.22","-999.000","-999.000","304.2","423.0","-999.0","-999.0","-999.0","-999.0","-999.0","-999.0"
"TWANOH_123W_47N","47.375","-123.008","07/08/2014","12:17","337.6","2","4.29","446.2","2","4.02","1016.6","22.4","104.75","-999.000","-999.000","339.0","448.0","-999.0","-999.0","-999.0","-999.0","-999.0","-999.0"
"TWANOH_123W_47N","47.375","-123.008","07/08/2014","15:17","362.7","2","4.65","435.1","2","4.44","1017.2","21.0","104.16","-999.000","-999.000","364.4","437.0","-999.0","-999.0","-999.0","-999.0","-999.0","-999.0"
"TWANOH_123W_47N","47.375","-123.008","07/08/2014","18:17","397.1","2","5.14","417.8","2","4.75","1016.3","21.0","103.56","-999.000","-999.000","399.2","419.8","-999.0","-999.0","-999.0","-999.0","-999.0","-999.0"
"TWANOH_123W_47N","47.375","-123.008","07/08/2014","21:17","380.5","2","5.51","405.0","2","5.33","1014.7","23.4","104.00","-999.000","-999.000","382.6","407.1","-999.0","-999.0","-999.0","-999.0","-999.0","-999.0"
"TWANOH_123W_47N","47.375","-123.008","07/09/2014","00:17","406.7","2","6.52","409.8","2","6.08","1013.2","28.2","104.04","-999.000","-999.000","409.4","412.3","-999.0","-999.0","-999.0","-999.0","-999.0","-999.0"
"TWANOH_123W_47N","47.375","-123.008","07/09/2014","03:17","435.7","2","6.67","396.9","2","5.36","1012.9","30.6","103.63","-999.000","-999.000","438.6","399.0","-999.0","-999.0","-999.0","-999.0","-999.0","-999.0"
"TWANOH_123W_47N","47.375","-123.008","07/09/2014","06:17","361.2","2","5.45","406.2","2","4.76","1014.1","27.3","103.72","-999.000","-999.000","363.2","408.1","-999.0","-999.0","-999.0","-999.0","-999.0","-999.0"
"TWANOH_123W_47N","47.375","-123.008","07/09/2014","09:17","346.0","2","4.28","415.1","2","3.95","1014.5","23.9","104.01","-999.000","-999.000","347.5","416.7","-999.0","-999.0","-999.0","-999.0","-999.0","-999.0"
"TWANOH_123W_47N","47.375","-123.008","07/09/2014","12:17","349.9","2","3.74","420.4","2","3.53","1015.4","20.9","103.69","-999.000","-999.000","351.2","421.9","-999.0","-999.0","-999.0","-999.0","-999.0","-999.0"
"TWANOH_123W_47N","47.375","-123.008","07/09/2014","15:17","390.6","2","3.99","415.6","2","3.72","1016.4","19.4","103.12","-999.000","-999.000","392.2","417.2","-999.0","-999.0","-999.0","-999.0","-999.0","-999.0"
"TWANOH_123W_47N","47.375","-123.008","07/09/2014","18:17","396.8","2","4.48","404.9","2","4.10","1016.0","19.7","102.79","-999.000","-999.000","398.5","406.5","-999.0","-999.0","-999.0","-999.0","-999.0","-999.0"
"TWANOH_123W_47N","47.375","-123.008","07/09/2014","21:17","357.2","2","5.15","394.4","2","4.59","1014.3","21.1","103.14","-999.000","-999.000","359.0","396.2","-999.0","-999.0","-999.0","-999.0","-999.0","-999.0"
"TWANOH_123W_47N","47.375","-123.008","07/10/2014","00:17","321.5","2","5.91","388.5","2","5.71","1012.1","24.1","104.53","-999.000","-999.000","323.4","390.7","-999.0","-999.0","-999.0","-999.0","-999.0","-999.0"
"TWANOH_123W_47N","47.375","-123.008","07/10/2014","03:17","320.6","2","4.61","394.4","2","3.73","1011.9","25.5","104.57","-999.000","-999.000","322.1","395.8","-999.0","-999.0","-999.0","-999.0","-999.0","-999.0"
"TWANOH_123W_47N","47.375","-123.008","07/10/2014","06:17","302.8","2","4.25","403.2","2","3.92","1012.7","23.2","105.03","-999.000","-999.000","304.0","404.8","-999.0","-999.0","-999.0","-999.0","-999.0","-999.0"
"TWANOH_123W_47N","47.375","-123.008","07/10/2014","09:17","280.1","2","3.60","409.9","2","3.41","1013.2","20.6","105.76","-999.000","-999.000","281.1","411.2","-999.0","-999.0","-999.0","-999.0","-999.0","-999.0"
"TWANOH_123W_47N","47.375","-123.008","07/10/2014","12:17","289.2","2","3.41","414.1","2","3.25","1013.8","18.9","105.80","-999.000","-999.000","290.2","415.5","-999.0","-999.0","-999.0","-999.0","-999.0","-999.0"
"TWANOH_123W_47N","47.375","-123.008","07/10/2014","15:17","327.7","2","3.70","414.7","2","3.51","1014.6","18.3","105.14","-999.000","-999.000","329.0","416.2","-999.0","-999.0","-999.0","-999.0","-999.0","-999.0"
"TWANOH_123W_47N","47.375","-123.008","07/10/2014","18:17","363.2","2","4.42","406.4","2","4.03","1013.9","19.2","104.55","-999.000","-999.000","364.8","408.1","-999.0","-999.0","-999.0","-999.0","-999.0","-999.0"
"TWANOH_123W_47N","47.375","-123.008","07/10/2014","21:17","370.8","2","5.13","399.5","2","4.96","1011.7","21.8","104.54","-999.000","-999.000","372.7","401.5","-999.0","-999.0","-999.0","-999.0","-999.0","-999.0"
"TWANOH_123W_47N","47.375","-123.008","07/11/2014","00:17","359.4","2","5.88","419.7","2","5.58","1009.9","26.5","105.15","-999.000","-999.000","361.5","422.0","-999.0","-999.0","-999.0","-999.0","-999.0","-999.0"
"TWANOH_123W_47N","47.375","-123.008","07/11/2014","03:17","358.4","2","5.90","401.7","2","5.16","1010.1","28.7","105.05","-999.000","-999.000","360.5","403.8","-999.0","-999.0","-999.0","-999.0","-999.0","-999.0"
"TWANOH_123W_47N","47.375","-123.008","07/11/2014","06:17","392.2","2","4.94","417.2","2","4.30","1011.3","26.7","104.06","-999.000","-999.000","394.1","419.0","-999.0","-999.0","-999.0","-999.0","-999.0","-999.0"
"TWANOH_123W_47N","47.375","-123.008","07/11/2014","09:17","328.8","2","4.65","438.3","2","4.23","1011.7","24.1","104.11","-999.000","-999.000","330.3","440.2","-999.0","-999.0","-999.0","-999.0","-999.0","-999.0"
"TWANOH_123W_47N","47.375","-123.008","07/11/2014","12:17","325.1","2","4.16","447.1","2","3.85","1012.7","21.9","104.23","-999.000","-999.000","326.5","448.8","-999.0","-999.0","-999.0","-999.0","-999.0","-999.0"
"TWANOH_123W_47N","47.375","-123.008","07/11/2014","15:17","388.0","2","4.92","455.5","2","4.65","1013.7","20.9","103.54","-999.000","-999.000","390.0","457.6","-999.0","-999.0","-999.0","-999.0","-999.0","-999.0"
"TWANOH_123W_47N","47.375","-123.008","07/11/2014","18:17","482.7","2","5.36","414.7","2","5.00","1013.5","21.4","102.90","-999.000","-999.000","485.3","416.8","-999.0","-999.0","-999.0","-999.0","-999.0","-999.0"
"TWANOH_123W_47N","47.375","-123.008","07/11/2014","21:17","412.6","2","5.78","411.8","2","5.51","1012.3","24.2","103.01","-999.000","-999.000","415.0","414.1","-999.0","-999.0","-999.0","-999.0","-999.0","-999.0"
"TWANOH_123W_47N","47.375","-123.008","07/12/2014","00:17","352.3","2","7.01","401.0","2","6.42","1011.1","29.1","104.10","-999.000","-999.000","354.8","403.6","-999.0","-999.0","-999.0","-999.0","-999.0","-999.0"
"TWANOH_123W_47N","47.375","-123.008","07/12/2014","03:17","343.4","2","7.28","414.8","2","5.86","1012.3","30.9","104.53","-999.000","-999.000","345.9","417.2","-999.0","-999.0","-999.0","-999.0","-999.0","-999.0"
"TWANOH_123W_47N","47.375","-123.008","07/12/2014","06:17","385.6","2","6.03","418.2","2","5.23","1014.4","28.2","103.82","-999.000","-999.000","387.9","420.4","-999.0","-999.0","-999.0","-999.0","-999.0","-999.0"
"TWANOH_123W_47N","47.375","-123.008","07/12/2014","09:17","329.6","2","5.06","429.1","2","4.60","1014.9","25.5","104.38","-999.000","-999.000","331.3","431.1","-999.0","-999.0","-999.0","-999.0","-999.0","-999.0"
"TWANOH_123W_47N","47.375","-123.008","07/12/2014","12:17","302.1","2","4.49","448.8","2","4.15","1015.6","23.3","105.03","-999.000","-999.000","303.5","450.7","-999.0","-999.0","-999.0","-999.0","-999.0","-999.0"
"TWANOH_123W_47N","47.375","-123.008","07/12/2014","15:17","362.4","2","5.15","431.7","2","4.74","1017.4","22.0","104.33","-999.000","-999.000","364.3","433.8","-999.0","-999.0","-999.0","-999.0","-999.0","-999.0"
"TWANOH_123W_47N","47.375","-123.008","07/12/2014","18:17","432.2","2","5.64","410.5","2","5.01","1017.9","22.4","103.59","-999.000","-999.000","434.6","412.6","-999.0","-999.0","-999.0","-999.0","-999.0","-999.0"
"TWANOH_123W_47N","47.375","-123.008","07/12/2014","21:17","429.4","2","6.00","402.0","2","5.66","1016.8","24.4","103.29","-999.000","-999.000","432.0","404.3","-999.0","-999.0","-999.0","-999.0","-999.0","-999.0"
"TWANOH_123W_47N","47.375","-123.008","07/13/2014","00:17","345.0","2","7.49","394.5","2","7.02","1015.2","29.1","104.55","-999.000","-999.000","347.6","397.3","-999.0","-999.0","-999.0","-999.0","-999.0","-999.0"
"TWANOH_123W_47N","47.375","-123.008","07/13/2014","03:17","334.4","2","6.83","406.6","2","5.67","1015.3","30.3","105.24","-999.000","-999.000","336.7","408.9","-999.0","-999.0","-999.0","-999.0","-999.0","-999.0"
"TWANOH_123W_47N","47.375","-123.008","07/13/2014","06:17","385.5","2","6.15","420.3","2","5.50","1016.9","28.1","104.29","-999.000","-999.000","387.8","422.6","-999.0","-999.0","-999.0","-999.0","-999.0","-999.0"
"TWANOH_123W_47N","47.375","-123.008","07/13/2014","09:17","359.8","2","5.09","418.9","2","4.64","1017.1","25.7","104.09","-999.000","-999.000","361.6","420.9","-999.0","-999.0","-999.0","-999.0","-999.0","-999.0"
"TWANOH_123W_47N","47.375","-123.008","07/13/2014","12:17","325.3","2","4.25","425.5","2","3.96","1017.9","23.3","104.63","-999.000","-999.000","326.7","427.2","-999.0","-999.0","-999.0","-999.0","-999.0","-999.0"
"TWANOH_123W_47N","47.375","-123.008","07/13/2014","15:17","356.9","2","5.08","427.4","2","4.81","1018.4","21.7","104.12","-999.000","-999.000","358.8","429.4","-999.0","-999.0","-999.0","-999.0","-999.0","-999.0"
"TWANOH_123W_47N","47.375","-123.008","07/13/2014","18:17","442.1","2","5.62","416.2","2","5.10","1017.7","22.0","103.42","-999.000","-999.000","444.6","418.3","-999.0","-999.0","-999.0","-999.0","-999.0","-999.0"
"TWANOH_123W_47N","47.375","-123.008","07/13/2014","21:17","402.2","2","6.13","416.7","2","5.71","1015.5","24.1","103.17","-999.000","-999.000","404.7","419.1","-999.0","-999.0","-999.0","-999.0","-999.0","-999.0"
"TWANOH_123W_47N","47.375","-123.008","07/14/2014","00:17","297.4","2","6.65","389.5","2","5.73","1015.2","26.3","104.76","-999.000","-999.000","299.4","391.7","-999.0","-999.0","-999.0","-999.0","-999.0","-999.0"
"TWANOH_123W_47N","47.375","-123.008","07/14/2014","03:17","273.3","2","6.07","387.0","2","5.37","1015.1","26.3","106.31","-999.000","-999.000","275.0","389.1","-999.0","-999.0","-999.0","-999.0","-999.0","-999.0"
"TWANOH_123W_47N","47.375","-123.008","07/14/2014","06:17","277.1","2","4.74","402.9","2","4.36","1016.8","24.3","106.76","-999.000","-999.000","278.4","404.6","-999.0","-999.0","-999.0","-999.0","-999.0","-999.0"
"TWANOH_123W_47N","47.375","-123.008","07/14/2014","09:17","297.6","2","4.07","422.0","2","3.79","1018.0","22.0","106.53","-999.000","-999.000","298.8","423.6","-999.0","-999.0","-999.0","-999.0","-999.0","-999.0"
"TWANOH_123W_47N","47.375","-123.008","07/14/2014","12:17","259.4","2","3.75","411.1","2","3.59","1018.7","20.6","107.78","-999.000","-999.000","260.3","412.6","-999.0","-999.0","-999.0","-999.0","-999.0","-999.0"
"TWANOH_123W_47N","47.375","-123.008","07/14/2014","15:17","260.6","2","3.84","407.9","2","3.67","1019.2","19.7","108.29","-999.000","-999.000","261.6","409.4","-999.0","-999.0","-999.0","-999.0","-999.0","-999.0"
"TWANOH_123W_47N","47.375","-123.008","07/14/2014","18:17","284.9","2","4.23","401.9","2","3.94","1019.8","19.5","107.71","-999.000","-999.000","286.1","403.5","-999.0","-999.0","-999.0","-999.0","-999.0","-999.0"
"TWANOH_123W_47N","47.375","-123.008","07/14/2014","21:17","334.7","2","5.05","393.0","2","4.87","1018.8","20.7","106.93","-999.000","-999.000","336.4","394.9","-999.0","-999.0","-999.0","-999.0","-999.0","-999.0"
"TWANOH_123W_47N","47.375","-123.008","07/15/2014","00:17","273.0","2","5.89","385.5","2","5.73","1016.7","23.4","107.78","-999.000","-999.000","274.6","387.7","-999.0","-999.0","-999.0","-999.0","-999.0","-999.0"
"TWANOH_123W_47N","47.375","-123.008","07/15/2014","03:17","250.8","2","5.20","382.2","2","4.58","1016.4","24.7","109.14","-999.000","-999.000","252.1","384.0","-999.0","-999.0","-999.0","-999.0","-999.0","-999.0"
"TWANOH_123W_47N","47.375","-123.008","07/15/2014","06:17","360.0","2","4.30","398.7","2","4.02","1017.5","22.9","107.38","-999.000","-999.000","361.5","400.3","-999.0","-999.0","-999.0","-999.0","-999.0","-999.0"
"TWANOH_123W_47N","47.375","-123.008","07/15/2014","09:17","401.6","2","3.82","409.6","2","3.65","1018.0","20.7","106.17","-999.000","-999.000","403.1","411.0","-999.0","-999.0","-999.0","-999.0","-999.0","-999.0"
"TWANOH_123W_47N","47.375","-123.008","07/15/2014","12:17","323.3","2","3.54","416.5","2","3.40","1018.4","19.3","105.68","-999.000","-999.000","324.4","417.9","-999.0","-999.0","-999.0","-999.0","-999.0","-999.0"
"TWANOH_123W_47N","47.375","-123.008","07/15/2014","15:17","286.7","2","3.88","417.8","2","3.69","1018.8","18.5","105.61","-999.000","-999.000","287.8","419.3","-999.0","-999.0","-999.0","-999.0","-999.0","-999.0"
"TWANOH_123W_47N","47.375","-123.008","07/15/2014","18:17","386.8","2","4.63","408.2","2","4.27","1018.2","19.4","104.86","-999.000","-999.000","388.6","410.0","-999.0","-999.0","-999.0","-999.0","-999.0","-999.0"
"TWANOH_123W_47N","47.375","-123.008","07/15/2014","21:17","472.7","2","5.16","397.8","2","4.98","1016.3","22.0","104.19","-999.000","-999.000","475.1","399.8","-999.0","-999.0","-999.0","-999.0","-999.0","-999.0"
"TWANOH_123W_47N","47.375","-123.008","07/16/2014","00:17","369.5","2","5.74","397.9","2","5.41","1013.8","27.4","104.62","-999.000","-999.000","371.7","400.0","-999.0","-999.0","-999.0","-999.0","-999.0","-999.0"
"TWANOH_123W_47N","47.375","-123.008","07/16/2014","03:17","303.6","2","6.14","410.7","2","5.51","1012.8","29.9","105.47","-999.000","-999.000","305.5","413.0","-999.0","-999.0","-999.0","-999.0","-999.0","-999.0"
"TWANOH_123W_47N","47.375","-123.008","07/16/2014","06:17","323.9","2","5.00","402.2","2","4.41","1014.0","27.5","104.86","-999.000","-999.000","325.5","404.0","-999.0","-999.0","-999.0","-999.0","-999.0","-999.0"
"TWANOH_123W_47N","47.375","-123.008","07/16/2014","09:17","359.5","2","4.75","418.3","2","4.33","1014.0","24.5","104.21","-999.000","-999.000","361.3","420.1","-999.0","-999.0","-999.0","-999.0","-999.0","-999.0"
"TWANOH_123W_47N","47.375","-123.008","07/16/2014","12:17","348.1","2","4.00","427.9","2","3.74","1014.7","22.2","103.73","-999.000","-999.000","349.5","429.5","-999.0","-999.0","-999.0","-999.0","-999.0","-999.0"
"TWANOH_123W_47N","47.375","-123.008","07/16/2014","15:17","288.8","2","4.58","430.3","2","4.40","1015.4","20.4","104.33","-999.000","-999.000","290.1","432.2","-999.0","-999.0","-999.0","-999.0","-999.0","-999.0"
"TWANOH_123W_47N","47.375","-123.008","07/16/2014","18:17","311.0","2","5.08","407.5","2","4.66","1014.9","20.7","104.30","-999.000","-999.000","312.6","409.4","-999.0","-999.0","-999.0","-999.0","-999.0","-999.0"
"TWANOH_123W_47N","47.375","-123.008","07/16/2014","21:17","415.6","2","5.61","397.2","2","5.41","1013.6","23.0","103.71","-999.000","-999.000","417.9","399.3","-999.0","-999.0","-999.0","-999.0","-999.0","-999.0"
"TWANOH_123W_47N","47.375","-123.008","07/17/2014","00:17","362.2","2","6.08","387.6","2","5.42","1011.5","26.5","103.60","-999.000","-999.000","364.4","389.7","-999.0","-999.0","-999.0","-999.0","-999.0","-999.0"
"TWANOH_123W_47N","47.375","-123.008","07/17/2014","03:17","261.3","2","5.92","388.6","2","5.12","1011.4","26.5","105.74","-999.000","-999.000","262.8","390.6","-999.0","-999.0","-999.0","-999.0","-999.0","-999.0"
"TWANOH_123W_47N","47.375","-123.008","07/17/2014","06:17","259.0","2","4.00","400.9","2","3.72","1012.8","23.3","106.80","-999.000","-999.000","260.0","402.4","-999.0","-999.0","-999.0","-999.0","-999.0","-999.0"
"TWANOH_123W_47N","47.375","-123.008","07/17/2014","09:17","268.3","2","3.49","404.8","2","3.34","1013.9","20.4","106.98","-999.000","-999.000","269.2","406.1","-999.0","-999.0","-999.0","-999.0","-999.0","-999.0"
"TWANOH_123W_47N","47.375","-123.008","07/17/2014","12:17","289.4","2","3.42","405.3","2","3.27","1014.6","18.9","106.59","-999.000","-999.000","290.4","406.7","-999.0","-999.0","-999.0","-999.0","-999.0","-999.0"
"TWANOH_123W_47N","47.375","-123.008","07/17/2014","15:17","272.7","2","3.52","401.9","2","3.35","1015.2","18.2","106.95","-999.000","-999.000","273.6","403.3","-999.0","-999.0","-999.0","-999.0","-999.0","-999.0"
"TWANOH_123W_47N","47.375","-123.008","07/17/2014","18:17","280.1","2","4.13","392.8","2","3.75","1015.7","18.4","106.80","-999.000","-999.000","281.2","394.3","-999.0","-999.0","-999.0","-999.0","-999.0","-999.0"
"TWANOH_123W_47N","47.375","-123.008","07/17/2014","21:17","296.2","2","4.69","386.6","2","4.54","1014.5","20.6","106.87","-999.000","-999.000","297.6","388.3","-999.0","-999.0","-999.0","-999.0","-999.0","-999.0"
"TWANOH_123W_47N","47.375","-123.008","07/18/2014","00:17","294.3","2","4.91","388.7","2","4.30","1013.5","24.0","106.84","-999.000","-999.000","295.7","390.4","-999.0","-999.0","-999.0","-999.0","-999.0","-999.0"
"TWANOH_123W_47N","47.375","-123.008","07/18/2014","03:17","269.2","2","4.70","389.7","2","4.19","1013.6","23.8","107.73","-999.000","-999.000","270.4","391.4","-999.0","-999.0","-999.0","-999.0","-999.0","-999.0"
"TWANOH_123W_47N","47.375","-123.008","07/18/2014","06:17","250.7","2","3.73","397.9","2","3.45","1015.1","21.3","108.33","-999.000","-999.000","251.6","399.3","-999.0","-999.0","-999.0","-999.0","-999.0","-999.0"
"TWANOH_123W_47N","47.375","-123.008","07/18/2014","09:17","283.9","2","3.37","401.9","2","3.20","1016.4","19.1","107.74","-999.000","-999.000","284.8","403.2","-999.0","-999.0","-999.0","-999.0","-999.0","-999.0"
"TWANOH_123W_47N","47.375","-123.008","07/18/2014","12:17","278.7","2","3.29","404.1","2","3.11","1017.2","18.0","107.20","-999.000","-999.000","279.6","405.4","-999.0","-999.0","-999.0","-999.0","-999.0","-999.0"
"TWANOH_123W_47N","47.375","-123.008","07/18/2014","15:17","280.7","2","3.30","402.1","2","3.15","1017.9","17.3","106.83","-999.000","-999.000","281.6","403.3","-999.0","-999.0","-999.0","-999.0","-999.0","-999.0"
"TWANOH_123W_47N","47.375","-123.008","07/18/2014","18:17","272.6","2","3.69","395.4","2","3.42","1018.2","17.5","106.72","-999.000","-999.000","273.6","396.7","-999.0","-999.0","-999.0","-999.0","-999.0","-999.0"
"TWANOH_123W_47N","47.375","-123.008","07/18/2014","21:17","310.0","2","4.33","389.6","2","3.95","1018.3","18.9","106.18","-999.000","-999.000","311.4","391.2","-999.0","-999.0","-999.0","-999.0","-999.0","-999.0"
"TWANOH_123W_47N","47.375","-123.008","07/19/2014","00:17","335.9","2","5.16","385.2","2","4.95","1016.4","23.1","105.74","-999.000","-999.000","337.6","387.1","-999.0","-999.0","-999.0","-999.0","-999.0","-999.0"
"TWANOH_123W_47N","47.375","-123.008","07/19/2014","03:17","289.0","2","4.52","388.1","2","3.95","1015.9","24.4","105.79","-999.000","-999.000","290.3","389.6","-999.0","-999.0","-999.0","-999.0","-999.0","-999.0"
"TWANOH_123W_47N","47.375","-123.008","07/19/2014","06:17","263.7","2","3.98","400.1","2","3.75","1016.4","22.3","106.22","-999.000","-999.000","264.7","401.7","-999.0","-999.0","-999.0","-999.0","-999.0","-999.0"
"TWANOH_123W_47N","47.375","-123.008","07/19/2014","09:17","284.3","2","3.88","407.9","2","3.65","1016.5","20.2","105.68","-999.000","-999.000","285.4","409.4","-999.0","-999.0","-999.0","-999.0","-999.0","-999.0"
"TWANOH_123W_47N","47.375","-123.008","07/19/2014","12:17","309.5","2","3.88","408.1","2","3.69","1017.0","19.4","105.05","-999.000","-999.000","310.7","409.6","-999.0","-999.0","-999.0","-999.0","-999.0","-999.0"
"TWANOH_123W_47N","47.375","-123.008","07/19/2014","15:17","302.2","2","3.96","403.2","2","3.78","1016.0","19.1","104.70","-999.000","-999.000","303.4","404.8","-999.0","-999.0","-999.0","-999.0","-999.0","-999.0"
"TWANOH_123W_47N","47.375","-123.008","07/19/2014","18:17","269.2","2","4.41","395.2","2","4.14","1014.3","19.3","105.96","-999.000","-999.000","270.4","396.9","-999.0","-999.0","-999.0","-999.0","-999.0","-999.0"
"TWANOH_123W_47N","47.375","-123.008","07/19/2014","21:17","258.3","2","4.17","394.4","2","3.95","1013.5","19.6","107.98","-999.000","-999.000","259.4","396.0","-999.0","-999.0","-999.0","-999.0","-999.0","-999.0"
"TWANOH_123W_47N","47.375","-123.008","07/20/2014","00:17","356.4","2","4.13","396.1","2","3.93","1013.5","19.4","107.44","-999.000","-999.000","357.9","397.7","-999.0","-999.0","-999.0","-999.0","-999.0","-999.0"
"TWANOH_123W_47N","47.375","-123.008","07/20/2014","03:17","345.5","2","3.77","397.2","2","3.63","1011.9","19.4","107.21","-999.000","-999.000","346.8","398.6","-999.0","-999.0","-999.0","-999.0","-999.0","-999.0"
"TWANOH_123W_47N","47.375","-123.008","07/20/2014","06:17","395.4","2","3.40","408.5","2","3.28","1011.9","18.5","106.56","-999.000","-999.000","396.7","409.8","-999.0","-999.0","-999.0","-999.0","-999.0","-999.0"
"TWANOH_123W_47N","47.375","-123.008","07/20/2014","09:17","313.1","2","3.40","408.5","2","3.28","1012.1","17.8","106.20","-999.000","-999.000","314.2","409.9","-999.0","-999.0","-999.0","-999.0","-999.0","-999.0"
"TWANOH_123W_47N","47.375","-123.008","07/20/2014","12:17","313.3","2","3.18","410.2","2","3.11","1012.3","17.6","105.74","-999.000","-999.000","314.3","411.5","-999.0","-999.0","-999.0","-999.0","-999.0","-999.0"
"TWANOH_123W_47N","47.375","-123.008","07/20/2014","15:17","320.0","2","3.25","409.7","2","3.16","1013.3","17.1","105.11","-999.000","-999.000","321.0","411.0","-999.0","-999.0","-999.0","-999.0","-999.0","-999.0"
"TWANOH_123W_47N","47.375","-123.008","07/20/2014","18:17","323.6","2","3.48","408.0","2","3.36","1013.8","17.1","104.64","-999.000","-999.000","324.7","409.3","-999.0","-999.0","-999.0","-999.0","-999.0","-999.0"
"TWANOH_123W_47N","47.375","-123.008","07/20/2014","21:17","338.5","2","3.84","396.5","2","3.74","1013.4","17.8","104.43","-999.000","-999.000","339.8","398.0","-999.0","-999.0","-999.0","-999.0","-999.0","-999.0"
"TWANOH_123W_47N","47.375","-123.008","07/21/2014","00:17","331.8","2","3.77","390.7","2","3.53","1012.7","19.6","103.97","-999.000","-999.000","333.1","392.1","-999.0","-999.0","-999.0","-999.0","-999.0","-999.0"
"TWANOH_123W_47N","47.375","-123.008","07/21/2014","03:17","323.2","2","3.60","397.9","2","3.39","1013.2","19.6","103.60","-999.000","-999.000","324.3","399.3","-999.0","-999.0","-999.0","-999.0","-999.0","-999.0"
"TWANOH_123W_47N","47.375","-123.008","07/21/2014","06:17","331.4","2","3.45","406.9","2","3.28","1013.8","18.6","103.21","-999.000","-999.000","332.6","408.3","-999.0","-999.0","-999.0","-999.0","-999.0","-999.0"
"TWANOH_123W_47N","47.375","-123.008","07/21/2014","09:17","322.9","2","3.22","406.5","2","3.10","1014.7","17.8","102.95","-999.000","-999.000","324.0","407.7","-999.0","-999.0","-999.0","-999.0","-999.0","-999.0"
"TWANOH_123W_47N","47.375","-123.008","07/21/2014","12:17","323.0","2","3.28","409.1","2","3.13","1015.4","17.1","102.67","-999.000","-999.000","324.1","410.4","-999.0","-999.0","-999.0","-999.0","-999.0","-999.0"
"TWANOH_123W_47N","47.375","-123.008","07/21/2014","15:17","336.6","2","3.29","410.1","2","3.16","1016.5","16.7","102.29","-999.000","-999.000","337.7","411.4","-999.0","-999.0","-999.0","-999.0","-999.0","-999.0"
"TWANOH_123W_47N","47.375","-123.008","07/21/2014","18:17","338.3","2","3.65","404.5","2","3.43","1016.4","17.5","102.41","-999.000","-999.000","339.5","405.9","-999.0","-999.0","-999.0","-999.0","-999.0","-999.0"
"TWANOH_123W_47N","47.375","-123.008","07/21/2014","21:17","333.7","2","4.16","394.9","2","4.03","1015.7","19.1","102.86","-999.000","-999.000","335.1","396.5","-999.0","-999.0","-999.0","-999.0","-999.0","-999.0"
"TWANOH_123W_47N","47.375","-123.008","07/22/2014","00:17","334.1","2","4.42","391.6","2","4.17","1013.8","21.5","103.47","-999.000","-999.000","335.5","393.3","-999.0","-999.0","-999.0","-999.0","-999.0","-999.0"
"TWANOH_123W_47N","47.375","-123.008","07/22/2014","03:17","313.8","2","4.33","390.1","2","3.75","1013.6","23.4","104.02","-999.000","-999.000","315.1","391.6","-999.0","-999.0","-999.0","-999.0","-999.0","-999.0"
"TWANOH_123W_47N","47.375","-123.008","07/22/2014","06:17","338.9","2","3.77","400.4","2","3.47","1014.5","21.1","103.60","-999.000","-999.000","340.2","401.8","-999.0","-999.0","-999.0","-999.0","-999.0","-999.0"
"TWANOH_123W_47N","47.375","-123.008","07/22/2014","09:17","387.2","2","3.45","416.1","2","3.22","1014.9","19.0","102.87","-999.000","-999.000","388.5","417.5","-999.0","-999.0","-999.0","-999.0","-999.0","-999.0"
"TWANOH_123W_47N","47.375","-123.008","07/22/2014","12:17","332.1","2","3.22","423.4","2","3.03","1015.3","17.6","102.91","-999.000","-999.000","333.1","424.7","-999.0","-999.0","-999.0","-999.0","-999.0","-999.0"
"TWANOH_123W_47N","47.375","-123.008","07/22/2014","15:17","330.9","2","3.42","429.5","2","3.20","1016.6","17.0","102.86","-999.000","-999.000","332.0","430.9","-999.0","-999.0","-999.0","-999.0","-999.0","-999.0"
"TWANOH_123W_47N","47.375","-123.008","07/22/2014","18:17","330.1","2","3.57","426.4","2","3.35","1017.2","17.2","103.09","-999.000","-999.000","331.3","427.8","-999.0","-999.0","-999.0","-999.0","-999.0","-999.0"
"TWANOH_123W_47N","47.375","-123.008","07/22/2014","21:17","322.3","2","3.92","414.5","2","3.66","1017.2","17.9","104.09","-999.000","-999.000","323.6","416.1","-999.0","-999.0","-999.0","-999.0","-999.0","-999.0"
"TWANOH_123W_47N","47.375","-123.008","07/23/2014","00:17","331.4","2","4.14","394.0","2","3.81","1015.5","20.6","104.14","-999.000","-999.000","332.7","395.5","-999.0","-999.0","-999.0","-999.0","-999.0","-999.0"
"TWANOH_123W_47N","47.375","-123.008","07/23/2014","03:17","337.3","2","4.44","400.5","2","4.09","1014.5","22.1","103.83","-999.000","-999.000","338.8","402.1","-999.0","-999.0","-999.0","-999.0","-999.0","-999.0"
"TWANOH_123W_47N","47.375","-123.008","07/23/2014","06:17","341.2","2","3.86","415.6","2","3.60","1015.1","20.7","103.33","-999.000","-999.000","342.5","417.1","-999.0","-999.0","-999.0","-999.0","-999.0","-999.0"
"TWANOH_123W_47N","47.375","-123.008","07/23/2014","09:17","340.2","2","3.79","421.0","2","3.57","1014.3","19.4","102.91","-999.000","-999.000","341.5","422.5","-999.0","-999.0","-999.0","-999.0","-999.0","-999.0"
"TWANOH_123W_47N","47.375","-123.008","07/23/2014","12:17","346.2","2","3.64","422.2","2","3.47","1013.9","18.8","102.58","-999.000","-999.000","347.4","423.7","-999.0","-999.0","-999.0","-999.0","-999.0","-999.0"
"TWANOH_123W_47N","47.375","-123.008","07/23/2014","15:17","349.3","2","3.56","403.5","2","3.41","1014.6","18.2","102.29","-999.000","-999.000","350.5","404.9","-999.0","-999.0","-999.0","-999.0","-999.0","-999.0"
"TWANOH_123W_47N","47.375","-123.008","07/23/2014","18:17","343.7","2","3.53","397.6","2","3.41","1014.7","18.0","102.31","-999.000","-999.000","344.9","399.0","-999.0","-999.0","-999.0","-999.0","-999.0","-999.0"
"TWANOH_123W_47N","47.375","-123.008","07/23/2014","21:17","333.9","2","3.77","392.0","2","3.54","1015.2","18.0","103.12","-999.000","-999.000","335.2","393.3","-999.0","-999.0","-999.0","-999.0","-999.0","-999.0"
"TWANOH_123W_47N","47.375","-123.008","07/24/2014","00:17","351.0","2","4.06","390.7","2","3.67","1015.2","18.2","104.02","-999.000","-999.000","352.4","392.2","-999.0","-999.0","-999.0","-999.0","-999.0","-999.0"
"TWANOH_123W_47N","47.375","-123.008","07/24/2014","03:17","336.9","2","3.50","393.7","2","3.23","1015.9","19.1","104.65","-999.000","-999.000","338.1","395.0","-999.0","-999.0","-999.0","-999.0","-999.0","-999.0"
"TWANOH_123W_47N","47.375","-123.008","07/24/2014","06:17","345.8","2","3.10","403.6","2","2.95","1016.9","17.9","104.86","-999.000","-999.000","346.9","404.8","-999.0","-999.0","-999.0","-999.0","-999.0","-999.0"
"TWANOH_123W_47N","47.375","-123.008","07/24/2014","09:17","347.6","2","3.12","407.6","2","2.98","1016.1","16.9","104.96","-999.000","-999.000","348.7","408.8","-999.0","-999.0","-999.0","-999.0","-999.0","-999.0"
"TWANOH_123W_47N","47.375","-123.008","07/24/2014","12:17","337.1","2","3.03","411.7","2","2.89","1017.6","16.3","105.03","-999.000","-999.000","338.1","412.9","-999.0","-999.0","-999.0","-999.0","-999.0","-999.0"
"TWANOH_123W_47N","47.375","-123.008","07/24/2014","15:17","325.6","2","3.14","411.4","2","3.01","1018.6","16.0","105.01","-999.000","-999.000","326.6","412.7","-999.0","-999.0","-999.0","-999.0","-999.0","-999.0"
"TWANOH_123W_47N","47.375","-123.008","07/24/2014","18:17","339.4","2","3.59","397.1","2","3.42","1019.7","16.5","105.22","-999.000","-999.000","340.6","398.5","-999.0","-999.0","-999.0","-999.0","-999.0","-999.0"
"TWANOH_123W_47N","47.375","-123.008","07/24/2014","21:17","366.2","2","3.80","390.2","2","3.70","1020.3","17.6","105.28","-999.000","-999.000","367.6","391.6","-999.0","-999.0","-999.0","-999.0","-999.0","-999.0"
"TWANOH_123W_47N","47.375","-123.008","07/25/2014","00:17","352.8","2","3.93","390.6","2","3.58","1020.5","18.8","105.44","-999.000","-999.000","354.2","392.0","-999.0","-999.0","-999.0","-999.0","-999.0","-999.0"
"TWANOH_123W_47N","47.375","-123.008","07/25/2014","03:17","349.0","2","3.38","393.2","2","3.15","1021.4","19.0","105.17","-999.000","-999.000","350.2","394.5","-999.0","-999.0","-999.0","-999.0","-999.0","-999.0"
"TWANOH_123W_47N","47.375","-123.008","07/25/2014","06:17","335.2","2","3.31","400.0","2","3.09","1021.6","17.9","105.19","-999.000","-999.000","336.3","401.2","-999.0","-999.0","-999.0","-999.0","-999.0","-999.0"
"TWANOH_123W_47N","47.375","-123.008","07/25/2014","09:17","331.6","2","3.21","407.3","2","3.02","1020.9","17.2","105.19","-999.000","-999.000","332.6","408.5","-999.0","-999.0","-999.0","-999.0","-999.0","-999.0"
"TWANOH_123W_47N","47.375","-123.008","07/25/2014","12:17","335.0","2","3.17","403.5","2","3.01","1020.4","16.8","104.84","-999.000","-999.000","336.1","404.7","-999.0","-999.0","-999.0","-999.0","-999.0","-999.0"
"TWANOH_123W_47N","47.375","-123.008","07/25/2014","15:17","339.0","2","3.49","406.5","2","3.32","1020.5","16.7","104.52","-999.000","-999.000","340.2","407.9","-999.0","-999.0","-999.0","-999.0","-999.0","-999.0"
"TWANOH_123W_47N","47.375","-123.008","07/25/2014","18:17","350.6","2","3.61","396.7","2","3.30","1020.3","17.8","104.21","-999.000","-999.000","351.9","398.0","-999.0","-999.0","-999.0","-999.0","-999.0","-999.0"
"TWANOH_123W_47N","47.375","-123.008","07/25/2014","21:17","357.4","2","4.04","392.0","2","3.87","1019.0","20.4","104.20","-999.000","-999.000","358.8","393.6","-999.0","-999.0","-999.0","-999.0","-999.0","-999.0"
"TWANOH_123W_47N","47.375","-123.008","07/26/2014","00:17","381.7","2","4.36","390.4","2","3.99","1017.4","24.4","104.40","-999.000","-999.000","383.4","391.9","-999.0","-999.0","-999.0","-999.0","-999.0","-999.0"
"TWANOH_123W_47N","47.375","-123.008","07/26/2014","03:17","385.1","2","4.76","405.2","2","4.23","1016.8","26.1","104.00","-999.000","-999.000","387.0","406.9","-999.0","-999.0","-999.0","-999.0","-999.0","-999.0"
"TWANOH_123W_47N","47.375","-123.008","07/26/2014","06:17","383.6","2","4.14","408.5","2","3.75","1018.1","23.1","103.55","-999.000","-999.000","385.2","410.1","-999.0","-999.0","-999.0","-999.0","-999.0","-999.0"
"TWANOH_123W_47N","47.375","-123.008","07/26/2014","09:17","375.0","2","3.54","421.2","2","3.29","1018.5","20.4","103.26","-999.000","-999.000","376.3","422.6","-999.0","-999.0","-999.0","-999.0","-999.0","-999.0"
"TWANOH_123W_47N","47.375","-123.008","07/26/2014","12:17","407.6","2","3.29","448.6","2","3.09","1019.4","18.6","102.68","-999.000","-999.000","408.9","450.0","-999.0","-999.0","-999.0","-999.0","-999.0","-999.0"
"TWANOH_123W_47N","47.375","-123.008","07/26/2014","15:17","383.3","2","3.56","448.5","2","3.37","1020.6","17.6","102.48","-999.000","-999.000","384.7","450.0","-999.0","-999.0","-999.0","-999.0","-999.0","-999.0"
"TWANOH_123W_47N","47.375","-123.008","07/26/2014","18:17","427.1","2","3.93","414.2","2","3.73","1020.9","17.7","102.02","-999.000","-999.000","428.7","415.8","-999.0","-999.0","-999.0","-999.0","-999.0","-999.0"
"TWANOH_123W_47N","47.375","-123.008","07/26/2014","21:17","414.4","2","4.14","396.8","2","3.97","1019.2","20.1","102.19","-999.000","-999.000","416.2","398.4","-999.0","-999.0","-999.0","-999.0","-999.0","-999.0"
"TWANOH_123W_47N","47.375","-123.008","07/27/2014","00:17","422.2","2","4.80","395.7","2","4.48","1017.9","24.5","102.65","-999.000","-999.000","424.3","397.4","-999.0","-999.0","-999.0","-999.0","-999.0","-999.0"
"TWANOH_123W_47N","47.375","-123.008","07/27/2014","03:17","368.0","2","4.62","394.8","2","4.10","1018.4","26.3","102.98","-999.000","-999.000","369.7","396.4","-999.0","-999.0","-999.0","-999.0","-999.0","-999.0"
"TWANOH_123W_47N","47.375","-123.008","07/27/2014","06:17","387.9","2","4.27","413.0","2","3.90","1019.6","23.5","103.02","-999.000","-999.000","389.6","414.6","-999.0","-999.0","-999.0","-999.0","-999.0","-999.0"
"TWANOH_123W_47N","47.375","-123.008","07/27/2014","09:17","395.6","2","3.82","427.7","2","3.55","1020.2","21.0","102.98","-999.000","-999.000","397.1","429.3","-999.0","-999.0","-999.0","-999.0","-999.0","-999.0"
"TWANOH_123W_47N","47.375","-123.008","07/27/2014","12:17","392.0","2","3.40","428.7","2","3.20","1020.5","19.3","103.01","-999.000","-999.000","393.3","430.0","-999.0","-999.0","-999.0","-999.0","-999.0","-999.0"
"TWANOH_123W_47N","47.375","-123.008","07/27/2014","15:17","380.4","2","3.89","428.7","2","3.71","1021.3","18.0","103.11","-999.000","-999.000","381.9","430.3","-999.0","-999.0","-999.0","-999.0","-999.0","-999.0"
"TWANOH_123W_47N","47.375","-123.008","07/27/2014","18:17","398.8","2","4.04","410.2","2","3.67","1020.6","18.4","103.15","-999.000","-999.000","400.5","411.7","-999.0","-999.0","-999.0","-999.0","-999.0","-999.0"
"TWANOH_123W_47N","47.375","-123.008","07/27/2014","21:17","415.3","2","4.47","402.2","2","4.28","1018.4","20.3","103.32","-999.000","-999.000","417.2","403.9","-999.0","-999.0","-999.0","-999.0","-999.0","-999.0"
"TWANOH_123W_47N","47.375","-123.008","07/28/2014","00:17","414.2","2","5.09","393.8","2","4.87","1016.8","23.6","103.82","-999.000","-999.000","416.3","395.7","-999.0","-999.0","-999.0","-999.0","-999.0","-999.0"
"TWANOH_123W_47N","47.375","-123.008","07/28/2014","03:17","426.4","2","4.76","411.5","2","4.12","1016.8","26.3","103.75","-999.000","-999.000","428.4","413.2","-999.0","-999.0","-999.0","-999.0","-999.0","-999.0"
"TWANOH_123W_47N","47.375","-123.008","07/28/2014","06:17","410.8","2","4.41","428.7","2","4.04","1017.6","24.2","103.53","-999.000","-999.000","412.7","430.5","-999.0","-999.0","-999.0","-999.0","-999.0","-999.0"
"TWANOH_123W_47N","47.375","-123.008","07/28/2014","09:17","423.9","2","4.08","449.5","2","3.77","1018.2","21.7","103.30","-999.000","-999.000","425.7","451.2","-999.0","-999.0","-999.0","-999.0","-999.0","-999.0"
"TWANOH_123W_47N","47.375","-123.008","07/28/2014","12:17","405.0","2","3.65","472.4","2","3.44","1018.3","20.0","103.41","-999.000","-999.000","406.5","474.0","-999.0","-999.0","-999.0","-999.0","-999.0","-999.0"
"TWANOH_123W_47N","47.375","-123.008","07/28/2014","15:17","392.2","2","4.13","475.4","2","4.03","1019.4","18.9","103.64","-999.000","-999.000","393.9","477.3","-999.0","-999.0","-999.0","-999.0","-999.0","-999.0"
"TWANOH_123W_47N","47.375","-123.008","07/28/2014","18:17","404.8","2","4.35","417.9","2","3.95","1018.6","19.2","103.80","-999.000","-999.000","406.6","419.5","-999.0","-999.0","-999.0","-999.0","-999.0","-999.0"
"TWANOH_123W_47N","47.375","-123.008","07/28/2014","21:17","443.0","2","4.72","406.4","2","4.53","1017.2","21.9","103.93","-999.000","-999.000","445.1","408.2","-999.0","-999.0","-999.0","-999.0","-999.0","-999.0"
"TWANOH_123W_47N","47.375","-123.008","07/29/2014","00:17","430.1","2","5.31","398.2","2","4.86","1015.7","27.4","104.13","-999.000","-999.000","432.4","400.1","-999.0","-999.0","-999.0","-999.0","-999.0","-999.0"
"TWANOH_123W_47N","47.375","-123.008","07/29/2014","03:17","426.7","2","5.83","417.0","2","4.92","1015.7","29.2","104.19","-999.000","-999.000","429.2","419.1","-999.0","-999.0","-999.0","-999.0","-999.0","-999.0"
"TWANOH_123W_47N","47.375","-123.008","07/29/2014","06:17","432.6","2","5.34","421.9","2","4.84","1017.0","26.4","103.96","-999.000","-999.000","434.9","423.9","-999.0","-999.0","-999.0","-999.0","-999.0","-999.0"
"TWANOH_123W_47N","47.375","-123.008","07/29/2014","09:17","456.7","2","4.52","434.5","2","4.19","1017.5","23.6","103.72","-999.000","-999.000","458.7","436.3","-999.0","-999.0","-999.0","-999.0","-999.0","-999.0"
"TWANOH_123W_47N","47.375","-123.008","07/29/2014","12:17","415.3","2","3.80","441.2","2","3.57","1018.6","21.3","103.72","-999.000","-999.000","416.8","442.8","-999.0","-999.0","-999.0","-999.0","-999.0","-999.0"
"TWANOH_123W_47N","47.375","-123.008","07/29/2014","15:17","442.7","2","4.18","444.2","2","4.04","1019.4","19.6","103.46","-999.000","-999.000","444.5","446.0","-999.0","-999.0","-999.0","-999.0","-999.0","-999.0"
"TWANOH_123W_47N","47.375","-123.008","07/29/2014","18:17","445.0","2","4.55","428.9","2","4.15","1019.4","19.7","103.51","-999.000","-999.000","447.1","430.6","-999.0","-999.0","-999.0","-999.0","-999.0","-999.0"
"TWANOH_123W_47N","47.375","-123.008","07/29/2014","21:17","459.6","2","4.99","411.0","2","4.80","1017.8","22.3","103.95","-999.000","-999.000","461.9","413.0","-999.0","-999.0","-999.0","-999.0","-999.0","-999.0"
"TWANOH_123W_47N","47.375","-123.008","07/30/2014","00:17","466.7","2","6.11","398.5","2","5.70","1015.5","27.2","103.96","-999.000","-999.000","469.6","400.8","-999.0","-999.0","-999.0","-999.0","-999.0","-999.0"
"TWANOH_123W_47N","47.375","-123.008","07/30/2014","03:17","382.8","2","5.46","393.7","2","4.45","1015.7","29.1","104.51","-999.000","-999.000","384.9","395.4","-999.0","-999.0","-999.0","-999.0","-999.0","-999.0"
"TWANOH_123W_47N","47.375","-123.008","07/30/2014","06:17","421.7","2","4.89","404.4","2","4.48","1017.6","26.0","104.26","-999.000","-999.000","423.8","406.3","-999.0","-999.0","-999.0","-999.0","-999.0","-999.0"
"TWANOH_123W_47N","47.375","-123.008","07/30/2014","09:17","399.2","2","4.22","411.4","2","3.93","1018.5","23.0","104.28","-999.000","-999.000","400.9","413.0","-999.0","-999.0","-999.0","-999.0","-999.0","-999.0"
"TWANOH_123W_47N","47.375","-123.008","07/30/2014","12:17","402.6","2","3.87","420.1","2","3.66","1019.0","21.0","104.32","-999.000","-999.000","404.2","421.7","-999.0","-999.0","-999.0","-999.0","-999.0","-999.0"
"TWANOH_123W_47N","47.375","-123.008","07/30/2014","15:17","392.0","2","4.16","421.2","2","3.92","1019.9","19.9","104.41","-999.000","-999.000","393.6","422.9","-999.0","-999.0","-999.0","-999.0","-999.0","-999.0"
"TWANOH_123W_47N","47.375","-123.008","07/30/2014","18:17","396.3","2","4.73","411.0","2","4.27","1019.5","20.2","104.69","-999.000","-999.000","398.2","412.7","-999.0","-999.0","-999.0","-999.0","-999.0","-999.0"
"TWANOH_123W_47N","47.375","-123.008","07/30/2014","21:17","462.7","2","5.05","404.5","2","4.78","1018.4","22.4","104.72","-999.000","-999.000","465.0","406.4","-999.0","-999.0","-999.0","-999.0","-999.0","-999.0"
"TWANOH_123W_47N","47.375","-123.008","07/31/2014","00:17","457.6","2","6.14","403.3","2","5.72","1016.4","27.2","104.76","-999.000","-999.000","460.4","405.7","-999.0","-999.0","-999.0","-999.0","-999.0","-999.0"
"TWANOH_123W_47N","47.375","-123.008","07/31/2014","03:17","407.8","2","5.79","410.1","2","4.97","1016.2","28.9","104.94","-999.000","-999.000","410.1","412.2","-999.0","-999.0","-999.0","-999.0","-999.0","-999.0"
"TWANOH_123W_47N","47.375","-123.008","07/31/2014","06:17","430.0","2","5.18","415.3","2","4.67","1017.3","26.2","104.74","-999.000","-999.000","432.2","417.3","-999.0","-999.0","-999.0","-999.0","-999.0","-999.0"
"TWANOH_123W_47N","47.375","-123.008","07/31/2014","09:17","415.7","2","4.65","417.1","2","4.03","1018.2","23.7","104.67","-999.000","-999.000","417.7","418.7","-999.0","-999.0","-999.0","-999.0","-999.0","-999.0"
"TWANOH_123W_47N","47.375","-123.008","07/31/2014","12:17","437.8","2","4.06","428.3","2","3.65","1018.3","21.6","104.40","-999.000","-999.000","439.6","429.8","-999.0","-999.0","-999.0","-999.0","-999.0","-999.0"
"TWANOH_123W_47N","47.375","-123.008","07/31/2014","15:17","429.1","2","4.54","440.3","2","4.24","1018.6","20.2","104.32","-999.000","-999.000","431.0","442.2","-999.0","-999.0","-999.0","-999.0","-999.0","-999.0"
"TWANOH_123W_47N","47.375","-123.008","07/31/2014","18:17","428.8","2","4.80","410.2","2","4.21","1017.9","20.5","104.48","-999.000","-999.000","430.9","411.9","-999.0","-999.0","-999.0","-999.0","-999.0","-999.0"
"TWANOH_123W_47N","47.375","-123.008","07/31/2014","21:17","459.7","2","5.32","404.0","2","5.14","1016.3","22.5","104.59","-999.000","-999.000","462.2","406.0","-999.0","-999.0","-999.0","-999.0","-999.0","-999.0"
"TWANOH_123W_47N","47.375","-123.008","08/01/2014","00:17","449.5","2","6.03","393.9","2","5.46","1014.5","26.8","104.69","-999.000","-999.000","452.2","396.0","-999.0","-999.0","-999.0","-999.0","-999.0","-999.0"
"TWANOH_123W_47N","47.375","-123.008","08/01/2014","03:17","409.3","2","6.25","415.8","2","5.25","1014.2","28.7","105.00","-999.000","-999.000","411.9","418.0","-999.0","-999.0","-999.0","-999.0","-999.0","-999.0"
"TWANOH_123W_47N","47.375","-123.008","08/01/2014","06:17","419.0","2","5.20","422.7","2","4.67","1014.9","26.2","104.73","-999.000","-999.000","421.2","424.6","-999.0","-999.0","-999.0","-999.0","-999.0","-999.0"
"TWANOH_123W_47N","47.375","-123.008","08/01/2014","09:17","426.1","2","4.70","437.5","2","4.27","1015.6","23.7","104.70","-999.000","-999.000","428.1","439.4","-999.0","-999.0","-999.0","-999.0","-999.0","-999.0"
"TWANOH_123W_47N","47.375","-123.008","08/01/2014","12:17","466.8","2","4.21","446.3","2","3.89","1016.4","21.9","104.27","-999.000","-999.000","468.8","448.1","-999.0","-999.0","-999.0","-999.0","-999.0","-999.0"
"TWANOH_123W_47N","47.375","-123.008","08/01/2014","15:17","445.8","2","4.69","447.3","2","4.29","1016.6","20.8","104.10","-999.000","-999.000","447.9","449.2","-999.0","-999.0","-999.0","-999.0","-999.0","-999.0"
"TWANOH_123W_47N","47.375","-123.008","08/01/2014","18:17","454.6","2","4.83","431.7","2","4.41","1016.0","21.0","104.02","-999.000","-999.000","456.9","433.6","-999.0","-999.0","-999.0","-999.0","-999.0","-999.0"
"TWANOH_123W_47N","47.375","-123.008","08/01/2014","21:17","479.4","2","5.28","403.8","2","4.81","1014.9","22.2","103.81","-999.000","-999.000","481.9","405.8","-999.0","-999.0","-999.0","-999.0","-999.0","-999.0"
"TWANOH_123W_47N","47.375","-123.008","08/02/2014","00:17","445.1","2","5.93","396.1","2","5.66","1012.8","24.8","104.30","-999.000","-999.000","447.8","398.4","-999.0","-999.0","-999.0","-999.0","-999.0","-999.0"
"TWANOH_123W_47N","47.375","-123.008","08/02/2014","03:17","410.7","2","5.60","404.3","2","4.73","1012.4","27.1","104.47","-999.000","-999.000","413.1","406.2","-999.0","-999.0","-999.0","-999.0","-999.0","-999.0"
"TWANOH_123W_47N","47.375","-123.008","08/02/2014","06:17","397.8","2","5.16","416.7","2","4.62","1012.8","25.1","104.67","-999.000","-999.000","399.9","418.6","-999.0","-999.0","-999.0","-999.0","-999.0","-999.0"
"TWANOH_123W_47N","47.375","-123.008","08/02/2014","09:17","424.4","2","4.62","433.1","2","4.24","1013.2","23.1","104.76","-999.000","-999.000","426.4","434.9","-999.0","-999.0","-999.0","-999.0","-999.0","-999.0"
"TWANOH_123W_47N","47.375","-123.008","08/02/2014","12:17","443.1","2","4.22","437.6","2","3.90","1013.8","21.7","104.43","-999.000","-999.000","445.0","439.3","-999.0","-999.0","-999.0","-999.0","-999.0","-999.0"
"TWANOH_123W_47N","47.375","-123.008","08/02/2014","15:17","414.4","2","4.13","439.6","2","3.83","1014.5","20.6","104.34","-999.000","-999.000","416.1","441.2","-999.0","-999.0","-999.0","-999.0","-999.0","-999.0"
"TWANOH_123W_47N","47.375","-123.008","08/02/2014","18:17","412.4","2","4.89","429.8","2","4.53","1014.3","20.2","104.54","-999.000","-999.000","414.4","431.7","-999.0","-999.0","-999.0","-999.0","-999.0","-999.0"
"TWANOH_123W_47N","47.375","-123.008","08/02/2014","21:17","441.8","2","5.35","391.8","2","5.21","1013.3","22.1","104.68","-999.000","-999.000","444.2","393.8","-999.0","-999.0","-999.0","-999.0","-999.0","-999.0"
"TWANOH_123W_47N","47.375","-123.008","08/03/2014","00:17","453.7","2","5.46","387.9","2","5.02","1011.9","25.1","104.64","-999.000","-999.000","456.2","389.9","-999.0","-999.0","-999.0","-999.0","-999.0","-999.0"
"TWANOH_123W_47N","47.375","-123.008","08/03/2014","03:17","431.2","2","5.51","384.7","2","4.74","1013.1","26.3","104.74","-999.000","-999.000","433.6","386.5","-999.0","-999.0","-999.0","-999.0","-999.0","-999.0"
"TWANOH_123W_47N","47.375","-123.008","08/03/2014","06:17","404.3","2","4.61","396.9","2","4.23","1014.7","24.0","105.00","-999.000","-999.000","406.1","398.6","-999.0","-999.0","-999.0","-999.0","-999.0","-999.0"
"TWANOH_123W_47N","47.375","-123.008","08/03/2014","09:17","446.3","2","4.05","404.7","2","3.78","1015.8","21.7","104.74","-999.000","-999.000","448.1","406.2","-999.0","-999.0","-999.0","-999.0","-999.0","-999.0"
"TWANOH_123W_47N","47.375","-123.008","08/03/2014","12:17","426.4","2","3.74","411.5","2","3.53","1016.5","20.1","104.54","-999.000","-999.000","428.0","413.0","-999.0","-999.0","-999.0","-999.0","-999.0","-999.0"
"TWANOH_123W_47N","47.375","-123.008","08/03/2014","15:17","433.9","2","3.92","412.3","2","3.69","1017.0","19.1","104.22","-999.000","-999.000","435.7","413.8","-999.0","-999.0","-999.0","-999.0","-999.0","-999.0"
"TWANOH_123W_47N","47.375","-123.008","08/03/2014","18:17","458.4","2","4.71","408.8","2","4.38","1016.0","19.6","104.12","-999.000","-999.000","460.6","410.6","-999.0","-999.0","-999.0","-999.0","-999.0","-999.0"
"TWANOH_123W_47N","47.375","-123.008","08/03/2014","21:17","425.8","2","5.14","402.8","2","4.98","1013.7","21.8","104.41","-999.000","-999.000","428.0","404.9","-999.0","-999.0","-999.0","-999.0","-999.0","-999.0"
"TWANOH_123W_47N","47.375","-123.008","08/04/2014","00:17","447.9","2","5.26","400.1","2","4.99","1011.6","25.5","104.70","-999.000","-999.000","450.3","402.1","-999.0","-999.0","-999.0","-999.0","-999.0","-999.0"
"TWANOH_123W_47N","47.375","-123.008","08/04/2014","03:17","454.1","2","5.16","408.8","2","4.23","1011.8","27.8","104.63","-999.000","-999.000","456.4","410.6","-999.0","-999.0","-999.0","-999.0","-999.0","-999.0"
"TWANOH_123W_47N","47.375","-123.008","08/04/2014","06:17","439.9","2","5.61","426.8","2","5.00","1012.5","26.0","104.54","-999.000","-999.000","442.3","428.9","-999.0","-999.0","-999.0","-999.0","-999.0","-999.0"
"TWANOH_123W_47N","47.375","-123.008","08/04/2014","09:17","430.1","2","4.98","448.8","2","4.58","1013.5","24.1","104.39","-999.000","-999.000","432.2","450.8","-999.0","-999.0","-999.0","-999.0","-999.0","-999.0"
"TWANOH_123W_47N","47.375","-123.008","08/04/2014","12:17","441.4","2","4.40","436.6","2","4.07","1013.9","22.4","104.09","-999.000","-999.000","443.4","438.4","-999.0","-999.0","-999.0","-999.0","-999.0","-999.0"
"TWANOH_123W_47N","47.375","-123.008","08/04/2014","15:17","429.8","2","4.69","444.8","2","4.48","1014.7","21.1","104.06","-999.000","-999.000","431.9","446.8","-999.0","-999.0","-999.0","-999.0","-999.0","-999.0"
"TWANOH_123W_47N","47.375","-123.008","08/04/2014","18:17","459.1","2","5.17","417.0","2","4.75","1013.7","21.1","103.93","-999.000","-999.000","461.5","419.0","-999.0","-999.0","-999.0","-999.0","-999.0","-999.0"
"TWANOH_123W_47N","47.375","-123.008","08/04/2014","21:17","482.5","2","5.53","397.7","2","5.32","1012.1","23.1","104.20","-999.000","-999.000","485.1","399.8","-999.0","-999.0","-999.0","-999.0","-999.0","-999.0"
"TWANOH_123W_47N","47.375","-123.008","08/05/2014","00:17","504.0","2","5.49","392.6","2","4.80","1010.9","27.3","103.74","-999.000","-999.000","506.8","394.5","-999.0","-999.0","-999.0","-999.0","-999.0","-999.0"
"TWANOH_123W_47N","47.375","-123.008","08/05/2014","03:17","453.8","2","6.32","389.5","2","5.31","1010.9","28.4","103.65","-999.000","-999.000","456.7","391.6","-999.0","-999.0","-999.0","-999.0","-999.0","-999.0"
"TWANOH_123W_47N","47.375","-123.008","08/05/2014","06:17","433.4","2","4.50","401.7","2","4.11","1013.1","25.0","103.74","-999.000","-999.000","435.3","403.4","-999.0","-999.0","-999.0","-999.0","-999.0","-999.0"
"TWANOH_123W_47N","47.375","-123.008","08/05/2014","09:17","415.6","2","3.81","406.3","2","3.60","1014.5","21.8","103.85","-999.000","-999.000","417.2","407.8","-999.0","-999.0","-999.0","-999.0","-999.0","-999.0"
"TWANOH_123W_47N","47.375","-123.008","08/05/2014","12:17","427.9","2","3.56","407.5","2","3.42","1016.2","19.8","103.55","-999.000","-999.000","429.4","408.9","-999.0","-999.0","-999.0","-999.0","-999.0","-999.0"
"TWANOH_123W_47N","47.375","-123.008","08/05/2014","15:17","413.6","2","3.58","407.0","2","3.43","1017.8","18.8","103.52","-999.000","-999.000","415.0","408.4","-999.0","-999.0","-999.0","-999.0","-999.0","-999.0"
"TWANOH_123W_47N","47.375","-123.008","08/05/2014","18:17","428.2","2","4.31","401.7","2","3.99","1017.9","18.9","103.55","-999.000","-999.000","430.0","403.3","-999.0","-999.0","-999.0","-999.0","-999.0","-999.0"
"TWANOH_123W_47N","47.375","-123.008","08/05/2014","21:17","405.6","2","4.83","391.9","2","4.66","1016.6","20.6","104.11","-999.000","-999.000","407.5","393.7","-999.0","-999.0","-999.0","-999.0","-999.0","-999.0"
"TWANOH_123W_47N","47.375","-123.008","08/06/2014","00:17","409.9","2","5.66","384.5","2","5.41","1015.5","23.6","104.22","-999.000","-999.000","412.2","386.6","-999.0","-999.0","-999.0","-999.0","-999.0","-999.0"
"TWANOH_123W_47N","47.375","-123.008","08/06/2014","03:17","440.0","2","5.13","390.4","2","4.54","1015.6","25.2","103.79","-999.000","-999.000","442.2","392.2","-999.0","-999.0","-999.0","-999.0","-999.0","-999.0"
"TWANOH_123W_47N","47.375","-123.008","08/06/2014","06:17","416.2","2","4.38","398.9","2","4.09","1017.0","23.1","103.68","-999.000","-999.000","418.0","400.6","-999.0","-999.0","-999.0","-999.0","-999.0","-999.0"
"TWANOH_123W_47N","47.375","-123.008","08/06/2014","09:17","412.8","2","4.05","404.0","2","3.87","1018.0","20.9","103.55","-999.000","-999.000","414.4","405.5","-999.0","-999.0","-999.0","-999.0","-999.0","-999.0"
"TWANOH_123W_47N","47.375","-123.008","08/06/2014","12:17","418.1","2","3.88","408.9","2","3.71","1019.1","19.8","103.28","-999.000","-999.000","419.8","410.4","-999.0","-999.0","-999.0","-999.0","-999.0","-999.0"
"TWANOH_123W_47N","47.375","-123.008","08/06/2014","15:17","418.3","2","4.04","409.4","2","3.82","1020.0","19.2","103.03","-999.000","-999.000","420.0","411.0","-999.0","-999.0","-999.0","-999.0","-999.0","-999.0"
"TWANOH_123W_47N","47.375","-123.008","08/06/2014","18:17","415.9","2","4.69","405.6","2","4.44","1019.6","19.7","103.12","-999.000","-999.000","417.8","407.4","-999.0","-999.0","-999.0","-999.0","-999.0","-999.0"
"TWANOH_123W_47N","47.375","-123.008","08/06/2014","21:17","432.0","2","4.92","397.2","2","4.77","1018.3","21.3","103.23","-999.000","-999.000","434.1","399.1","-999.0","-999.0","-999.0","-999.0","-999.0","-999.0"
"TWANOH_123W_47N","47.375","-123.008","08/07/2014","00:17","440.4","2","5.47","390.1","2","5.09","1016.3","26.0","103.27","-999.000","-999.000","442.8","392.1","-999.0","-999.0","-999.0","-999.0","-999.0","-999.0"
"TWANOH_123W_47N","47.375","-123.008","08/07/2014","03:17","449.2","2","4.78","388.9","2","3.79","1016.4","26.5","102.66","-999.000","-999.000","451.3","390.4","-999.0","-999.0","-999.0","-999.0","-999.0","-999.0"
"TWANOH_123W_47N","47.375","-123.008","08/07/2014","06:17","428.2","2","4.57","395.6","2","4.12","1017.0","23.9","102.61","-999.000","-999.000","430.1","397.2","-999.0","-999.0","-999.0","-999.0","-999.0","-999.0"
"TWANOH_123W_47N","47.375","-123.008","08/07/2014","09:17","413.6","2","3.80","404.4","2","3.52","1017.4","21.5","102.67","-999.000","-999.000","415.2","405.8","-999.0","-999.0","-999.0","-999.0","-999.0","-999.0"
"TWANOH_123W_47N","47.375","-123.008","08/07/2014","12:17","410.1","2","3.46","410.0","2","3.28","1017.9","19.5","102.74","-999.000","-999.000","411.5","411.3","-999.0","-999.0","-999.0","-999.0","-999.0","-999.0"
"TWANOH_123W_47N","47.375","-123.008","08/07/2014","15:17","415.6","2","3.57","408.7","2","3.40","1018.5","18.5","102.59","-999.000","-999.000","417.1","410.1","-999.0","-999.0","-999.0","-999.0","-999.0","-999.0"
"TWANOH_123W_47N","47.375","-123.008","08/07/2014","18:17","421.1","2","4.31","400.4","2","3.96","1018.4","18.6","102.51","-999.000","-999.000","422.9","402.0","-999.0","-999.0","-999.0","-999.0","-999.0","-999.0"
"TWANOH_123W_47N","47.375","-123.008","08/07/2014","21:17","434.9","2","4.72","393.7","2","4.47","1017.0","20.1","102.62","-999.000","-999.000","437.0","395.4","-999.0","-999.0","-999.0","-999.0","-999.0","-999.0"
"TWANOH_123W_47N","47.375","-123.008","08/08/2014","00:17","409.8","2","5.42","384.2","2","5.26","1014.8","22.9","102.98","-999.000","-999.000","412.0","386.2","-999.0","-999.0","-999.0","-999.0","-999.0","-999.0"
"TWANOH_123W_47N","47.375","-123.008","08/08/2014","03:17","420.6","2","4.00","388.2","2","3.25","1015.0","23.9","102.80","-999.000","-999.000","422.3","389.5","-999.0","-999.0","-999.0","-999.0","-999.0","-999.0"
"TWANOH_123W_47N","47.375","-123.008","08/08/2014","06:17","393.6","2","3.98","396.1","2","3.58","1016.0","21.8","103.00","-999.000","-999.000","395.2","397.5","-999.0","-999.0","-999.0","-999.0","-999.0","-999.0"
"TWANOH_123W_47N","47.375","-123.008","08/08/2014","09:17","375.4","2","3.53","403.3","2","3.26","1016.8","19.9","103.24","-999.000","-999.000","376.7","404.6","-999.0","-999.0","-999.0","-999.0","-999.0","-999.0"
"TWANOH_123W_47N","47.375","-123.008","08/08/2014","12:17","392.6","2","3.34","413.4","2","3.10","1017.6","18.6","103.15","-999.000","-999.000","393.9","414.7","-999.0","-999.0","-999.0","-999.0","-999.0","-999.0"
"TWANOH_123W_47N","47.375","-123.008","08/08/2014","15:17","403.6","2","3.89","405.9","2","3.66","1018.9","17.7","102.99","-999.000","-999.000","405.2","407.4","-999.0","-999.0","-999.0","-999.0","-999.0","-999.0"
"TWANOH_123W_47N","47.375","-123.008","08/08/2014","18:17","429.8","2","4.20","400.5","2","3.82","1019.1","18.2","102.72","-999.000","-999.000","431.7","402.1","-999.0","-999.0","-999.0","-999.0","-999.0","-999.0"
"TWANOH_123W_47N","47.375","-123.008","08/08/2014","21:17","420.8","2","4.52","393.2","2","4.36","1017.8","20.4","102.81","-999.000","-999.000","422.7","394.9","-999.0","-999.0","-999.0","-999.0","-999.0","-999.0"
"TWANOH_123W_47N","47.375","-123.008","08/09/2014","00:17","405.4","2","4.95","389.2","2","4.37","1016.3","24.2","102.96","-999.000","-999.000","407.4","390.9","-999.0","-999.0","-999.0","-999.0","-999.0","-999.0"
"TWANOH_123W_47N","47.375","-123.008","08/09/2014","03:17","411.6","2","5.38","389.8","2","4.65","1016.3","25.7","102.74","-999.000","-999.000","413.8","391.6","-999.0","-999.0","-999.0","-999.0","-999.0","-999.0"
"TWANOH_123W_47N","47.375","-123.008","08/09/2014","06:17","409.7","2","4.45","406.0","2","4.00","1017.6","23.6","102.68","-999.000","-999.000","411.5","407.7","-999.0","-999.0","-999.0","-999.0","-999.0","-999.0"
"TWANOH_123W_47N","47.375","-123.008","08/09/2014","09:17","401.0","2","4.10","417.6","2","3.77","1018.3","21.5","102.66","-999.000","-999.000","402.7","419.2","-999.0","-999.0","-999.0","-999.0","-999.0","-999.0"
"TWANOH_123W_47N","47.375","-123.008","08/09/2014","12:17","403.8","2","3.61","421.8","2","3.36","1019.1","19.9","102.45","-999.000","-999.000","405.2","423.2","-999.0","-999.0","-999.0","-999.0","-999.0","-999.0"
"TWANOH_123W_47N","47.375","-123.008","08/09/2014","15:17","412.2","2","4.12","429.7","2","3.91","1020.2","18.7","102.37","-999.000","-999.000","413.9","431.4","-999.0","-999.0","-999.0","-999.0","-999.0","-999.0"
"TWANOH_123W_47N","47.375","-123.008","08/09/2014","18:17","428.8","2","4.53","400.0","2","4.08","1020.3","19.2","102.22","-999.000","-999.000","430.7","401.6","-999.0","-999.0","-999.0","-999.0","-999.0","-999.0"
"TWANOH_123W_47N","47.375","-123.008","08/09/2014","21:17","414.9","2","4.84","394.8","2","4.56","1018.6","21.6","102.63","-999.000","-999.000","416.9","396.6","-999.0","-999.0","-999.0","-999.0","-999.0","-999.0"
"TWANOH_123W_47N","47.375","-123.008","08/10/2014","00:17","400.6","2","5.91","395.5","2","5.66","1017.0","25.7","103.52","-999.000","-999.000","403.0","397.8","-999.0","-999.0","-999.0","-999.0","-999.0","-999.0"
"TWANOH_123W_47N","47.375","-123.008","08/10/2014","03:17","411.6","2","4.55","395.2","2","3.57","1017.2","27.5","103.13","-999.000","-999.000","413.5","396.6","-999.0","-999.0","-999.0","-999.0","-999.0","-999.0"
"TWANOH_123W_47N","47.375","-123.008","08/10/2014","06:17","409.0","2","4.75","416.7","2","4.22","1018.0","24.5","103.18","-999.000","-999.000","410.9","418.5","-999.0","-999.0","-999.0","-999.0","-999.0","-999.0"
"TWANOH_123W_47N","47.375","-123.008","08/10/2014","09:17","401.5","2","4.07","420.9","2","3.74","1018.6","22.2","103.19","-999.000","-999.000","403.2","422.5","-999.0","-999.0","-999.0","-999.0","-999.0","-999.0"
"TWANOH_123W_47N","47.375","-123.008","08/10/2014","12:17","392.5","2","3.59","430.0","2","3.34","1018.6","20.5","103.56","-999.000","-999.000","393.9","431.4","-999.0","-999.0","-999.0","-999.0","-999.0","-999.0"
"TWANOH_123W_47N","47.375","-123.008","08/10/2014","15:17","401.3","2","4.04","440.7","2","3.88","1019.3","19.2","103.42","-999.000","-999.000","402.9","442.4","-999.0","-999.0","-999.0","-999.0","-999.0","-999.0"
"TWANOH_123W_47N","47.375","-123.008","08/10/2014","18:17","423.7","2","4.61","405.4","2","4.23","1018.7","19.3","103.33","-999.000","-999.000","425.7","407.2","-999.0","-999.0","-999.0","-999.0","-999.0","-999.0"
"TWANOH_123W_47N","47.375","-123.008","08/10/2014","21:17","393.3","2","5.05","398.9","2","4.91","1016.2","21.2","104.02","-999.000","-999.000","395.3","400.9","-999.0","-999.0","-999.0","-999.0","-999.0","-999.0"
"TWANOH_123W_47N","47.375","-123.008","08/11/2014","00:17","386.1","2","5.25","393.7","2","5.00","1013.7","25.2","104.85","-999.000","-999.000","388.1","395.7","-999.0","-999.0","-999.0","-999.0","-999.0","-999.0"
"TWANOH_123W_47N","47.375","-123.008","08/11/2014","03:17","399.6","2","4.74","402.6","2","3.90","1013.3","27.3","104.62","-999.000","-999.000","401.5","404.2","-999.0","-999.0","-999.0","-999.0","-999.0","-999.0"
"TWANOH_123W_47N","47.375","-123.008","08/11/2014","06:17","406.3","2","5.17","423.7","2","4.63","1014.0","24.9","104.44","-999.000","-999.000","408.4","425.7","-999.0","-999.0","-999.0","-999.0","-999.0","-999.0"
"TWANOH_123W_47N","47.375","-123.008","08/11/2014","09:17","413.5","2","4.49","431.8","2","4.10","1014.0","22.6","104.25","-999.000","-999.000","415.3","433.5","-999.0","-999.0","-999.0","-999.0","-999.0","-999.0"
"TWANOH_123W_47N","47.375","-123.008","08/11/2014","12:17","393.5","2","4.10","442.3","2","3.78","1013.0","20.9","104.25","-999.000","-999.000","395.2","444.0","-999.0","-999.0","-999.0","-999.0","-999.0","-999.0"
"TWANOH_123W_47N","47.375","-123.008","08/11/2014","15:17","387.0","2","4.47","457.6","2","4.23","1012.4","19.8","104.37","-999.000","-999.000","388.7","459.6","-999.0","-999.0","-999.0","-999.0","-999.0","-999.0"
"TWANOH_123W_47N","47.375","-123.008","08/11/2014","18:17","392.3","2","4.97","423.0","2","4.63","1012.1","20.4","104.44","-999.000","-999.000","394.2","425.0","-999.0","-999.0","-999.0","-999.0","-999.0","-999.0"
"TWANOH_123W_47N","47.375","-123.008","08/11/2014","21:17","392.3","2","5.33","405.4","2","5.16","1009.5","22.3","105.26","-999.000","-999.000","394.4","407.5","-999.0","-999.0","-999.0","-999.0","-999.0","-999.0"
"TWANOH_123W_47N","47.375","-123.008","08/12/2014","00:17","393.1","2","5.38","413.8","2","5.05","1007.1","25.8","105.84","-999.000","-999.000","395.2","415.9","-999.0","-999.0","-999.0","-999.0","-999.0","-999.0"
"TWANOH_123W_47N","47.375","-123.008","08/12/2014","03:17","378.9","2","5.09","406.6","2","4.64","1007.3","27.3","106.08","-999.000","-999.000","380.8","408.5","-999.0","-999.0","-999.0","-999.0","-999.0","-999.0"
"TWANOH_123W_47N","47.375","-123.008","08/12/2014","06:17","389.5","2","5.96","428.0","2","5.38","1008.4","25.5","106.08","-999.000","-999.000","391.9","430.3","-999.0","-999.0","-999.0","-999.0","-999.0","-999.0"
"TWANOH_123W_47N","47.375","-123.008","08/12/2014","09:17","388.9","2","5.23","422.4","2","4.65","1008.4","24.3","106.04","-999.000","-999.000","391.0","424.3","-999.0","-999.0","-999.0","-999.0","-999.0","-999.0"
"TWANOH_123W_47N","47.375","-123.008","08/12/2014","12:17","388.3","2","4.46","425.5","2","4.10","1008.6","22.7","106.08","-999.000","-999.000","390.0","427.3","-999.0","-999.0","-999.0","-999.0","-999.0","-999.0"
"TWANOH_123W_47N","47.375","-123.008","08/12/2014","15:17","393.1","2","4.30","416.2","2","3.98","1010.4","21.2","105.71","-999.000","-999.000","394.8","417.8","-999.0","-999.0","-999.0","-999.0","-999.0","-999.0"
"TWANOH_123W_47N","47.375","-123.008","08/12/2014","18:17","379.3","2","4.51","406.8","2","4.15","1010.9","20.3","105.79","-999.000","-999.000","381.1","408.5","-999.0","-999.0","-999.0","-999.0","-999.0","-999.0"
"TWANOH_123W_47N","47.375","-123.008","08/12/2014","21:17","388.1","2","5.09","403.4","2","4.65","1010.0","21.2","105.84","-999.000","-999.000","390.0","405.2","-999.0","-999.0","-999.0","-999.0","-999.0","-999.0"
"TWANOH_123W_47N","47.375","-123.008","08/13/2014","00:17","384.2","2","5.51","409.8","2","4.92","1008.6","24.0","106.14","-999.000","-999.000","386.3","411.9","-999.0","-999.0","-999.0","-999.0","-999.0","-999.0"
"TWANOH_123W_47N","47.375","-123.008","08/13/2014","03:17","364.0","2","5.08","402.9","2","4.73","1009.0","23.6","106.49","-999.000","-999.000","365.8","404.8","-999.0","-999.0","-999.0","-999.0","-999.0","-999.0"
"TWANOH_123W_47N","47.375","-123.008","08/13/2014","06:17","369.5","2","4.34","400.7","2","4.22","1010.5","22.5","106.25","-999.000","-999.000","371.1","402.4","-999.0","-999.0","-999.0","-999.0","-999.0","-999.0"
"TWANOH_123W_47N","47.375","-123.008","08/13/2014","09:17","401.8","2","3.95","405.3","2","3.80","1011.2","20.7","105.90","-999.000","-999.000","403.4","406.9","-999.0","-999.0","-999.0","-999.0","-999.0","-999.0"
"TWANOH_123W_47N","47.375","-123.008","08/13/2014","12:17","384.3","2","3.88","406.6","2","3.74","1010.8","19.5","105.76","-999.000","-999.000","385.8","408.1","-999.0","-999.0","-999.0","-999.0","-999.0","-999.0"
"TWANOH_123W_47N","47.375","-123.008","08/13/2014","15:17","378.0","2","3.90","407.5","2","3.77","1011.8","19.1","105.64","-999.000","-999.000","379.5","409.0","-999.0","-999.0","-999.0","-999.0","-999.0","-999.0"
"TWANOH_123W_47N","47.375","-123.008","08/13/2014","18:17","379.4","2","4.42","398.5","2","4.29","1013.2","19.2","105.43","-999.000","-999.000","381.1","400.2","-999.0","-999.0","-999.0","-999.0","-999.0","-999.0"
"TWANOH_123W_47N","47.375","-123.008","08/13/2014","21:17","371.4","2","4.18","398.1","2","4.00","1014.3","20.1","105.31","-999.000","-999.000","373.0","399.7","-999.0","-999.0","-999.0","-999.0","-999.0","-999.0"
"TWANOH_123W_47N","47.375","-123.008","08/14/2014","00:17","358.3","2","4.06","398.2","2","3.93","1014.1","20.3","105.66","-999.000","-999.000","359.8","399.8","-999.0","-999.0","-999.0","-999.0","-999.0","-999.0"
"TWANOH_123W_47N","47.375","-123.008","08/14/2014","03:17","348.2","2","4.08","402.6","2","3.97","1014.1","19.9","106.07","-999.000","-999.000","349.6","404.2","-999.0","-999.0","-999.0","-999.0","-999.0","-999.0"
"TWANOH_123W_47N","47.375","-123.008","08/14/2014","06:17","353.7","2","3.98","415.4","2","3.85","1015.1","19.6","105.79","-999.000","-999.000","355.1","417.0","-999.0","-999.0","-999.0","-999.0","-999.0","-999.0"
"TWANOH_123W_47N","47.375","-123.008","08/14/2014","09:17","359.8","2","3.77","414.4","2","3.67","1014.9","19.1","105.56","-999.000","-999.000","361.1","415.9","-999.0","-999.0","-999.0","-999.0","-999.0","-999.0"
"TWANOH_123W_47N","47.375","-123.008","08/14/2014","12:17","372.9","2","3.75","419.9","2","3.64","1015.1","18.6","105.23","-999.000","-999.000","374.3","421.4","-999.0","-999.0","-999.0","-999.0","-999.0","-999.0"
"TWANOH_123W_47N","47.375","-123.008","08/14/2014","15:17","362.2","2","3.85","417.1","2","3.73","1015.5","18.6","105.19","-999.000","-999.000","363.6","418.7","-999.0","-999.0","-999.0","-999.0","-999.0","-999.0"
"TWANOH_123W_47N","47.375","-123.008","08/14/2014","18:17","371.9","2","4.47","412.3","2","4.26","1015.8","19.2","105.05","-999.000","-999.000","373.6","414.0","-999.0","-999.0","-999.0","-999.0","-999.0","-999.0"
"TWANOH_123W_47N","47.375","-123.008","08/14/2014","21:17","388.8","2","4.68","404.3","2","4.49","1014.7","21.2","105.01","-999.000","-999.000","390.6","406.1","-999.0","-999.0","-999.0","-999.0","-999.0","-999.0"
"TWANOH_123W_47N","47.375","-123.008","08/15/2014","00:17","377.6","2","5.01","402.3","2","4.57","1013.6","23.4","104.98","-999.000","-999.000","379.5","404.2","-999.0","-999.0","-999.0","-999.0","-999.0","-999.0"
"TWANOH_123W_47N","47.375","-123.008","08/15/2014","03:17","366.9","2","4.74","402.9","2","4.44","1013.2","23.0","105.28","-999.000","-999.000","368.7","404.6","-999.0","-999.0","-999.0","-999.0","-999.0","-999.0"
"TWANOH_123W_47N","47.375","-123.008","08/15/2014","06:17","390.3","2","4.49","432.2","2","4.29","1013.7","21.9","104.82","-999.000","-999.000","392.0","434.1","-999.0","-999.0","-999.0","-999.0","-999.0","-999.0"
"TWANOH_123W_47N","47.375","-123.008","08/15/2014","09:17","415.4","2","4.35","429.5","2","4.18","1013.9","21.0","104.27","-999.000","-999.000","417.3","431.3","-999.0","-999.0","-999.0","-999.0","-999.0","-999.0"
"TWANOH_123W_47N","47.375","-123.008","08/15/2014","12:17","398.6","2","4.29","422.0","2","4.11","1014.0","20.5","103.98","-999.000","-999.000","400.3","423.7","-999.0","-999.0","-999.0","-999.0","-999.0","-999.0"
"TWANOH_123W_47N","47.375","-123.008","08/15/2014","15:17","380.0","2","4.28","428.4","2","4.10","1015.1","20.1","104.01","-999.000","-999.000","381.6","430.1","-999.0","-999.0","-999.0","-999.0","-999.0","-999.0"
"TWANOH_123W_47N","47.375","-123.008","08/15/2014","18:17","371.0","2","4.67","419.6","2","4.38","1016.0","20.2","104.11","-999.000","-999.000","372.7","421.4","-999.0","-999.0","-999.0","-999.0","-999.0","-999.0"
"TWANOH_123W_47N","47.375","-123.008","08/15/2014","21:17","376.2","2","5.10","395.8","2","4.84","1015.6","21.4","104.40","-999.000","-999.000","378.1","397.7","-999.0","-999.0","-999.0","-999.0","-999.0","-999.0"
"TWANOH_123W_47N","47.375","-123.008","08/16/2014","00:17","364.5","2","5.24","390.7","2","4.71","1015.2","22.7","104.85","-999.000","-999.000","366.4","392.5","-999.0","-999.0","-999.0","-999.0","-999.0","-999.0"
"TWANOH_123W_47N","47.375","-123.008","08/16/2014","03:17","344.9","2","4.62","412.6","2","4.33","1015.6","23.1","105.41","-999.000","-999.000","346.5","414.4","-999.0","-999.0","-999.0","-999.0","-999.0","-999.0"
"TWANOH_123W_47N","47.375","-123.008","08/16/2014","06:17","343.0","2","4.36","411.4","2","4.08","1016.7","21.5","105.94","-999.000","-999.000","344.5","413.1","-999.0","-999.0","-999.0","-999.0","-999.0","-999.0"
"TWANOH_123W_47N","47.375","-123.008","08/16/2014","09:17","350.6","2","4.36","415.8","2","4.10","1017.1","20.7","105.75","-999.000","-999.000","352.2","417.5","-999.0","-999.0","-999.0","-999.0","-999.0","-999.0"
"TWANOH_123W_47N","47.375","-123.008","08/16/2014","12:17","361.1","2","4.29","423.9","2","4.04","1017.7","20.3","105.66","-999.000","-999.000","362.6","425.6","-999.0","-999.0","-999.0","-999.0","-999.0","-999.0"
"TWANOH_123W_47N","47.375","-123.008","08/16/2014","15:17","360.1","2","4.40","418.9","2","4.10","1018.5","20.1","105.55","-999.000","-999.000","361.7","420.6","-999.0","-999.0","-999.0","-999.0","-999.0","-999.0"
"TWANOH_123W_47N","47.375","-123.008","08/16/2014","18:17","358.9","2","4.96","410.5","2","4.84","1018.6","20.7","105.83","-999.000","-999.000","360.7","412.5","-999.0","-999.0","-999.0","-999.0","-999.0","-999.0"
"TWANOH_123W_47N","47.375","-123.008","08/16/2014","21:17","396.5","2","5.23","402.6","2","5.04","1018.0","22.7","105.87","-999.000","-999.000","398.6","404.6","-999.0","-999.0","-999.0","-999.0","-999.0","-999.0"
"TWANOH_123W_47N","47.375","-123.008","08/17/2014","00:17","378.2","2","4.85","394.3","2","4.42","1017.2","25.7","106.09","-999.000","-999.000","380.0","396.0","-999.0","-999.0","-999.0","-999.0","-999.0","-999.0"
"TWANOH_123W_47N","47.375","-123.008","08/17/2014","03:17","364.2","2","4.92","405.3","2","4.48","1017.1","25.4","106.12","-999.000","-999.000","366.0","407.1","-999.0","-999.0","-999.0","-999.0","-999.0","-999.0"
"TWANOH_123W_47N","47.375","-123.008","08/17/2014","06:17","355.3","2","4.70","428.9","2","4.38","1017.5","23.4","106.19","-999.000","-999.000","356.9","430.7","-999.0","-999.0","-999.0","-999.0","-999.0","-999.0"
"TWANOH_123W_47N","47.375","-123.008","08/17/2014","09:17","359.3","2","4.34","424.5","2","4.09","1017.7","21.9","106.01","-999.000","-999.000","360.9","426.2","-999.0","-999.0","-999.0","-999.0","-999.0","-999.0"
"TWANOH_123W_47N","47.375","-123.008","08/17/2014","12:17","368.6","2","4.14","443.2","2","3.92","1018.3","20.7","105.70","-999.000","-999.000","370.1","445.0","-999.0","-999.0","-999.0","-999.0","-999.0","-999.0"
"TWANOH_123W_47N","47.375","-123.008","08/17/2014","15:17","380.9","2","4.20","440.3","2","4.00","1018.8","19.9","105.30","-999.000","-999.000","382.5","442.1","-999.0","-999.0","-999.0","-999.0","-999.0","-999.0"
"TWANOH_123W_47N","47.375","-123.008","08/17/2014","18:17","368.5","2","4.83","429.3","2","4.57","1018.8","20.1","105.46","-999.000","-999.000","370.3","431.2","-999.0","-999.0","-999.0","-999.0","-999.0","-999.0"
"TWANOH_123W_47N","47.375","-123.008","08/17/2014","21:17","403.1","2","4.92","404.4","2","4.75","1017.5","21.6","105.64","-999.000","-999.000","405.1","406.3","-999.0","-999.0","-999.0","-999.0","-999.0","-999.0"
"TWANOH_123W_47N","47.375","-123.008","08/18/2014","00:17","424.4","2","5.23","398.9","2","4.91","1016.1","26.4","105.66","-999.000","-999.000","426.6","400.8","-999.0","-999.0","-999.0","-999.0","-999.0","-999.0"
"TWANOH_123W_47N","47.375","-123.008","08/18/2014","03:17","405.6","2","4.87","398.9","2","4.11","1015.4","27.8","105.45","-999.000","-999.000","407.5","400.5","-999.0","-999.0","-999.0","-999.0","-999.0","-999.0"
"TWANOH_123W_47N","47.375","-123.008","08/18/2014","06:17","399.7","2","5.14","409.1","2","4.65","1015.5","25.4","105.44","-999.000","-999.000","401.8","411.0","-999.0","-999.0","-999.0","-999.0","-999.0","-999.0"
"TWANOH_123W_47N","47.375","-123.008","08/18/2014","09:17","399.8","2","4.55","423.8","2","4.22","1015.5","23.2","105.37","-999.000","-999.000","401.7","425.6","-999.0","-999.0","-999.0","-999.0","-999.0","-999.0"
"TWANOH_123W_47N","47.375","-123.008","08/18/2014","12:17","393.5","2","4.21","436.0","2","3.97","1014.9","21.6","105.27","-999.000","-999.000","395.2","437.7","-999.0","-999.0","-999.0","-999.0","-999.0","-999.0"
"TWANOH_123W_47N","47.375","-123.008","08/18/2014","15:17","388.0","2","4.22","451.8","2","4.04","1015.4","20.6","105.26","-999.000","-999.000","389.7","453.6","-999.0","-999.0","-999.0","-999.0","-999.0","-999.0"
"TWANOH_123W_47N","47.375","-123.008","08/18/2014","18:17","388.6","2","5.14","425.5","2","4.77","1014.0","20.8","105.54","-999.000","-999.000","390.6","427.5","-999.0","-999.0","-999.0","-999.0","-999.0","-999.0"
"TWANOH_123W_47N","47.375","-123.008","08/18/2014","21:17","426.1","2","5.40","403.3","2","5.23","1011.5","22.6","105.80","-999.000","-999.000","428.4","405.4","-999.0","-999.0","-999.0","-999.0","-999.0","-999.0"
"TWANOH_123W_47N","47.375","-123.008","08/19/2014","00:17","397.4","2","5.40","411.5","2","5.10","1009.5","26.9","106.54","-999.000","-999.000","399.5","413.6","-999.0","-999.0","-999.0","-999.0","-999.0","-999.0"
"TWANOH_123W_47N","47.375","-123.008","08/19/2014","03:17","387.2","2","5.17","402.1","2","4.38","1008.8","27.6","106.31","-999.000","-999.000","389.2","403.9","-999.0","-999.0","-999.0","-999.0","-999.0","-999.0"
"TWANOH_123W_47N","47.375","-123.008","08/19/2014","06:17","386.4","2","5.79","424.3","2","5.26","1008.6","26.0","106.43","-999.000","-999.000","388.6","426.6","-999.0","-999.0","-999.0","-999.0","-999.0","-999.0"
"TWANOH_123W_47N","47.375","-123.008","08/19/2014","09:17","393.0","2","5.21","422.1","2","4.78","1008.5","24.5","106.28","-999.000","-999.000","395.0","424.2","-999.0","-999.0","-999.0","-999.0","-999.0","-999.0"
"TWANOH_123W_47N","47.375","-123.008","08/19/2014","12:17","395.1","2","4.70","414.7","2","4.38","1008.6","23.1","105.99","-999.000","-999.000","397.0","416.5","-999.0","-999.0","-999.0","-999.0","-999.0","-999.0"
"TWANOH_123W_47N","47.375","-123.008","08/19/2014","15:17","388.1","2","4.62","423.3","2","4.40","1009.3","21.6","106.02","-999.000","-999.000","389.9","425.2","-999.0","-999.0","-999.0","-999.0","-999.0","-999.0"
"TWANOH_123W_47N","47.375","-123.008","08/19/2014","18:17","368.0","2","4.69","400.0","2","4.35","1009.5","20.9","106.41","-999.000","-999.000","369.8","401.8","-999.0","-999.0","-999.0","-999.0","-999.0","-999.0"
"TWANOH_123W_47N","47.375","-123.008","08/19/2014","21:17","353.8","2","5.34","392.7","2","4.97","1008.4","21.4","107.47","-999.000","-999.000","355.7","394.6","-999.0","-999.0","-999.0","-999.0","-999.0","-999.0"
"TWANOH_123W_47N","47.375","-123.008","08/20/2014","00:17","348.6","2","6.41","387.1","2","6.13","1006.4","25.3","108.14","-999.000","-999.000","350.9","389.5","-999.0","-999.0","-999.0","-999.0","-999.0","-999.0"
"TWANOH_123W_47N","47.375","-123.008","08/20/2014","03:17","343.3","2","3.70","391.3","2","2.99","1007.0","25.6","107.97","-999.000","-999.000","344.5","392.5","-999.0","-999.0","-999.0","-999.0","-999.0","-999.0"
"TWANOH_123W_47N","47.375","-123.008","08/20/2014","06:17","332.3","2","4.07","397.9","2","3.71","1008.6","22.7","108.03","-999.000","-999.000","333.7","399.4","-999.0","-999.0","-999.0","-999.0","-999.0","-999.0"
"TWANOH_123W_47N","47.375","-123.008","08/20/2014","09:17","337.2","2","3.69","399.8","2","3.45","1009.7","20.1","108.04","-999.000","-999.000","338.4","401.2","-999.0","-999.0","-999.0","-999.0","-999.0","-999.0"
"TWANOH_123W_47N","47.375","-123.008","08/20/2014","12:17","332.2","2","3.66","399.8","2","3.40","1010.9","19.0","107.87","-999.000","-999.000","333.5","401.2","-999.0","-999.0","-999.0","-999.0","-999.0","-999.0"
"TWANOH_123W_47N","47.375","-123.008","08/20/2014","15:17","345.5","2","3.86","399.8","2","3.54","1012.9","18.6","107.59","-999.000","-999.000","346.8","401.2","-999.0","-999.0","-999.0","-999.0","-999.0","-999.0"
"TWANOH_123W_47N","47.375","-123.008","08/20/2014","18:17","341.2","2","4.54","390.2","2","4.06","1013.5","19.2","107.54","-999.000","-999.000","342.8","391.8","-999.0","-999.0","-999.0","-999.0","-999.0","-999.0"
"TWANOH_123W_47N","47.375","-123.008","08/20/2014","21:17","335.9","2","5.00","385.4","2","4.41","1013.6","20.4","107.74","-999.000","-999.000","337.6","387.1","-999.0","-999.0","-999.0","-999.0","-999.0","-999.0"
"TWANOH_123W_47N","47.375","-123.008","08/21/2014","00:17","336.3","2","5.42","383.9","2","5.11","1012.9","21.9","107.62","-999.000","-999.000","338.1","385.8","-999.0","-999.0","-999.0","-999.0","-999.0","-999.0"
"TWANOH_123W_47N","47.375","-123.008","08/21/2014","03:17","328.3","2","4.51","389.8","2","4.07","1013.3","22.3","107.27","-999.000","-999.000","329.8","391.4","-999.0","-999.0","-999.0","-999.0","-999.0","-999.0"
"TWANOH_123W_47N","47.375","-123.008","08/21/2014","06:17","321.4","2","3.65","396.8","2","3.39","1014.5","20.4","107.16","-999.000","-999.000","322.5","398.1","-999.0","-999.0","-999.0","-999.0","-999.0","-999.0"
"TWANOH_123W_47N","47.375","-123.008","08/21/2014","09:17","333.7","2","3.46","398.8","2","3.27","1015.1","18.8","106.88","-999.000","-999.000","334.9","400.1","-999.0","-999.0","-999.0","-999.0","-999.0","-999.0"
"TWANOH_123W_47N","47.375","-123.008","08/21/2014","12:17","337.8","2","3.35","402.7","2","3.18","1015.6","18.1","106.42","-999.000","-999.000","339.0","404.0","-999.0","-999.0","-999.0","-999.0","-999.0","-999.0"
"TWANOH_123W_47N","47.375","-123.008","08/21/2014","15:17","332.8","2","3.31","402.2","2","3.15","1016.6","17.4","106.02","-999.000","-999.000","333.9","403.5","-999.0","-999.0","-999.0","-999.0","-999.0","-999.0"
"TWANOH_123W_47N","47.375","-123.008","08/21/2014","18:17","332.4","2","3.63","399.1","2","3.38","1016.5","17.4","105.73","-999.000","-999.000","333.6","400.4","-999.0","-999.0","-999.0","-999.0","-999.0","-999.0"
"TWANOH_123W_47N","47.375","-123.008","08/21/2014","21:17","331.7","2","4.20","391.7","2","3.95","1015.5","18.2","105.97","-999.000","-999.000","333.1","393.3","-999.0","-999.0","-999.0","-999.0","-999.0","-999.0"
"TWANOH_123W_47N","47.375","-123.008","08/22/2014","00:17","326.3","2","4.98","386.6","2","4.81","1012.9","21.6","106.00","-999.000","-999.000","327.9","388.5","-999.0","-999.0","-999.0","-999.0","-999.0","-999.0"
"TWANOH_123W_47N","47.375","-123.008","08/22/2014","03:17","332.9","2","3.87","391.4","2","3.34","1013.2","23.1","105.71","-999.000","-999.000","334.2","392.7","-999.0","-999.0","-999.0","-999.0","-999.0","-999.0"
"TWANOH_123W_47N","47.375","-123.008","08/22/2014","06:17","333.9","2","3.95","405.1","2","3.62","1014.1","21.2","105.52","-999.000","-999.000","335.3","406.6","-999.0","-999.0","-999.0","-999.0","-999.0","-999.0"
"TWANOH_123W_47N","47.375","-123.008","08/22/2014","09:17","333.3","2","3.62","412.3","2","3.37","1014.6","19.6","105.44","-999.000","-999.000","334.5","413.7","-999.0","-999.0","-999.0","-999.0","-999.0","-999.0"
"TWANOH_123W_47N","47.375","-123.008","08/22/2014","12:17","333.1","2","3.40","425.4","2","3.21","1015.4","18.5","105.20","-999.000","-999.000","334.3","426.8","-999.0","-999.0","-999.0","-999.0","-999.0","-999.0"
"TWANOH_123W_47N","47.375","-123.008","08/22/2014","15:17","332.2","2","3.69","429.4","2","3.50","1016.9","17.7","105.04","-999.000","-999.000","333.4","430.9","-999.0","-999.0","-999.0","-999.0","-999.0","-999.0"
"TWANOH_123W_47N","47.375","-123.008","08/22/2014","18:17","341.2","2","4.13","402.8","2","3.89","1017.0","17.8","105.05","-999.000","-999.000","342.6","404.4","-999.0","-999.0","-999.0","-999.0","-999.0","-999.0"
"TWANOH_123W_47N","47.375","-123.008","08/22/2014","21:17","352.2","2","4.35","392.9","2","4.21","1016.0","19.5","105.19","-999.000","-999.000","353.7","394.5","-999.0","-999.0","-999.0","-999.0","-999.0","-999.0"
"TWANOH_123W_47N","47.375","-123.008","08/23/2014","00:17","338.7","2","4.86","389.6","2","4.61","1015.4","24.1","105.38","-999.000","-999.000","340.4","391.4","-999.0","-999.0","-999.0","-999.0","-999.0","-999.0"
"TWANOH_123W_47N","47.375","-123.008","08/23/2014","03:17","335.9","2","3.81","394.2","2","3.28","1016.7","24.9","105.09","-999.000","-999.000","337.2","395.5","-999.0","-999.0","-999.0","-999.0","-999.0","-999.0"
"TWANOH_123W_47N","47.375","-123.008","08/23/2014","06:17","334.1","2","4.36","404.4","2","3.97","1017.9","22.7","105.05","-999.000","-999.000","335.6","406.0","-999.0","-999.0","-999.0","-999.0","-999.0","-999.0"
"TWANOH_123W_47N","47.375","-123.008","08/23/2014","09:17","339.0","2","3.88","419.2","2","3.62","1018.3","20.8","104.95","-999.000","-999.000","340.4","420.7","-999.0","-999.0","-999.0","-999.0","-999.0","-999.0"
"TWANOH_123W_47N","47.375","-123.008","08/23/2014","12:17","348.4","2","3.57","431.2","2","3.37","1018.8","19.4","104.64","-999.000","-999.000","349.6","432.6","-999.0","-999.0","-999.0","-999.0","-999.0","-999.0"
"TWANOH_123W_47N","47.375","-123.008","08/23/2014","15:17","350.3","2","3.89","448.5","2","3.69","1020.2","18.5","104.32","-999.000","-999.000","351.7","450.2","-999.0","-999.0","-999.0","-999.0","-999.0","-999.0"
"TWANOH_123W_47N","47.375","-123.008","08/23/2014","18:17","355.2","2","4.35","421.6","2","4.13","1019.5","18.5","104.41","-999.000","-999.000","356.7","423.3","-999.0","-999.0","-999.0","-999.0","-999.0","-999.0"
"TWANOH_123W_47N","47.375","-123.008","08/23/2014","21:17","362.7","2","4.57","399.0","2","4.42","1017.4","20.4","104.73","-999.000","-999.000","364.4","400.8","-999.0","-999.0","-999.0","-999.0","-999.0","-999.0"
"TWANOH_123W_47N","47.375","-123.008","08/24/2014","00:17","344.1","2","4.78","394.3","2","4.51","1015.1","24.7","105.50","-999.000","-999.000","345.7","396.1","-999.0","-999.0","-999.0","-999.0","-999.0","-999.0"
"TWANOH_123W_47N","47.375","-123.008","08/24/2014","03:17","352.7","2","4.05","414.2","2","3.44","1014.4","25.7","105.29","-999.000","-999.000","354.1","415.7","-999.0","-999.0","-999.0","-999.0","-999.0","-999.0"
"TWANOH_123W_47N","47.375","-123.008","08/24/2014","06:17","341.1","2","4.87","398.9","2","4.37","1014.5","24.0","105.31","-999.000","-999.000","342.8","400.7","-999.0","-999.0","-999.0","-999.0","-999.0","-999.0"
"TWANOH_123W_47N","47.375","-123.008","08/24/2014","09:17","343.3","2","3.93","408.9","2","3.65","1013.9","21.8","105.25","-999.000","-999.000","344.6","410.4","-999.0","-999.0","-999.0","-999.0","-999.0","-999.0"
"TWANOH_123W_47N","47.375","-123.008","08/24/2014","12:17","337.3","2","3.45","411.5","2","3.28","1014.1","19.8","105.15","-999.000","-999.000","338.5","412.9","-999.0","-999.0","-999.0","-999.0","-999.0","-999.0"
"TWANOH_123W_47N","47.375","-123.008","08/24/2014","15:17","338.0","2","3.52","411.2","2","3.34","1014.7","18.5","105.10","-999.000","-999.000","339.2","412.5","-999.0","-999.0","-999.0","-999.0","-999.0","-999.0"
"TWANOH_123W_47N","47.375","-123.008","08/24/2014","18:17","341.4","2","4.14","403.2","2","3.88","1014.7","18.2","105.14","-999.000","-999.000","342.8","404.7","-999.0","-999.0","-999.0","-999.0","-999.0","-999.0"
"TWANOH_123W_47N","47.375","-123.008","08/24/2014","21:17","347.6","2","4.57","398.0","2","4.44","1012.7","19.6","105.78","-999.000","-999.000","349.2","399.8","-999.0","-999.0","-999.0","-999.0","-999.0","-999.0"
"TWANOH_123W_47N","47.375","-123.008","08/25/2014","00:17","330.8","2","5.47","406.9","2","5.27","1010.9","23.8","106.50","-999.000","-999.000","332.6","409.1","-999.0","-999.0","-999.0","-999.0","-999.0","-999.0"
"TWANOH_123W_47N","47.375","-123.008","08/25/2014","03:17","347.1","2","4.32","401.2","2","3.84","1012.0","25.5","106.20","-999.000","-999.000","348.6","402.8","-999.0","-999.0","-999.0","-999.0","-999.0","-999.0"
"TWANOH_123W_47N","47.375","-123.008","08/25/2014","06:17","337.1","2","4.33","411.2","2","3.96","1013.6","23.2","106.06","-999.000","-999.000","338.5","412.9","-999.0","-999.0","-999.0","-999.0","-999.0","-999.0"
"TWANOH_123W_47N","47.375","-123.008","08/25/2014","09:17","324.1","2","4.04","424.1","2","3.77","1014.1","21.3","106.11","-999.000","-999.000","325.4","425.8","-999.0","-999.0","-999.0","-999.0","-999.0","-999.0"
"TWANOH_123W_47N","47.375","-123.008","08/25/2014","12:17","322.7","2","3.71","438.4","2","3.52","1014.7","19.9","106.09","-999.000","-999.000","323.9","440.0","-999.0","-999.0","-999.0","-999.0","-999.0","-999.0"
"TWANOH_123W_47N","47.375","-123.008","08/25/2014","15:17","320.0","2","3.95","459.5","2","3.80","1015.7","18.9","106.00","-999.000","-999.000","321.3","461.2","-999.0","-999.0","-999.0","-999.0","-999.0","-999.0"
"TWANOH_123W_47N","47.375","-123.008","08/25/2014","18:17","329.4","2","4.45","429.6","2","4.22","1015.8","18.9","106.12","-999.000","-999.000","330.8","431.4","-999.0","-999.0","-999.0","-999.0","-999.0","-999.0"
"TWANOH_123W_47N","47.375","-123.008","08/25/2014","21:17","340.4","2","4.64","399.3","2","4.49","1014.0","20.6","106.50","-999.000","-999.000","341.9","401.1","-999.0","-999.0","-999.0","-999.0","-999.0","-999.0"
"TWANOH_123W_47N","47.375","-123.008","08/26/2014","00:17","341.6","2","4.92","394.8","2","4.62","1012.4","25.1","106.92","-999.000","-999.000","343.3","396.7","-999.0","-999.0","-999.0","-999.0","-999.0","-999.0"
"TWANOH_123W_47N","47.375","-123.008","08/26/2014","03:17","336.5","2","4.34","408.9","2","3.62","1012.8","26.8","106.63","-999.000","-999.000","337.9","410.3","-999.0","-999.0","-999.0","-999.0","-999.0","-999.0"
"TWANOH_123W_47N","47.375","-123.008","08/26/2014","06:17","336.7","2","5.16","421.8","2","4.61","1014.1","24.5","106.47","-999.000","-999.000","338.4","423.8","-999.0","-999.0","-999.0","-999.0","-999.0","-999.0"
"TWANOH_123W_47N","47.375","-123.008","08/26/2014","09:17","332.4","2","4.65","448.4","2","4.27","1014.8","22.8","106.46","-999.000","-999.000","333.9","450.3","-999.0","-999.0","-999.0","-999.0","-999.0","-999.0"
"TWANOH_123W_47N","47.375","-123.008","08/26/2014","12:17","320.5","2","4.21","449.3","2","3.92","1015.1","21.4","106.42","-999.000","-999.000","321.8","451.1","-999.0","-999.0","-999.0","-999.0","-999.0","-999.0"
"TWANOH_123W_47N","47.375","-123.008","08/26/2014","15:17","325.2","2","4.55","463.0","2","4.32","1016.4","20.3","106.33","-999.000","-999.000","326.7","465.0","-999.0","-999.0","-999.0","-999.0","-999.0","-999.0"
"TWANOH_123W_47N","47.375","-123.008","08/26/2014","18:17","335.2","2","4.97","426.8","2","4.56","1016.3","20.4","106.38","-999.000","-999.000","336.9","428.8","-999.0","-999.0","-999.0","-999.0","-999.0","-999.0"
"TWANOH_123W_47N","47.375","-123.008","08/26/2014","21:17","356.6","2","5.18","401.5","2","5.00","1014.6","22.2","106.57","-999.000","-999.000","358.5","403.5","-999.0","-999.0","-999.0","-999.0","-999.0","-999.0"
"TWANOH_123W_47N","47.375","-123.008","08/27/2014","00:17","360.9","2","5.25","404.9","2","4.75","1012.7","26.3","106.84","-999.000","-999.000","362.8","406.8","-999.0","-999.0","-999.0","-999.0","-999.0","-999.0"
"TWANOH_123W_47N","47.375","-123.008","08/27/2014","03:17","351.0","2","5.75","402.7","2","4.81","1012.8","27.6","106.37","-999.000","-999.000","353.1","404.7","-999.0","-999.0","-999.0","-999.0","-999.0","-999.0"
"TWANOH_123W_47N","47.375","-123.008","08/27/2014","06:17","363.7","2","5.70","416.0","2","5.08","1013.8","25.5","106.08","-999.000","-999.000","365.8","418.1","-999.0","-999.0","-999.0","-999.0","-999.0","-999.0"
"TWANOH_123W_47N","47.375","-123.008","08/27/2014","09:17","352.7","2","4.79","427.2","2","4.43","1014.7","23.7","106.01","-999.000","-999.000","354.4","429.1","-999.0","-999.0","-999.0","-999.0","-999.0","-999.0"
"TWANOH_123W_47N","47.375","-123.008","08/27/2014","12:17","355.8","2","4.22","436.8","2","3.94","1014.9","21.8","105.98","-999.000","-999.000","357.3","438.5","-999.0","-999.0","-999.0","-999.0","-999.0","-999.0"
"TWANOH_123W_47N","47.375","-123.008","08/27/2014","15:17","356.7","2","4.46","434.8","2","4.20","1016.0","20.3","105.96","-999.000","-999.000","358.3","436.7","-999.0","-999.0","-999.0","-999.0","-999.0","-999.0"
"TWANOH_123W_47N","47.375","-123.008","08/27/2014","18:17","354.9","2","4.99","411.0","2","4.63","1016.2","20.4","106.00","-999.000","-999.000","356.7","412.9","-999.0","-999.0","-999.0","-999.0","-999.0","-999.0"
"TWANOH_123W_47N","47.375","-123.008","08/27/2014","21:17","366.2","2","5.32","395.7","2","5.16","1015.1","21.9","106.38","-999.000","-999.000","368.1","397.8","-999.0","-999.0","-999.0","-999.0","-999.0","-999.0"
"TWANOH_123W_47N","47.375","-123.008","08/28/2014","00:17","358.8","2","5.67","387.1","2","5.43","1013.8","25.2","106.84","-999.000","-999.000","360.8","389.2","-999.0","-999.0","-999.0","-999.0","-999.0","-999.0"
"TWANOH_123W_47N","47.375","-123.008","08/28/2014","03:17","350.1","2","4.45","393.8","2","3.77","1014.2","25.8","106.61","-999.000","-999.000","351.6","395.3","-999.0","-999.0","-999.0","-999.0","-999.0","-999.0"
"TWANOH_123W_47N","47.375","-123.008","08/28/2014","06:17","339.8","2","4.48","400.7","2","4.04","1015.4","23.7","106.66","-999.000","-999.000","341.3","402.4","-999.0","-999.0","-999.0","-999.0","-999.0","-999.0"
"TWANOH_123W_47N","47.375","-123.008","08/28/2014","09:17","329.2","2","3.90","407.3","2","3.65","1016.4","21.1","106.76","-999.000","-999.000","330.5","408.8","-999.0","-999.0","-999.0","-999.0","-999.0","-999.0"
"TWANOH_123W_47N","47.375","-123.008","08/28/2014","12:17","332.8","2","3.93","410.8","2","3.74","1017.0","20.0","106.78","-999.000","-999.000","334.1","412.4","-999.0","-999.0","-999.0","-999.0","-999.0","-999.0"
"TWANOH_123W_47N","47.375","-123.008","08/28/2014","15:17","328.5","2","4.05","412.2","2","3.83","1017.8","19.4","106.89","-999.000","-999.000","329.8","413.8","-999.0","-999.0","-999.0","-999.0","-999.0","-999.0"
"TWANOH_123W_47N","47.375","-123.008","08/28/2014","18:17","330.3","2","4.78","403.9","2","4.47","1018.4","19.9","107.12","-999.000","-999.000","331.9","405.7","-999.0","-999.0","-999.0","-999.0","-999.0","-999.0"
"TWANOH_123W_47N","47.375","-123.008","08/28/2014","21:17","336.6","2","5.17","395.8","2","4.87","1017.2","21.5","106.86","-999.000","-999.000","338.4","397.8","-999.0","-999.0","-999.0","-999.0","-999.0","-999.0"
"TWANOH_123W_47N","47.375","-123.008","08/29/2014","00:17","335.1","2","5.74","388.3","2","5.33","1015.8","23.5","106.90","-999.000","-999.000","337.1","390.4","-999.0","-999.0","-999.0","-999.0","-999.0","-999.0"
"TWANOH_123W_47N","47.375","-123.008","08/29/2014","03:17","323.3","2","4.89","391.1","2","4.47","1014.8","23.5","106.96","-999.000","-999.000","324.9","392.9","-999.0","-999.0","-999.0","-999.0","-999.0","-999.0"
"TWANOH_123W_47N","47.375","-123.008","08/29/2014","06:17","332.3","2","4.32","400.7","2","4.06","1015.1","22.1","106.64","-999.000","-999.000","333.7","402.3","-999.0","-999.0","-999.0","-999.0","-999.0","-999.0"
"TWANOH_123W_47N","47.375","-123.008","08/29/2014","09:17","331.0","2","3.99","406.3","2","3.81","1014.3","20.7","106.44","-999.000","-999.000","332.4","407.8","-999.0","-999.0","-999.0","-999.0","-999.0","-999.0"
"TWANOH_123W_47N","47.375","-123.008","08/29/2014","12:17","336.5","2","3.71","408.1","2","3.56","1013.9","19.6","106.30","-999.000","-999.000","337.7","409.5","-999.0","-999.0","-999.0","-999.0","-999.0","-999.0"
"TWANOH_123W_47N","47.375","-123.008","08/29/2014","15:17","338.5","2","3.54","410.4","2","3.40","1014.1","18.7","106.22","-999.000","-999.000","339.7","411.8","-999.0","-999.0","-999.0","-999.0","-999.0","-999.0"
"TWANOH_123W_47N","47.375","-123.008","08/29/2014","18:17","325.8","2","3.83","400.8","2","3.65","1014.7","18.6","105.96","-999.000","-999.000","327.0","402.3","-999.0","-999.0","-999.0","-999.0","-999.0","-999.0"
"TWANOH_123W_47N","47.375","-123.008","08/29/2014","21:17","343.1","2","4.74","391.9","2","4.34","1013.7","19.5","106.21","-999.000","-999.000","344.7","393.6","-999.0","-999.0","-999.0","-999.0","-999.0","-999.0"
"TWANOH_123W_47N","47.375","-123.008","08/30/2014","00:17","355.2","2","4.94","389.8","2","4.39","1012.0","20.2","106.59","-999.000","-999.000","357.0","391.5","-999.0","-999.0","-999.0","-999.0","-999.0","-999.0"
"TWANOH_123W_47N","47.375","-123.008","08/30/2014","03:17","391.7","2","4.50","391.2","2","4.10","1011.9","20.8","106.18","-999.000","-999.000","393.5","392.8","-999.0","-999.0","-999.0","-999.0","-999.0","-999.0"
"TWANOH_123W_47N","47.375","-123.008","08/30/2014","06:17","370.2","2","3.91","401.8","2","3.61","1012.8","19.6","106.20","-999.000","-999.000","371.7","403.2","-999.0","-999.0","-999.0","-999.0","-999.0","-999.0"
"TWANOH_123W_47N","47.375","-123.008","08/30/2014","09:17","351.1","2","3.88","406.2","2","3.64","1012.7","19.1","106.07","-999.000","-999.000","352.4","407.7","-999.0","-999.0","-999.0","-999.0","-999.0","-999.0"
"TWANOH_123W_47N","47.375","-123.008","08/30/2014","12:17","346.3","2","3.82","411.7","2","3.59","1011.7","18.8","105.67","-999.000","-999.000","347.7","413.2","-999.0","-999.0","-999.0","-999.0","-999.0","-999.0"
"TWANOH_123W_47N","47.375","-123.008","08/30/2014","15:17","344.0","2","3.64","401.5","2","3.49","1011.6","18.4","105.27","-999.000","-999.000","345.3","402.9","-999.0","-999.0","-999.0","-999.0","-999.0","-999.0"
"TWANOH_123W_47N","47.375","-123.008","08/30/2014","18:17","345.6","2","3.97","400.6","2","3.81","1011.2","18.3","104.86","-999.000","-999.000","347.0","402.1","-999.0","-999.0","-999.0","-999.0","-999.0","-999.0"
"TWANOH_123W_47N","47.375","-123.008","08/30/2014","21:17","345.3","2","4.33","398.0","2","4.15","1011.0","18.7","104.66","-999.000","-999.000","346.8","399.6","-999.0","-999.0","-999.0","-999.0","-999.0","-999.0"
"TWANOH_123W_47N","47.375","-123.008","08/31/2014","00:17","347.2","2","4.38","394.6","2","4.09","1010.9","20.5","104.32","-999.000","-999.000","348.7","396.3","-999.0","-999.0","-999.0","-999.0","-999.0","-999.0"
"TWANOH_123W_47N","47.375","-123.008","08/31/2014","03:17","324.2","2","4.16","393.2","2","3.84","1011.7","21.0","104.54","-999.000","-999.000","325.5","394.7","-999.0","-999.0","-999.0","-999.0","-999.0","-999.0"
"TWANOH_123W_47N","47.375","-123.008","08/31/2014","06:17","326.7","2","3.74","401.0","2","3.53","1013.3","19.6","104.35","-999.000","-999.000","327.9","402.4","-999.0","-999.0","-999.0","-999.0","-999.0","-999.0"
"TWANOH_123W_47N","47.375","-123.008","08/31/2014","09:17","329.4","2","3.57","405.4","2","3.39","1014.5","18.5","104.10","-999.000","-999.000","330.6","406.8","-999.0","-999.0","-999.0","-999.0","-999.0","-999.0"
"TWANOH_123W_47N","47.375","-123.008","08/31/2014","12:17","328.2","2","3.54","410.5","2","3.36","1015.1","17.8","103.88","-999.000","-999.000","329.4","411.9","-999.0","-999.0","-999.0","-999.0","-999.0","-999.0"
"TWANOH_123W_47N","47.375","-123.008","08/31/2014","15:17","323.5","2","3.61","416.8","2","3.45","1016.2","17.4","103.75","-999.000","-999.000","324.7","418.3","-999.0","-999.0","-999.0","-999.0","-999.0","-999.0"
"TWANOH_123W_47N","47.375","-123.008","08/31/2014","18:17","333.0","2","4.13","398.5","2","3.93","1016.9","17.9","103.92","-999.000","-999.000","334.4","400.0","-999.0","-999.0","-999.0","-999.0","-999.0","-999.0"
"TWANOH_123W_47N","47.375","-123.008","08/31/2014","21:17","333.7","2","4.38","389.1","2","4.06","1016.0","19.7","103.84","-999.000","-999.000","335.2","390.7","-999.0","-999.0","-999.0","-999.0","-999.0","-999.0"
"TWANOH_123W_47N","47.375","-123.008","09/01/2014","00:17","337.5","2","4.65","386.5","2","4.02","1015.1","21.4","103.88","-999.000","-999.000","339.1","388.1","-999.0","-999.0","-999.0","-999.0","-999.0","-999.0"
"TWANOH_123W_47N","47.375","-123.008","09/01/2014","03:17","327.1","2","4.36","390.3","2","3.89","1015.4","21.4","103.90","-999.000","-999.000","328.6","391.8","-999.0","-999.0","-999.0","-999.0","-999.0","-999.0"
"TWANOH_123W_47N","47.375","-123.008","09/01/2014","06:17","327.9","2","3.94","404.2","2","3.62","1016.3","20.3","103.76","-999.000","-999.000","329.1","405.7","-999.0","-999.0","-999.0","-999.0","-999.0","-999.0"
"TWANOH_123W_47N","47.375","-123.008","09/01/2014","09:17","332.5","2","3.76","419.0","2","3.51","1016.8","19.2","103.62","-999.000","-999.000","333.8","420.4","-999.0","-999.0","-999.0","-999.0","-999.0","-999.0"
"TWANOH_123W_47N","47.375","-123.008","09/01/2014","12:17","329.7","2","3.50","432.9","2","3.29","1017.2","18.2","103.44","-999.000","-999.000","330.8","434.4","-999.0","-999.0","-999.0","-999.0","-999.0","-999.0"
"TWANOH_123W_47N","47.375","-123.008","09/01/2014","15:17","324.9","2","3.87","413.9","2","3.68","1017.5","17.4","103.29","-999.000","-999.000","326.1","415.5","-999.0","-999.0","-999.0","-999.0","-999.0","-999.0"
"TWANOH_123W_47N","47.375","-123.008","09/01/2014","18:17","334.5","2","4.12","397.1","2","3.92","1017.3","17.9","103.38","-999.000","-999.000","335.9","398.7","-999.0","-999.0","-999.0","-999.0","-999.0","-999.0"
"TWANOH_123W_47N","47.375","-123.008","09/01/2014","21:17","338.2","2","4.46","391.7","2","4.31","1015.9","19.7","103.40","-999.000","-999.000","339.7","393.4","-999.0","-999.0","-999.0","-999.0","-999.0","-999.0"
"TWANOH_123W_47N","47.375","-123.008","09/02/2014","00:17","346.6","2","4.24","389.9","2","3.71","1014.5","21.4","103.61","-999.000","-999.000","348.1","391.4","-999.0","-999.0","-999.0","-999.0","-999.0","-999.0"
"TWANOH_123W_47N","47.375","-123.008","09/02/2014","03:17","340.7","2","4.33","394.6","2","3.98","1013.9","22.1","104.05","-999.000","-999.000","342.2","396.2","-999.0","-999.0","-999.0","-999.0","-999.0","-999.0"
"TWANOH_123W_47N","47.375","-123.008","09/02/2014","06:17","341.3","2","3.83","413.4","2","3.59","1013.9","20.4","104.16","-999.000","-999.000","342.6","414.8","-999.0","-999.0","-999.0","-999.0","-999.0","-999.0"
"TWANOH_123W_47N","47.375","-123.008","09/02/2014","09:17","345.5","2","3.82","419.3","2","3.60","1013.9","19.2","104.05","-999.000","-999.000","346.8","420.8","-999.0","-999.0","-999.0","-999.0","-999.0","-999.0"
"TWANOH_123W_47N","47.375","-123.008","09/02/2014","12:17","348.7","2","3.73","418.2","2","3.53","1013.3","18.7","104.06","-999.000","-999.000","350.0","419.7","-999.0","-999.0","-999.0","-999.0","-999.0","-999.0"
"TWANOH_123W_47N","47.375","-123.008","09/02/2014","15:17","368.4","2","3.87","418.0","2","3.65","1012.7","18.2","103.74","-999.000","-999.000","369.8","419.5","-999.0","-999.0","-999.0","-999.0","-999.0","-999.0"
"TWANOH_123W_47N","47.375","-123.008","09/02/2014","18:17","365.6","2","4.34","404.9","2","4.06","1011.5","18.5","103.65","-999.000","-999.000","367.2","406.5","-999.0","-999.0","-999.0","-999.0","-999.0","-999.0"
"TWANOH_123W_47N","47.375","-123.008","09/02/2014","21:17","345.7","2","3.93","388.9","2","3.63","1009.7","19.2","103.91","-999.000","-999.000","347.0","390.3","-999.0","-999.0","-999.0","-999.0","-999.0","-999.0"
"TWANOH_123W_47N","47.375","-123.008","09/03/2014","00:17","359.2","2","4.27","390.4","2","3.93","1007.8","18.9","104.62","-999.000","-999.000","360.7","391.9","-999.0","-999.0","-999.0","-999.0","-999.0","-999.0"
"TWANOH_123W_47N","47.375","-123.008","09/03/2014","03:17","455.7","2","3.44","394.5","2","3.19","1008.4","18.3","103.52","-999.000","-999.000","457.2","395.7","-999.0","-999.0","-999.0","-999.0","-999.0","-999.0"
"TWANOH_123W_47N","47.375","-123.008","09/03/2014","06:17","398.4","2","3.11","405.4","2","2.93","1010.7","17.2","103.21","-999.000","-999.000","399.6","406.6","-999.0","-999.0","-999.0","-999.0","-999.0","-999.0"
"TWANOH_123W_47N","47.375","-123.008","09/03/2014","09:17","410.0","2","2.85","417.4","2","2.71","1012.1","16.0","102.85","-999.000","-999.000","411.1","418.6","-999.0","-999.0","-999.0","-999.0","-999.0","-999.0"
"TWANOH_123W_47N","47.375","-123.008","09/03/2014","12:17","396.0","2","2.88","410.5","2","2.75","1014.5","15.3","102.61","-999.000","-999.000","397.2","411.6","-999.0","-999.0","-999.0","-999.0","-999.0","-999.0"
"TWANOH_123W_47N","47.375","-123.008","09/03/2014","15:17","390.1","2","3.05","405.4","2","2.92","1016.6","15.0","102.46","-999.000","-999.000","391.3","406.6","-999.0","-999.0","-999.0","-999.0","-999.0","-999.0"
"TWANOH_123W_47N","47.375","-123.008","09/03/2014","18:17","385.2","2","3.49","392.7","2","3.29","1018.0","15.7","102.51","-999.000","-999.000","386.5","394.0","-999.0","-999.0","-999.0","-999.0","-999.0","-999.0"
"TWANOH_123W_47N","47.375","-123.008","09/03/2014","21:17","365.1","2","3.70","389.8","2","3.60","1017.9","17.2","102.68","-999.000","-999.000","366.5","391.2","-999.0","-999.0","-999.0","-999.0","-999.0","-999.0"
"TWANOH_123W_47N","47.375","-123.008","09/04/2014","00:17","371.9","2","4.03","388.3","2","3.75","1017.5","20.2","102.55","-999.000","-999.000","373.4","389.8","-999.0","-999.0","-999.0","-999.0","-999.0","-999.0"
"TWANOH_123W_47N","47.375","-123.008","09/04/2014","03:17","359.9","2","3.57","394.6","2","3.31","1017.4","20.1","102.46","-999.000","-999.000","361.2","395.9","-999.0","-999.0","-999.0","-999.0","-999.0","-999.0"
"TWANOH_123W_47N","47.375","-123.008","09/04/2014","06:17","355.0","2","3.34","402.0","2","3.12","1018.0","18.4","102.39","-999.000","-999.000","356.2","403.3","-999.0","-999.0","-999.0","-999.0","-999.0","-999.0"
"TWANOH_123W_47N","47.375","-123.008","09/04/2014","09:17","354.5","2","3.08","416.7","2","2.91","1018.8","17.0","102.15","-999.000","-999.000","355.6","417.9","-999.0","-999.0","-999.0","-999.0","-999.0","-999.0"
"TWANOH_123W_47N","47.375","-123.008","09/04/2014","12:17","358.5","2","2.84","422.4","2","2.70","1019.1","15.9","101.92","-999.000","-999.000","359.6","423.5","-999.0","-999.0","-999.0","-999.0","-999.0","-999.0"
"TWANOH_123W_47N","47.375","-123.008","09/04/2014","15:17","369.8","2","2.95","436.4","2","2.85","1020.1","15.0","101.88","-999.000","-999.000","370.9","437.7","-999.0","-999.0","-999.0","-999.0","-999.0","-999.0"
"TWANOH_123W_47N","47.375","-123.008","09/04/2014","18:17","404.2","2","3.33","416.6","2","3.22","1019.3","15.0","101.81","-999.000","-999.000","405.5","417.9","-999.0","-999.0","-999.0","-999.0","-999.0","-999.0"
"TWANOH_123W_47N","47.375","-123.008","09/04/2014","21:17","404.3","2","3.43","396.6","2","3.32","1017.8","16.6","102.07","-999.000","-999.000","405.7","397.9","-999.0","-999.0","-999.0","-999.0","-999.0","-999.0"
"TWANOH_123W_47N","47.375","-123.008","09/05/2014","00:17","405.8","2","3.70","393.5","2","3.49","1016.2","21.0","102.19","-999.000","-999.000","407.3","394.8","-999.0","-999.0","-999.0","-999.0","-999.0","-999.0"
"TWANOH_123W_47N","47.375","-123.008","09/05/2014","03:17","396.9","2","3.34","395.8","2","2.78","1016.4","22.2","102.16","-999.000","-999.000","398.3","396.9","-999.0","-999.0","-999.0","-999.0","-999.0","-999.0"
"TWANOH_123W_47N","47.375","-123.008","09/05/2014","06:17","372.7","2","3.58","406.8","2","3.23","1017.4","19.9","102.16","-999.000","-999.000","374.0","408.1","-999.0","-999.0","-999.0","-999.0","-999.0","-999.0"
"TWANOH_123W_47N","47.375","-123.008","09/05/2014","09:17","375.5","2","3.26","428.4","2","3.05","1018.0","18.1","102.14","-999.000","-999.000","376.8","429.7","-999.0","-999.0","-999.0","-999.0","-999.0","-999.0"
"TWANOH_123W_47N","47.375","-123.008","09/05/2014","12:17","377.5","2","3.07","441.4","2","2.92","1018.6","17.0","101.95","-999.000","-999.000","378.6","442.7","-999.0","-999.0","-999.0","-999.0","-999.0","-999.0"
"TWANOH_123W_47N","47.375","-123.008","09/05/2014","15:17","375.5","2","3.17","445.2","2","3.05","1019.7","16.0","101.80","-999.000","-999.000","376.7","446.5","-999.0","-999.0","-999.0","-999.0","-999.0","-999.0"
"TWANOH_123W_47N","47.375","-123.008","09/05/2014","18:17","409.9","2","3.55","417.2","2","3.40","1019.0","15.9","101.75","-999.000","-999.000","411.3","418.7","-999.0","-999.0","-999.0","-999.0","-999.0","-999.0"
"TWANOH_123W_47N","47.375","-123.008","09/05/2014","21:17","441.1","2","3.65","395.5","2","3.53","1017.0","17.4","101.99","-999.000","-999.000","442.7","396.9","-999.0","-999.0","-999.0","-999.0","-999.0","-999.0"
"TWANOH_123W_47N","47.375","-123.008","09/06/2014","00:17","426.6","2","4.00","391.2","2","3.77","1015.3","22.1","102.21","-999.000","-999.000","428.3","392.6","-999.0","-999.0","-999.0","-999.0","-999.0","-999.0"
"TWANOH_123W_47N","47.375","-123.008","09/06/2014","03:17","421.7","2","3.64","400.7","2","2.94","1014.9","23.6","102.26","-999.000","-999.000","423.2","401.9","-999.0","-999.0","-999.0","-999.0","-999.0","-999.0"
"TWANOH_123W_47N","47.375","-123.008","09/06/2014","06:17","399.2","2","3.85","435.7","2","3.52","1016.2","21.0","102.57","-999.000","-999.000","400.7","437.2","-999.0","-999.0","-999.0","-999.0","-999.0","-999.0"
"TWANOH_123W_47N","47.375","-123.008","09/06/2014","09:17","396.9","2","3.62","438.3","2","3.37","1015.5","19.2","102.64","-999.000","-999.000","398.4","439.8","-999.0","-999.0","-999.0","-999.0","-999.0","-999.0"
"TWANOH_123W_47N","47.375","-123.008","09/06/2014","12:17","403.6","2","3.49","435.0","2","3.26","1015.1","18.1","102.58","-999.000","-999.000","405.0","436.5","-999.0","-999.0","-999.0","-999.0","-999.0","-999.0"
"TWANOH_123W_47N","47.375","-123.008","09/06/2014","15:17","403.2","2","3.54","452.1","2","3.35","1015.5","17.2","102.55","-999.000","-999.000","404.6","453.6","-999.0","-999.0","-999.0","-999.0","-999.0","-999.0"
"TWANOH_123W_47N","47.375","-123.008","09/06/2014","18:17","399.6","2","3.88","424.4","2","3.67","1014.0","17.0","102.68","-999.000","-999.000","401.2","425.9","-999.0","-999.0","-999.0","-999.0","-999.0","-999.0"
"TWANOH_123W_47N","47.375","-123.008","09/06/2014","21:17","408.1","2","3.99","401.2","2","3.86","1011.7","18.5","103.11","-999.000","-999.000","409.7","402.7","-999.0","-999.0","-999.0","-999.0","-999.0","-999.0"
"TWANOH_123W_47N","47.375","-123.008","09/07/2014","00:17","405.3","2","4.31","405.7","2","4.07","1009.3","22.8","103.69","-999.000","-999.000","407.0","407.4","-999.0","-999.0","-999.0","-999.0","-999.0","-999.0"
"TWANOH_123W_47N","47.375","-123.008","09/07/2014","03:17","404.9","2","3.53","424.1","2","3.19","1008.9","23.6","103.62","-999.000","-999.000","406.3","425.4","-999.0","-999.0","-999.0","-999.0","-999.0","-999.0"
"TWANOH_123W_47N","47.375","-123.008","09/07/2014","06:17","397.3","2","4.16","436.3","2","3.78","1010.1","21.3","103.68","-999.000","-999.000","399.0","438.0","-999.0","-999.0","-999.0","-999.0","-999.0","-999.0"
"TWANOH_123W_47N","47.375","-123.008","09/07/2014","09:17","390.0","2","3.75","441.7","2","3.47","1010.3","19.7","103.76","-999.000","-999.000","391.4","443.2","-999.0","-999.0","-999.0","-999.0","-999.0","-999.0"
"TWANOH_123W_47N","47.375","-123.008","09/07/2014","12:17","402.6","2","3.24","437.0","2","3.05","1010.4","18.2","103.57","-999.000","-999.000","403.9","438.3","-999.0","-999.0","-999.0","-999.0","-999.0","-999.0"
"TWANOH_123W_47N","47.375","-123.008","09/07/2014","15:17","393.8","2","3.58","415.8","2","3.40","1011.4","17.0","103.56","-999.000","-999.000","395.2","417.2","-999.0","-999.0","-999.0","-999.0","-999.0","-999.0"
"TWANOH_123W_47N","47.375","-123.008","09/07/2014","18:17","405.3","2","3.81","412.7","2","3.60","1011.4","16.8","103.52","-999.000","-999.000","406.9","414.1","-999.0","-999.0","-999.0","-999.0","-999.0","-999.0"
"TWANOH_123W_47N","47.375","-123.008","09/07/2014","21:17","409.9","2","3.91","400.0","2","3.79","1009.6","18.2","103.93","-999.000","-999.000","411.5","401.5","-999.0","-999.0","-999.0","-999.0","-999.0","-999.0"
"TWANOH_123W_47N","47.375","-123.008","09/08/2014","00:17","398.5","2","3.91","390.4","2","3.70","1007.7","22.1","104.21","-999.000","-999.000","400.1","391.8","-999.0","-999.0","-999.0","-999.0","-999.0","-999.0"
"TWANOH_123W_47N","47.375","-123.008","09/08/2014","03:17","402.9","2","3.51","394.1","2","3.11","1008.0","22.9","103.87","-999.000","-999.000","404.3","395.4","-999.0","-999.0","-999.0","-999.0","-999.0","-999.0"
"TWANOH_123W_47N","47.375","-123.008","09/08/2014","06:17","395.0","2","3.70","406.0","2","3.48","1009.0","20.7","103.83","-999.000","-999.000","396.5","407.4","-999.0","-999.0","-999.0","-999.0","-999.0","-999.0"
"TWANOH_123W_47N","47.375","-123.008","09/08/2014","09:17","395.2","2","3.51","408.6","2","3.36","1009.6","18.9","103.94","-999.000","-999.000","396.6","409.9","-999.0","-999.0","-999.0","-999.0","-999.0","-999.0"
"TWANOH_123W_47N","47.375","-123.008","09/08/2014","12:17","389.2","2","3.41","411.0","2","3.28","1009.8","17.8","104.10","-999.000","-999.000","390.5","412.3","-999.0","-999.0","-999.0","-999.0","-999.0","-999.0"
"TWANOH_123W_47N","47.375","-123.008","09/08/2014","15:17","391.0","2","3.44","407.1","2","3.29","1010.7","17.2","103.89","-999.000","-999.000","392.4","408.4","-999.0","-999.0","-999.0","-999.0","-999.0","-999.0"
"TWANOH_123W_47N","47.375","-123.008","09/08/2014","18:17","400.7","2","3.96","403.6","2","3.74","1011.2","17.3","103.77","-999.000","-999.000","402.3","405.1","-999.0","-999.0","-999.0","-999.0","-999.0","-999.0"
"TWANOH_123W_47N","47.375","-123.008","09/08/2014","21:17","402.3","2","4.12","396.1","2","3.82","1010.7","18.3","103.74","-999.000","-999.000","404.0","397.6","-999.0","-999.0","-999.0","-999.0","-999.0","-999.0"
"TWANOH_123W_47N","47.375","-123.008","09/09/2014","00:17","383.8","2","4.45","388.9","2","4.29","1010.0","20.0","104.13","-999.000","-999.000","385.5","390.5","-999.0","-999.0","-999.0","-999.0","-999.0","-999.0"
"TWANOH_123W_47N","47.375","-123.008","09/09/2014","03:17","394.3","2","3.82","402.5","2","3.52","1011.1","20.4","103.77","-999.000","-999.000","395.8","403.9","-999.0","-999.0","-999.0","-999.0","-999.0","-999.0"
"TWANOH_123W_47N","47.375","-123.008","09/09/2014","06:17","401.9","2","3.85","401.0","2","3.60","1012.6","19.5","103.53","-999.000","-999.000","403.4","402.4","-999.0","-999.0","-999.0","-999.0","-999.0","-999.0"
"TWANOH_123W_47N","47.375","-123.008","09/09/2014","09:17","393.8","2","3.59","403.6","2","3.39","1013.6","18.7","103.44","-999.000","-999.000","395.2","405.0","-999.0","-999.0","-999.0","-999.0","-999.0","-999.0"
"TWANOH_123W_47N","47.375","-123.008","09/09/2014","12:17","385.9","2","3.31","408.2","2","3.15","1015.0","17.6","103.48","-999.000","-999.000","387.2","409.5","-999.0","-999.0","-999.0","-999.0","-999.0","-999.0"
"TWANOH_123W_47N","47.375","-123.008","09/09/2014","15:17","390.6","2","3.28","411.5","2","3.12","1017.4","16.8","103.20","-999.000","-999.000","391.9","412.8","-999.0","-999.0","-999.0","-999.0","-999.0","-999.0"
"TWANOH_123W_47N","47.375","-123.008","09/09/2014","18:17","397.7","2","3.83","401.6","2","3.65","1018.8","16.9","103.17","-999.000","-999.000","399.2","403.0","-999.0","-999.0","-999.0","-999.0","-999.0","-999.0"
"TWANOH_123W_47N","47.375","-123.008","09/09/2014","21:17","400.1","2","4.16","394.7","2","4.04","1018.6","18.6","103.09","-999.000","-999.000","401.8","396.3","-999.0","-999.0","-999.0","-999.0","-999.0","-999.0"
"TWANOH_123W_47N","47.375","-123.008","09/10/2014","00:17","386.2","2","4.05","392.5","2","3.68","1017.6","20.4","103.30","-999.000","-999.000","387.8","394.0","-999.0","-999.0","-999.0","-999.0","-999.0","-999.0"
"TWANOH_123W_47N","47.375","-123.008","09/10/2014","03:17","393.2","2","4.09","393.9","2","3.75","1018.2","20.9","103.13","-999.000","-999.000","394.8","395.4","-999.0","-999.0","-999.0","-999.0","-999.0","-999.0"
"TWANOH_123W_47N","47.375","-123.008","09/10/2014","06:17","398.2","2","3.52","400.0","2","3.33","1019.3","19.4","102.96","-999.000","-999.000","399.6","401.3","-999.0","-999.0","-999.0","-999.0","-999.0","-999.0"
"TWANOH_123W_47N","47.375","-123.008","09/10/2014","09:17","411.9","2","3.30","401.8","2","3.16","1019.9","17.9","102.72","-999.000","-999.000","413.2","403.1","-999.0","-999.0","-999.0","-999.0","-999.0","-999.0"
"TWANOH_123W_47N","47.375","-123.008","09/10/2014","12:17","423.9","2","3.23","405.0","2","3.11","1020.5","17.1","102.50","-999.000","-999.000","425.3","406.3","-999.0","-999.0","-999.0","-999.0","-999.0","-999.0"
"TWANOH_123W_47N","47.375","-123.008","09/10/2014","15:17","443.1","2","3.14","407.3","2","3.03","1021.6","16.5","102.03","-999.000","-999.000","444.5","408.5","-999.0","-999.0","-999.0","-999.0","-999.0","-999.0"
"TWANOH_123W_47N","47.375","-123.008","09/10/2014","18:17","404.4","2","3.45","408.1","2","3.28","1022.7","16.4","101.97","-999.000","-999.000","405.8","409.4","-999.0","-999.0","-999.0","-999.0","-999.0","-999.0"
"TWANOH_123W_47N","47.375","-123.008","09/10/2014","21:17","416.3","2","3.95","398.9","2","3.84","1021.5","17.9","102.22","-999.000","-999.000","418.0","400.5","-999.0","-999.0","-999.0","-999.0","-999.0","-999.0"
"TWANOH_123W_47N","47.375","-123.008","09/11/2014","00:17","399.7","2","4.04","392.7","2","3.82","1020.0","20.6","102.47","-999.000","-999.000","401.3","394.2","-999.0","-999.0","-999.0","-999.0","-999.0","-999.0"
"TWANOH_123W_47N","47.375","-123.008","09/11/2014","03:17","394.5","2","3.17","394.6","2","2.47","1020.4","20.8","102.35","-999.000","-999.000","395.7","395.6","-999.0","-999.0","-999.0","-999.0","-999.0","-999.0"
"TWANOH_123W_47N","47.375","-123.008","09/11/2014","06:17","397.1","2","3.12","406.0","2","2.68","1021.6","18.9","102.29","-999.000","-999.000","398.3","407.0","-999.0","-999.0","-999.0","-999.0","-999.0","-999.0"
"TWANOH_123W_47N","47.375","-123.008","09/11/2014","09:17","418.0","2","2.89","423.9","2","2.63","1022.4","17.0","102.07","-999.000","-999.000","419.2","425.0","-999.0","-999.0","-999.0","-999.0","-999.0","-999.0"
"TWANOH_123W_47N","47.375","-123.008","09/11/2014","12:17","418.4","2","2.65","416.7","2","2.40","1023.3","15.5","101.91","-999.000","-999.000","419.5","417.7","-999.0","-999.0","-999.0","-999.0","-999.0","-999.0"
"TWANOH_123W_47N","47.375","-123.008","09/11/2014","15:17","396.8","2","3.24","399.4","2","2.81","1024.2","15.2","101.95","-999.000","-999.000","398.1","400.5","-999.0","-999.0","-999.0","-999.0","-999.0","-999.0"
"TWANOH_123W_47N","47.375","-123.008","09/11/2014","18:17","414.9","2","3.25","395.5","2","2.75","1024.4","16.2","101.74","-999.000","-999.000","416.3","396.6","-999.0","-999.0","-999.0","-999.0","-999.0","-999.0"
"TWANOH_123W_47N","47.375","-123.008","09/11/2014","21:17","414.4","2","3.33","394.3","2","2.84","1022.7","17.3","101.72","-999.000","-999.000","415.8","395.4","-999.0","-999.0","-999.0","-999.0","-999.0","-999.0"
"TWANOH_123W_47N","47.375","-123.008","09/12/2014","00:17","405.4","2","3.66","392.1","2","2.96","1020.3","20.1","101.82","-999.000","-999.000","406.9","393.3","-999.0","-999.0","-999.0","-999.0","-999.0","-999.0"
"TWANOH_123W_47N","47.375","-123.008","09/12/2014","03:17","401.3","2","3.66","397.9","2","3.03","1019.1","21.0","101.87","-999.000","-999.000","402.7","399.2","-999.0","-999.0","-999.0","-999.0","-999.0","-999.0"
"TWANOH_123W_47N","47.375","-123.008","09/12/2014","06:17","412.2","2","3.54","397.7","2","2.97","1018.8","19.1","101.79","-999.000","-999.000","413.6","398.9","-999.0","-999.0","-999.0","-999.0","-999.0","-999.0"
"TWANOH_123W_47N","47.375","-123.008","09/12/2014","09:17","400.2","2","3.36","400.7","2","2.78","1018.4","17.8","101.87","-999.000","-999.000","401.5","401.8","-999.0","-999.0","-999.0","-999.0","-999.0","-999.0"
"TWANOH_123W_47N","47.375","-123.008","09/12/2014","12:17","416.3","2","2.86","412.5","2","2.47","1017.4","16.5","101.76","-999.000","-999.000","417.5","413.5","-999.0","-999.0","-999.0","-999.0","-999.0","-999.0"
"TWANOH_123W_47N","47.375","-123.008","09/12/2014","15:17","413.8","2","2.97","422.5","2","2.75","1016.5","15.5","101.68","-999.000","-999.000","415.0","423.7","-999.0","-999.0","-999.0","-999.0","-999.0","-999.0"
"TWANOH_123W_47N","47.375","-123.008","09/12/2014","18:17","390.2","2","3.36","398.0","2","3.01","1015.8","15.2","101.88","-999.000","-999.000","391.5","399.2","-999.0","-999.0","-999.0","-999.0","-999.0","-999.0"
"TWANOH_123W_47N","47.375","-123.008","09/12/2014","21:17","385.4","2","3.41","395.7","2","2.86","1014.0","17.2","102.19","-999.000","-999.000","386.7","396.9","-999.0","-999.0","-999.0","-999.0","-999.0","-999.0"
"TWANOH_123W_47N","47.375","-123.008","09/13/2014","00:17","379.0","2","3.83","393.7","2","3.22","1012.5","20.5","102.65","-999.000","-999.000","380.5","395.0","-999.0","-999.0","-999.0","-999.0","-999.0","-999.0"
"TWANOH_123W_47N","47.375","-123.008","09/13/2014","03:17","361.4","2","3.79","403.8","2","3.16","1012.4","21.5","103.00","-999.000","-999.000","362.8","405.0","-999.0","-999.0","-999.0","-999.0","-999.0","-999.0"
"TWANOH_123W_47N","47.375","-123.008","09/13/2014","06:17","369.2","2","3.22","412.1","2","2.78","1013.4","19.0","103.10","-999.000","-999.000","370.4","413.3","-999.0","-999.0","-999.0","-999.0","-999.0","-999.0"
"TWANOH_123W_47N","47.375","-123.008","09/13/2014","09:17","379.4","2","3.06","415.4","2","2.74","1013.7","17.2","103.15","-999.000","-999.000","380.6","416.6","-999.0","-999.0","-999.0","-999.0","-999.0","-999.0"
"TWANOH_123W_47N","47.375","-123.008","09/13/2014","12:17","380.9","2","2.85","430.7","2","2.64","1013.1","16.1","103.14","-999.000","-999.000","382.0","431.8","-999.0","-999.0","-999.0","-999.0","-999.0","-999.0"
"TWANOH_123W_47N","47.375","-123.008","09/13/2014","15:17","375.8","2","2.91","437.0","2","2.74","1013.7","15.1","102.97","-999.000","-999.000","376.9","438.2","-999.0","-999.0","-999.0","-999.0","-999.0","-999.0"
"TWANOH_123W_47N","47.375","-123.008","09/13/2014","18:17","374.9","2","3.22","420.0","2","3.04","1012.9","14.8","102.98","-999.000","-999.000","376.1","421.3","-999.0","-999.0","-999.0","-999.0","-999.0","-999.0"
"TWANOH_123W_47N","47.375","-123.008","09/13/2014","21:17","389.9","2","3.43","394.9","2","3.30","1010.9","16.7","103.16","-999.000","-999.000","391.3","396.2","-999.0","-999.0","-999.0","-999.0","-999.0","-999.0"
"TWANOH_123W_47N","47.375","-123.008","09/14/2014","00:17","393.2","2","4.02","394.8","2","3.70","1009.2","20.8","103.12","-999.000","-999.000","394.8","396.2","-999.0","-999.0","-999.0","-999.0","-999.0","-999.0"
"TWANOH_123W_47N","47.375","-123.008","09/14/2014","03:17","377.9","2","3.82","407.5","2","3.29","1009.0","22.1","102.99","-999.000","-999.000","379.4","408.8","-999.0","-999.0","-999.0","-999.0","-999.0","-999.0"
"TWANOH_123W_47N","47.375","-123.008","09/14/2014","06:17","389.7","2","3.46","428.6","2","3.16","1010.0","19.3","102.59","-999.000","-999.000","391.1","429.9","-999.0","-999.0","-999.0","-999.0","-999.0","-999.0"
"TWANOH_123W_47N","47.375","-123.008","09/14/2014","09:17","364.2","2","3.18","438.4","2","2.92","1010.7","17.6","102.93","-999.000","-999.000","365.4","439.7","-999.0","-999.0","-999.0","-999.0","-999.0","-999.0"
"TWANOH_123W_47N","47.375","-123.008","09/14/2014","12:17","373.4","2","2.82","444.2","2","2.60","1011.2","16.3","102.86","-999.000","-999.000","374.4","445.3","-999.0","-999.0","-999.0","-999.0","-999.0","-999.0"
"TWANOH_123W_47N","47.375","-123.008","09/14/2014","15:17","370.5","2","2.94","450.2","2","2.78","1011.8","15.1","102.94","-999.000","-999.000","371.6","451.4","-999.0","-999.0","-999.0","-999.0","-999.0","-999.0"
"TWANOH_123W_47N","47.375","-123.008","09/14/2014","18:17","366.6","2","3.32","434.8","2","3.12","1011.4","14.8","103.20","-999.000","-999.000","367.8","436.1","-999.0","-999.0","-999.0","-999.0","-999.0","-999.0"
"TWANOH_123W_47N","47.375","-123.008","09/14/2014","21:17","380.7","2","3.48","410.7","2","3.37","1010.2","16.4","103.58","-999.000","-999.000","382.0","412.1","-999.0","-999.0","-999.0","-999.0","-999.0","-999.0"
"TWANOH_123W_47N","47.375","-123.008","09/15/2014","00:17","395.5","2","3.57","402.1","2","3.37","1008.8","20.6","103.85","-999.000","-999.000","396.9","403.5","-999.0","-999.0","-999.0","-999.0","-999.0","-999.0"
"TWANOH_123W_47N","47.375","-123.008","09/15/2014","03:17","381.1","2","3.17","419.5","2","2.86","1008.6","21.8","103.61","-999.000","-999.000","382.3","420.7","-999.0","-999.0","-999.0","-999.0","-999.0","-999.0"
"TWANOH_123W_47N","47.375","-123.008","09/15/2014","06:17","369.6","2","3.65","430.9","2","3.34","1009.6","19.5","103.88","-999.000","-999.000","371.0","432.4","-999.0","-999.0","-999.0","-999.0","-999.0","-999.0"
"TWANOH_123W_47N","47.375","-123.008","09/15/2014","09:17","360.9","2","3.30","440.7","2","3.05","1010.4","18.0","104.15","-999.000","-999.000","362.1","442.1","-999.0","-999.0","-999.0","-999.0","-999.0","-999.0"
"TWANOH_123W_47N","47.375","-123.008","09/15/2014","12:17","372.9","2","2.95","440.3","2","2.75","1010.7","16.6","104.01","-999.000","-999.000","374.0","441.5","-999.0","-999.0","-999.0","-999.0","-999.0","-999.0"
"TWANOH_123W_47N","47.375","-123.008","09/15/2014","15:17","380.4","2","3.01","453.3","2","2.84","1010.7","15.4","103.87","-999.000","-999.000","381.6","454.6","-999.0","-999.0","-999.0","-999.0","-999.0","-999.0"
"TWANOH_123W_47N","47.375","-123.008","09/15/2014","18:17","378.2","2","3.47","445.7","2","3.30","1009.9","15.2","104.07","-999.000","-999.000","379.5","447.2","-999.0","-999.0","-999.0","-999.0","-999.0","-999.0"
"TWANOH_123W_47N","47.375","-123.008","09/15/2014","21:17","388.2","2","3.61","415.3","2","3.51","1008.2","16.6","104.17","-999.000","-999.000","389.6","416.7","-999.0","-999.0","-999.0","-999.0","-999.0","-999.0"
"TWANOH_123W_47N","47.375","-123.008","09/16/2014","00:17","419.2","2","3.71","424.7","2","3.53","1006.8","19.9","104.20","-999.000","-999.000","420.8","426.2","-999.0","-999.0","-999.0","-999.0","-999.0","-999.0"
"TWANOH_123W_47N","47.375","-123.008","09/16/2014","03:17","383.8","2","3.08","416.0","2","2.81","1007.4","21.0","103.95","-999.000","-999.000","385.0","417.1","-999.0","-999.0","-999.0","-999.0","-999.0","-999.0"
"TWANOH_123W_47N","47.375","-123.008","09/16/2014","06:17","380.8","2","3.84","425.3","2","3.54","1008.4","19.7","103.81","-999.000","-999.000","382.3","426.8","-999.0","-999.0","-999.0","-999.0","-999.0","-999.0"
"TWANOH_123W_47N","47.375","-123.008","09/16/2014","09:17","377.9","2","3.65","411.4","2","3.42","1009.7","18.6","103.80","-999.000","-999.000","379.3","412.8","-999.0","-999.0","-999.0","-999.0","-999.0","-999.0"
"TWANOH_123W_47N","47.375","-123.008","09/16/2014","12:17","396.6","2","3.58","406.1","2","3.39","1009.9","18.0","103.80","-999.000","-999.000","398.0","407.5","-999.0","-999.0","-999.0","-999.0","-999.0","-999.0"
"TWANOH_123W_47N","47.375","-123.008","09/16/2014","15:17","396.4","2","3.65","404.9","2","3.48","1010.6","17.6","103.56","-999.000","-999.000","397.9","406.3","-999.0","-999.0","-999.0","-999.0","-999.0","-999.0"
"TWANOH_123W_47N","47.375","-123.008","09/16/2014","18:17","396.1","2","3.94","400.5","2","3.69","1010.8","17.8","103.60","-999.000","-999.000","397.7","402.0","-999.0","-999.0","-999.0","-999.0","-999.0","-999.0"
"TWANOH_123W_47N","47.375","-123.008","09/16/2014","21:17","390.8","2","4.09","395.0","2","3.76","1010.5","18.6","103.72","-999.000","-999.000","392.4","396.5","-999.0","-999.0","-999.0","-999.0","-999.0","-999.0"
"TWANOH_123W_47N","47.375","-123.008","09/17/2014","00:17","390.5","2","4.09","393.9","2","3.72","1010.0","19.6","103.67","-999.000","-999.000","392.1","395.3","-999.0","-999.0","-999.0","-999.0","-999.0","-999.0"
"TWANOH_123W_47N","47.375","-123.008","09/17/2014","03:17","392.7","2","3.90","397.4","2","3.62","1009.9","19.4","103.61","-999.000","-999.000","394.2","398.8","-999.0","-999.0","-999.0","-999.0","-999.0","-999.0"
"TWANOH_123W_47N","47.375","-123.008","09/17/2014","06:17","390.3","2","3.85","402.2","2","3.60","1009.9","18.8","103.51","-999.000","-999.000","391.8","403.6","-999.0","-999.0","-999.0","-999.0","-999.0","-999.0"
"TWANOH_123W_47N","47.375","-123.008","09/17/2014","09:17","386.3","2","3.60","411.5","2","3.40","1009.3","18.2","103.33","-999.000","-999.000","387.7","412.9","-999.0","-999.0","-999.0","-999.0","-999.0","-999.0"
"TWANOH_123W_47N","47.375","-123.008","09/17/2014","12:17","390.8","2","3.46","424.8","2","3.27","1007.9","17.5","103.16","-999.000","-999.000","392.2","426.2","-999.0","-999.0","-999.0","-999.0","-999.0","-999.0"
"TWANOH_123W_47N","47.375","-123.008","09/17/2014","15:17","387.9","2","3.50","428.0","2","3.34","1007.2","16.9","103.09","-999.000","-999.000","389.3","429.5","-999.0","-999.0","-999.0","-999.0","-999.0","-999.0"
"TWANOH_123W_47N","47.375","-123.008","09/17/2014","18:17","399.5","2","3.93","411.3","2","3.74","1007.1","17.1","103.04","-999.000","-999.000","401.1","412.9","-999.0","-999.0","-999.0","-999.0","-999.0","-999.0"
"TWANOH_123W_47N","47.375","-123.008","09/17/2014","21:17","385.1","2","4.18","398.9","2","4.05","1005.5","18.5","103.33","-999.000","-999.000","386.7","400.5","-999.0","-999.0","-999.0","-999.0","-999.0","-999.0"
"TWANOH_123W_47N","47.375","-123.008","09/18/2014","00:17","383.6","2","4.14","394.8","2","3.82","1004.9","19.5","103.35","-999.000","-999.000","385.2","396.3","-999.0","-999.0","-999.0","-999.0","-999.0","-999.0"
"TWANOH_123W_47N","47.375","-123.008","09/18/2014","03:17","385.8","2","3.89","397.0","2","3.71","1006.9","19.6","103.33","-999.000","-999.000","387.3","398.5","-999.0","-999.0","-999.0","-999.0","-999.0","-999.0"
"TWANOH_123W_47N","47.375","-123.008","09/18/2014","06:17","391.6","2","3.71","401.8","2","3.56","1006.2","18.7","103.32","-999.000","-999.000","393.1","403.2","-999.0","-999.0","-999.0","-999.0","-999.0","-999.0"
"TWANOH_123W_47N","47.375","-123.008","09/18/2014","09:17","394.6","2","3.63","411.2","2","3.50","1005.8","18.1","103.24","-999.000","-999.000","396.0","412.7","-999.0","-999.0","-999.0","-999.0","-999.0","-999.0"
"TWANOH_123W_47N","47.375","-123.008","09/18/2014","12:17","387.9","2","3.61","413.5","2","3.49","1005.5","17.7","103.24","-999.000","-999.000","389.3","414.9","-999.0","-999.0","-999.0","-999.0","-999.0","-999.0"
"TWANOH_123W_47N","47.375","-123.008","09/18/2014","15:17","391.0","2","3.70","411.3","2","3.58","1006.9","17.6","103.26","-999.000","-999.000","392.5","412.8","-999.0","-999.0","-999.0","-999.0","-999.0","-999.0"
"TWANOH_123W_47N","47.375","-123.008","09/18/2014","18:17","393.2","2","3.90","408.7","2","3.74","1008.8","17.8","103.25","-999.000","-999.000","394.8","410.3","-999.0","-999.0","-999.0","-999.0","-999.0","-999.0"
"TWANOH_123W_47N","47.375","-123.008","09/18/2014","21:17","397.9","2","4.17","394.6","2","3.95","1008.7","18.5","103.45","-999.000","-999.000","399.6","396.1","-999.0","-999.0","-999.0","-999.0","-999.0","-999.0"
"TWANOH_123W_47N","47.375","-123.008","09/19/2014","00:17","392.3","2","4.01","394.5","2","3.78","1009.7","19.7","103.48","-999.000","-999.000","393.9","396.0","-999.0","-999.0","-999.0","-999.0","-999.0","-999.0"
"TWANOH_123W_47N","47.375","-123.008","09/19/2014","03:17","420.3","2","3.85","398.7","2","3.70","1011.3","19.0","103.22","-999.000","-999.000","421.9","400.2","-999.0","-999.0","-999.0","-999.0","-999.0","-999.0"
"TWANOH_123W_47N","47.375","-123.008","09/19/2014","06:17","598.6","2","3.70","403.6","2","3.61","1012.7","18.3","101.45","-999.000","-999.000","600.8","405.1","-999.0","-999.0","-999.0","-999.0","-999.0","-999.0"
"TWANOH_123W_47N","47.375","-123.008","09/19/2014","09:17","630.8","2","3.64","405.1","2","3.56","1013.7","17.9","100.14","-999.000","-999.000","633.1","406.6","-999.0","-999.0","-999.0","-999.0","-999.0","-999.0"
"TWANOH_123W_47N","47.375","-123.008","09/19/2014","12:17","545.5","2","3.59","404.8","2","3.49","1015.0","17.7","99.63","-999.000","-999.000","547.4","406.2","-999.0","-999.0","-999.0","-999.0","-999.0","-999.0"
"TWANOH_123W_47N","47.375","-123.008","09/19/2014","15:17","482.3","2","3.70","407.5","2","3.59","1016.3","17.7","99.43","-999.000","-999.000","484.1","409.0","-999.0","-999.0","-999.0","-999.0","-999.0","-999.0"
"TWANOH_123W_47N","47.375","-123.008","09/19/2014","18:17","477.3","2","3.92","398.7","2","3.72","1017.8","18.0","99.47","-999.000","-999.000","479.2","400.2","-999.0","-999.0","-999.0","-999.0","-999.0","-999.0"
"TWANOH_123W_47N","47.375","-123.008","09/19/2014","21:17","469.1","2","4.09","396.8","2","3.80","1017.2","19.0","99.60","-999.000","-999.000","471.0","398.4","-999.0","-999.0","-999.0","-999.0","-999.0","-999.0"
"TWANOH_123W_47N","47.375","-123.008","09/20/2014","00:17","449.7","2","4.38","392.3","2","4.12","1016.8","20.2","100.03","-999.000","-999.000","451.6","394.0","-999.0","-999.0","-999.0","-999.0","-999.0","-999.0"
"TWANOH_123W_47N","47.375","-123.008","09/20/2014","03:17","405.1","2","3.68","405.0","2","3.51","1017.6","20.3","100.57","-999.000","-999.000","406.6","406.4","-999.0","-999.0","-999.0","-999.0","-999.0","-999.0"
"TWANOH_123W_47N","47.375","-123.008","09/20/2014","06:17","404.6","2","3.68","420.1","2","3.51","1018.1","18.8","100.89","-999.000","-999.000","406.1","421.6","-999.0","-999.0","-999.0","-999.0","-999.0","-999.0"
"TWANOH_123W_47N","47.375","-123.008","09/20/2014","09:17","417.2","2","3.53","443.2","2","3.39","1017.8","18.1","101.02","-999.000","-999.000","418.6","444.7","-999.0","-999.0","-999.0","-999.0","-999.0","-999.0"
"TWANOH_123W_47N","47.375","-123.008","09/20/2014","12:17","401.5","2","3.27","446.2","2","3.17","1017.4","17.2","101.11","-999.000","-999.000","402.9","447.6","-999.0","-999.0","-999.0","-999.0","-999.0","-999.0"
"TWANOH_123W_47N","47.375","-123.008","09/20/2014","15:17","404.7","2","3.39","449.2","2","3.29","1017.9","16.5","101.23","-999.000","-999.000","406.1","450.7","-999.0","-999.0","-999.0","-999.0","-999.0","-999.0"
"TWANOH_123W_47N","47.375","-123.008","09/20/2014","18:17","406.3","2","3.79","401.6","2","3.69","1016.7","16.6","101.39","-999.000","-999.000","407.8","403.1","-999.0","-999.0","-999.0","-999.0","-999.0","-999.0"
"TWANOH_123W_47N","47.375","-123.008","09/20/2014","21:17","405.5","2","3.93","401.2","2","3.80","1013.9","18.2","101.78","-999.000","-999.000","407.1","402.8","-999.0","-999.0","-999.0","-999.0","-999.0","-999.0"
"TWANOH_123W_47N","47.375","-123.008","09/21/2014","00:17","401.9","2","3.63","402.2","2","3.40","1011.5","21.5","102.13","-999.000","-999.000","403.3","403.5","-999.0","-999.0","-999.0","-999.0","-999.0","-999.0"
"TWANOH_123W_47N","47.375","-123.008","09/21/2014","03:17","404.2","2","3.62","413.4","2","3.32","1010.8","22.3","102.08","-999.000","-999.000","405.7","414.8","-999.0","-999.0","-999.0","-999.0","-999.0","-999.0"
"TWANOH_123W_47N","47.375","-123.008","09/21/2014","06:17","426.4","2","3.90","428.9","2","3.67","1010.8","20.4","101.99","-999.000","-999.000","428.1","430.5","-999.0","-999.0","-999.0","-999.0","-999.0","-999.0"
"TWANOH_123W_47N","47.375","-123.008","09/21/2014","09:17","403.9","2","3.58","436.1","2","3.41","1010.0","18.9","102.02","-999.000","-999.000","405.4","437.6","-999.0","-999.0","-999.0","-999.0","-999.0","-999.0"
"TWANOH_123W_47N","47.375","-123.008","09/21/2014","12:17","449.9","3","3.41","456.2","3","3.28","1009.8","17.8","101.64","-999.000","-999.000","451.5","457.6","-999.0","-999.0","-999.0","-999.0","-999.0","-999.0"
"TWANOH_123W_47N","47.375","-123.008","09/21/2014","15:17","467.1","3","3.55","457.7","3","3.40","1010.7","17.0","101.30","-999.000","-999.000","468.8","459.3","-999.0","-999.0","-999.0","-999.0","-999.0","-999.0"
"TWANOH_123W_47N","47.375","-123.008","09/21/2014","18:17","444.5","2","3.90","425.4","2","3.80","1010.7","16.8","101.57","-999.000","-999.000","446.2","427.0","-999.0","-999.0","-999.0","-999.0","-999.0","-999.0"
"TWANOH_123W_47N","47.375","-123.008","09/21/2014","21:17","424.7","2","4.10","393.8","2","3.98","1009.8","18.3","102.03","-999.000","-999.000","426.4","395.4","-999.0","-999.0","-999.0","-999.0","-999.0","-999.0"
"TWANOH_123W_47N","47.375","-123.008","09/22/2014","00:17","400.0","2","3.90","391.5","2","3.57","1009.3","20.4","102.61","-999.000","-999.000","401.6","392.9","-999.0","-999.0","-999.0","-999.0","-999.0","-999.0"
"TWANOH_123W_47N","47.375","-123.008","09/22/2014","03:17","416.3","2","3.84","398.9","2","3.61","1010.8","20.0","102.58","-999.000","-999.000","418.0","400.3","-999.0","-999.0","-999.0","-999.0","-999.0","-999.0"
"TWANOH_123W_47N","47.375","-123.008","09/22/2014","06:17","450.4","2","3.76","403.4","2","3.60","1012.2","18.7","102.28","-999.000","-999.000","452.1","404.9","-999.0","-999.0","-999.0","-999.0","-999.0","-999.0"
"TWANOH_123W_47N","47.375","-123.008","09/22/2014","09:17","472.7","2","3.56","406.4","2","3.44","1012.4","18.1","102.04","-999.000","-999.000","474.4","407.8","-999.0","-999.0","-999.0","-999.0","-999.0","-999.0"
"TWANOH_123W_47N","47.375","-123.008","09/22/2014","12:17","517.1","2","3.51","407.8","2","3.40","1012.6","17.6","101.44","-999.000","-999.000","519.0","409.2","-999.0","-999.0","-999.0","-999.0","-999.0","-999.0"
"TWANOH_123W_47N","47.375","-123.008","09/22/2014","15:17","530.0","2","3.57","402.7","2","3.45","1013.6","17.3","100.91","-999.000","-999.000","531.9","404.0","-999.0","-999.0","-999.0","-999.0","-999.0","-999.0"
"TWANOH_123W_47N","47.375","-123.008","09/22/2014","18:17","448.6","2","3.85","397.6","2","3.60","1014.1","17.6","101.21","-999.000","-999.000","450.4","399.0","-999.0","-999.0","-999.0","-999.0","-999.0","-999.0"
"TWANOH_123W_47N","47.375","-123.008","09/22/2014","21:17","398.5","2","3.99","394.5","2","3.78","1013.3","18.5","102.14","-999.000","-999.000","400.1","396.0","-999.0","-999.0","-999.0","-999.0","-999.0","-999.0"
"TWANOH_123W_47N","47.375","-123.008","09/23/2014","00:17","338.7","2","4.16","393.2","2","3.83","1012.3","19.7","103.60","-999.000","-999.000","340.1","394.7","-999.0","-999.0","-999.0","-999.0","-999.0","-999.0"
"TWANOH_123W_47N","47.375","-123.008","09/23/2014","03:17","341.3","2","3.55","401.5","2","3.36","1011.7","19.3","104.18","-999.000","-999.000","342.5","402.9","-999.0","-999.0","-999.0","-999.0","-999.0","-999.0"
"TWANOH_123W_47N","47.375","-123.008","09/23/2014","06:17","360.5","2","3.55","413.1","2","3.36","1011.9","18.3","104.31","-999.000","-999.000","361.7","414.5","-999.0","-999.0","-999.0","-999.0","-999.0","-999.0"
"TWANOH_123W_47N","47.375","-123.008","09/23/2014","09:17","366.4","2","3.43","423.7","2","3.30","1010.9","17.5","104.33","-999.000","-999.000","367.6","425.1","-999.0","-999.0","-999.0","-999.0","-999.0","-999.0"
"TWANOH_123W_47N","47.375","-123.008","09/23/2014","12:17","365.7","2","3.39","425.1","2","3.27","1009.4","17.0","104.24","-999.000","-999.000","366.9","426.5","-999.0","-999.0","-999.0","-999.0","-999.0","-999.0"
"TWANOH_123W_47N","47.375","-123.008","09/23/2014","15:17","384.6","2","3.52","423.9","2","3.39","1009.1","16.7","103.87","-999.000","-999.000","386.0","425.4","-999.0","-999.0","-999.0","-999.0","-999.0","-999.0"
"TWANOH_123W_47N","47.375","-123.008","09/23/2014","18:17","371.8","2","3.78","413.6","2","3.66","1009.2","16.9","103.95","-999.000","-999.000","373.2","415.1","-999.0","-999.0","-999.0","-999.0","-999.0","-999.0"
"TWANOH_123W_47N","47.375","-123.008","09/23/2014","21:17","368.3","2","3.85","403.7","2","3.72","1008.4","17.4","104.00","-999.000","-999.000","369.7","405.2","-999.0","-999.0","-999.0","-999.0","-999.0","-999.0"
"TWANOH_123W_47N","47.375","-123.008","09/24/2014","00:17","357.1","2","3.71","404.6","2","3.63","1007.6","17.9","104.32","-999.000","-999.000","358.5","406.1","-999.0","-999.0","-999.0","-999.0","-999.0","-999.0"
"TWANOH_123W_47N","47.375","-123.008","09/24/2014","03:17","381.5","2","3.70","417.8","2","3.59","1006.1","17.9","103.90","-999.000","-999.000","382.9","419.3","-999.0","-999.0","-999.0","-999.0","-999.0","-999.0"
"TWANOH_123W_47N","47.375","-123.008","09/24/2014","06:17","375.5","2","3.73","412.6","2","3.62","1004.0","17.9","103.51","-999.000","-999.000","376.9","414.1","-999.0","-999.0","-999.0","-999.0","-999.0","-999.0"
"TWANOH_123W_47N","47.375","-123.008","09/24/2014","09:17","373.1","2","3.67","410.1","2","3.57","1005.4","17.7","103.30","-999.000","-999.000","374.4","411.6","-999.0","-999.0","-999.0","-999.0","-999.0","-999.0"
"TWANOH_123W_47N","47.375","-123.008","09/24/2014","12:17","392.6","2","3.59","415.0","2","3.51","1005.2","17.5","102.82","-999.000","-999.000","394.1","416.5","-999.0","-999.0","-999.0","-999.0","-999.0","-999.0"
"TWANOH_123W_47N","47.375","-123.008","09/24/2014","15:17","380.7","2","3.57","407.1","2","3.49","1006.4","17.3","102.55","-999.000","-999.000","382.0","408.5","-999.0","-999.0","-999.0","-999.0","-999.0","-999.0"
"TWANOH_123W_47N","47.375","-123.008","09/24/2014","18:17","386.4","2","3.92","401.8","2","3.78","1008.7","17.4","102.57","-999.000","-999.000","387.9","403.3","-999.0","-999.0","-999.0","-999.0","-999.0","-999.0"
"TWANOH_123W_47N","47.375","-123.008","09/24/2014","21:17","405.3","2","4.17","398.8","2","4.00","1009.3","18.0","102.54","-999.000","-999.000","407.0","400.4","-999.0","-999.0","-999.0","-999.0","-999.0","-999.0"
"TWANOH_123W_47N","47.375","-123.008","09/25/2014","00:17","386.6","2","3.89","396.3","2","3.68","1009.0","18.8","102.81","-999.000","-999.000","388.1","397.7","-999.0","-999.0","-999.0","-999.0","-999.0","-999.0"
"TWANOH_123W_47N","47.375","-123.008","09/25/2014","03:17","389.5","2","3.40","413.8","2","3.31","1009.5","18.3","102.82","-999.000","-999.000","390.8","415.2","-999.0","-999.0","-999.0","-999.0","-999.0","-999.0"
"TWANOH_123W_47N","47.375","-123.008","09/25/2014","06:17","411.8","2","3.37","421.5","2","3.27","1009.8","17.3","102.71","-999.000","-999.000","413.2","422.9","-999.0","-999.0","-999.0","-999.0","-999.0","-999.0"
"TWANOH_123W_47N","47.375","-123.008","09/25/2014","09:17","418.5","2","3.35","432.4","2","3.26","1009.5","16.8","102.57","-999.000","-999.000","419.9","433.8","-999.0","-999.0","-999.0","-999.0","-999.0","-999.0"
"TWANOH_123W_47N","47.375","-123.008","09/25/2014","12:17","397.0","2","3.22","433.9","2","3.14","1009.1","16.4","102.61","-999.000","-999.000","398.3","435.3","-999.0","-999.0","-999.0","-999.0","-999.0","-999.0"
"TWANOH_123W_47N","47.375","-123.008","09/25/2014","15:17","387.1","2","3.25","448.3","2","3.17","1009.6","16.0","102.46","-999.000","-999.000","388.4","449.8","-999.0","-999.0","-999.0","-999.0","-999.0","-999.0"
"TWANOH_123W_47N","47.375","-123.008","09/25/2014","18:17","390.1","2","3.68","436.7","2","3.59","1010.2","16.1","102.53","-999.000","-999.000","391.5","438.2","-999.0","-999.0","-999.0","-999.0","-999.0","-999.0"
"TWANOH_123W_47N","47.375","-123.008","09/25/2014","21:17","399.3","2","3.83","406.4","2","3.72","1009.1","17.5","102.60","-999.000","-999.000","400.8","407.9","-999.0","-999.0","-999.0","-999.0","-999.0","-999.0"
"TWANOH_123W_47N","47.375","-123.008","09/26/2014","00:17","384.2","2","3.18","402.0","2","3.00","1008.9","19.0","102.74","-999.000","-999.000","385.4","403.2","-999.0","-999.0","-999.0","-999.0","-999.0","-999.0"
"TWANOH_123W_47N","47.375","-123.008","09/26/2014","03:17","386.0","2","3.33","413.6","2","3.23","1010.1","17.9","102.61","-999.000","-999.000","387.3","414.9","-999.0","-999.0","-999.0","-999.0","-999.0","-999.0"
"TWANOH_123W_47N","47.375","-123.008","09/26/2014","06:17","389.5","2","3.39","412.3","2","3.28","1010.6","17.0","102.48","-999.000","-999.000","390.8","413.7","-999.0","-999.0","-999.0","-999.0","-999.0","-999.0"
"TWANOH_123W_47N","47.375","-123.008","09/26/2014","09:17","396.4","2","3.37","413.1","2","3.28","1011.4","16.8","102.39","-999.000","-999.000","397.8","414.5","-999.0","-999.0","-999.0","-999.0","-999.0","-999.0"
"TWANOH_123W_47N","47.375","-123.008","09/26/2014","12:17","482.1","2","3.27","408.4","2","3.19","1011.2","16.5","101.62","-999.000","-999.000","483.7","409.7","-999.0","-999.0","-999.0","-999.0","-999.0","-999.0"
"TWANOH_123W_47N","47.375","-123.008","09/26/2014","15:17","459.8","2","3.34","407.7","2","3.25","1011.9","16.4","101.09","-999.000","-999.000","461.3","409.0","-999.0","-999.0","-999.0","-999.0","-999.0","-999.0"
"TWANOH_123W_47N","47.375","-123.008","09/26/2014","18:17","471.2","2","3.76","405.9","2","3.66","1014.1","16.5","100.93","-999.000","-999.000","473.0","407.4","-999.0","-999.0","-999.0","-999.0","-999.0","-999.0"
"TWANOH_123W_47N","47.375","-123.008","09/26/2014","21:17","436.1","2","3.74","402.2","2","3.69","1014.8","17.5","101.07","-999.000","-999.000","437.7","403.7","-999.0","-999.0","-999.0","-999.0","-999.0","-999.0"
"TWANOH_123W_47N","47.375","-123.008","09/27/2014","00:17","482.5","2","4.13","396.2","2","4.01","1014.9","18.6","101.14","-999.000","-999.000","484.5","397.8","-999.0","-999.0","-999.0","-999.0","-999.0","-999.0"
"TWANOH_123W_47N","47.375","-123.008","09/27/2014","03:17","511.2","2","2.80","406.8","2","2.72","1016.7","18.6","100.56","-999.000","-999.000","512.6","407.9","-999.0","-999.0","-999.0","-999.0","-999.0","-999.0"
"TWANOH_123W_47N","47.375","-123.008","09/27/2014","06:17","413.7","2","3.45","413.3","2","3.32","1018.2","17.5","100.86","-999.000","-999.000","415.2","414.7","-999.0","-999.0","-999.0","-999.0","-999.0","-999.0"
"TWANOH_123W_47N","47.375","-123.008","09/27/2014","09:17","436.2","2","3.29","424.9","2","3.18","1018.5","17.0","100.78","-999.000","-999.000","437.6","426.2","-999.0","-999.0","-999.0","-999.0","-999.0","-999.0"
"TWANOH_123W_47N","47.375","-123.008","09/27/2014","12:17","430.2","2","3.14","432.6","2","3.06","1018.4","16.5","100.84","-999.000","-999.000","431.5","434.0","-999.0","-999.0","-999.0","-999.0","-999.0","-999.0"
"TWANOH_123W_47N","47.375","-123.008","09/27/2014","15:17","426.0","2","3.06","440.4","2","3.00","1019.3","15.8","100.83","-999.000","-999.000","427.3","441.7","-999.0","-999.0","-999.0","-999.0","-999.0","-999.0"
"TWANOH_123W_47N","47.375","-123.008","09/27/2014","18:17","424.4","2","3.49","428.9","2","3.41","1019.3","15.5","100.93","-999.000","-999.000","425.8","430.4","-999.0","-999.0","-999.0","-999.0","-999.0","-999.0"
"TWANOH_123W_47N","47.375","-123.008","09/27/2014","21:17","445.5","2","3.53","411.2","2","3.44","1018.2","16.3","101.14","-999.000","-999.000","447.1","412.6","-999.0","-999.0","-999.0","-999.0","-999.0","-999.0"
"TWANOH_123W_47N","47.375","-123.008","09/28/2014","00:17","443.0","2","3.67","411.1","2","3.53","1017.5","18.9","101.38","-999.000","-999.000","444.6","412.6","-999.0","-999.0","-999.0","-999.0","-999.0","-999.0"
"TWANOH_123W_47N","47.375","-123.008","09/28/2014","03:17","426.8","2","2.45","419.1","2","2.33","1017.9","18.8","101.57","-999.000","-999.000","427.9","420.0","-999.0","-999.0","-999.0","-999.0","-999.0","-999.0"
"TWANOH_123W_47N","47.375","-123.008","09/28/2014","06:17","413.6","2","2.91","425.2","2","2.81","1018.4","16.9","101.66","-999.000","-999.000","414.8","426.4","-999.0","-999.0","-999.0","-999.0","-999.0","-999.0"
"TWANOH_123W_47N","47.375","-123.008","09/28/2014","09:17","413.5","2","2.80","439.5","2","2.71","1017.5","15.6","101.70","-999.000","-999.000","414.7","440.7","-999.0","-999.0","-999.0","-999.0","-999.0","-999.0"
"TWANOH_123W_47N","47.375","-123.008","09/28/2014","12:17","432.8","2","2.57","435.2","2","2.51","1016.9","14.6","101.63","-999.000","-999.000","433.9","436.2","-999.0","-999.0","-999.0","-999.0","-999.0","-999.0"
"TWANOH_123W_47N","47.375","-123.008","09/28/2014","15:17","437.2","2","2.48","450.7","2","2.44","1016.7","13.8","101.65","-999.000","-999.000","438.3","451.8","-999.0","-999.0","-999.0","-999.0","-999.0","-999.0"
"TWANOH_123W_47N","47.375","-123.008","09/28/2014","18:17","383.8","2","3.02","421.0","2","2.94","1016.5","13.9","102.07","-999.000","-999.000","385.0","422.2","-999.0","-999.0","-999.0","-999.0","-999.0","-999.0"
"TWANOH_123W_47N","47.375","-123.008","09/28/2014","21:17","360.6","2","3.44","417.1","2","3.36","1014.1","15.3","102.91","-999.000","-999.000","361.8","418.6","-999.0","-999.0","-999.0","-999.0","-999.0","-999.0"
"TWANOH_123W_47N","47.375","-123.008","09/29/2014","00:17","315.1","2","3.56","419.5","2","3.45","1012.3","16.7","104.20","-999.000","-999.000","316.2","421.0","-999.0","-999.0","-999.0","-999.0","-999.0","-999.0"
"TWANOH_123W_47N","47.375","-123.008","09/29/2014","03:17","300.1","2","3.13","425.0","2","2.90","1012.2","17.6","105.25","-999.000","-999.000","301.0","426.2","-999.0","-999.0","-999.0","-999.0","-999.0","-999.0"
"TWANOH_123W_47N","47.375","-123.008","09/29/2014","06:17","299.1","2","2.89","437.9","2","2.80","1011.8","16.3","105.55","-999.000","-999.000","300.0","439.2","-999.0","-999.0","-999.0","-999.0","-999.0","-999.0"
"TWANOH_123W_47N","47.375","-123.008","09/29/2014","09:17","318.0","2","2.86","442.0","2","2.79","1011.6","15.3","105.94","-999.000","-999.000","318.9","443.3","-999.0","-999.0","-999.0","-999.0","-999.0","-999.0"
"TWANOH_123W_47N","47.375","-123.008","09/29/2014","12:17","351.5","2","2.92","414.6","2","2.83","1011.4","14.9","105.90","-999.000","-999.000","352.5","415.7","-999.0","-999.0","-999.0","-999.0","-999.0","-999.0"
"TWANOH_123W_47N","47.375","-123.008","09/29/2014","15:17","364.1","2","2.99","430.6","2","2.90","1011.5","15.0","105.72","-999.000","-999.000","365.1","431.9","-999.0","-999.0","-999.0","-999.0","-999.0","-999.0"
"TWANOH_123W_47N","47.375","-123.008","09/29/2014","18:17","372.5","2","3.39","403.8","2","3.27","1011.4","15.3","105.42","-999.000","-999.000","373.8","405.1","-999.0","-999.0","-999.0","-999.0","-999.0","-999.0"
"TWANOH_123W_47N","47.375","-123.008","09/29/2014","21:17","399.5","2","3.37","403.8","2","3.24","1010.9","16.1","104.83","-999.000","-999.000","400.8","405.1","-999.0","-999.0","-999.0","-999.0","-999.0","-999.0"
"TWANOH_123W_47N","47.375","-123.008","09/30/2014","00:17","333.4","2","3.67","400.6","2","3.53","1009.8","16.5","105.27","-999.000","-999.000","334.6","402.0","-999.0","-999.0","-999.0","-999.0","-999.0","-999.0"
"TWANOH_123W_47N","47.375","-123.008","09/30/2014","03:17","304.4","2","3.37","403.0","2","3.21","1011.0","16.7","105.99","-999.000","-999.000","305.4","404.3","-999.0","-999.0","-999.0","-999.0","-999.0","-999.0"
"TWANOH_123W_47N","47.375","-123.008","09/30/2014","06:17","338.1","2","3.07","419.4","2","2.97","1013.7","16.1","105.68","-999.000","-999.000","339.1","420.7","-999.0","-999.0","-999.0","-999.0","-999.0","-999.0"
"TWANOH_123W_47N","47.375","-123.008","09/30/2014","09:17","331.0","2","2.89","426.9","2","2.81","1015.3","15.2","105.42","-999.000","-999.000","331.9","428.1","-999.0","-999.0","-999.0","-999.0","-999.0","-999.0"
"TWANOH_123W_47N","47.375","-123.008","09/30/2014","12:17","359.5","2","2.83","430.3","2","2.76","1015.7","14.7","105.05","-999.000","-999.000","360.6","431.5","-999.0","-999.0","-999.0","-999.0","-999.0","-999.0"
"TWANOH_123W_47N","47.375","-123.008","09/30/2014","15:17","330.0","2","2.90","424.4","2","2.82","1016.7","14.0","104.94","-999.000","-999.000","330.9","425.6","-999.0","-999.0","-999.0","-999.0","-999.0","-999.0"
"TWANOH_123W_47N","47.375","-123.008","09/30/2014","18:17","340.0","2","3.09","412.7","2","3.02","1017.9","14.0","104.74","-999.000","-999.000","341.1","413.9","-999.0","-999.0","-999.0","-999.0","-999.0","-999.0"
"TWANOH_123W_47N","47.375","-123.008","09/30/2014","21:17","359.5","2","3.16","402.7","2","3.07","1017.4","15.1","104.64","-999.000","-999.000","360.7","403.9","-999.0","-999.0","-999.0","-999.0","-999.0","-999.0"
"TWANOH_123W_47N","47.375","-123.008","10/01/2014","00:17","344.6","2","3.31","400.7","2","3.17","1017.4","17.9","104.51","-999.000","-999.000","345.7","401.9","-999.0","-999.0","-999.0","-999.0","-999.0","-999.0"
"TWANOH_123W_47N","47.375","-123.008","10/01/2014","03:17","348.3","2","2.59","412.3","2","2.43","1019.1","18.2","104.24","-999.000","-999.000","349.2","413.3","-999.0","-999.0","-999.0","-999.0","-999.0","-999.0"
"TWANOH_123W_47N","47.375","-123.008","10/01/2014","06:17","351.8","2","3.00","424.5","2","2.87","1020.1","16.7","104.11","-999.000","-999.000","352.9","425.7","-999.0","-999.0","-999.0","-999.0","-999.0","-999.0"
"TWANOH_123W_47N","47.375","-123.008","10/01/2014","09:17","351.3","2","2.80","442.1","2","2.70","1021.4","15.5","103.87","-999.000","-999.000","352.2","443.3","-999.0","-999.0","-999.0","-999.0","-999.0","-999.0"
"TWANOH_123W_47N","47.375","-123.008","10/01/2014","12:17","365.7","2","2.71","434.2","2","2.63","1021.7","14.7","103.58","-999.000","-999.000","366.7","435.3","-999.0","-999.0","-999.0","-999.0","-999.0","-999.0"
"TWANOH_123W_47N","47.375","-123.008","10/01/2014","15:17","374.7","2","2.73","439.1","2","2.66","1022.4","14.2","103.67","-999.000","-999.000","375.7","440.3","-999.0","-999.0","-999.0","-999.0","-999.0","-999.0"
"TWANOH_123W_47N","47.375","-123.008","10/01/2014","18:17","349.2","2","3.10","425.1","2","3.01","1022.4","14.6","103.96","-999.000","-999.000","350.3","426.4","-999.0","-999.0","-999.0","-999.0","-999.0","-999.0"
"TWANOH_123W_47N","47.375","-123.008","10/01/2014","21:17","346.8","2","3.40","405.3","2","3.30","1021.0","15.7","104.08","-999.000","-999.000","348.0","406.7","-999.0","-999.0","-999.0","-999.0","-999.0","-999.0"
"TWANOH_123W_47N","47.375","-123.008","10/02/2014","00:17","335.6","2","3.74","394.5","2","3.61","1020.1","17.7","104.52","-999.000","-999.000","336.9","395.9","-999.0","-999.0","-999.0","-999.0","-999.0","-999.0"
"TWANOH_123W_47N","47.375","-123.008","10/02/2014","03:17","351.1","2","2.71","404.8","2","2.47","1020.2","17.8","104.12","-999.000","-999.000","352.0","405.8","-999.0","-999.0","-999.0","-999.0","-999.0","-999.0"
"TWANOH_123W_47N","47.375","-123.008","10/02/2014","06:17","353.2","2","3.06","414.4","2","2.85","1021.2","16.7","103.92","-999.000","-999.000","354.3","415.5","-999.0","-999.0","-999.0","-999.0","-999.0","-999.0"
"TWANOH_123W_47N","47.375","-123.008","10/02/2014","09:17","353.9","2","2.96","422.5","2","2.79","1022.4","15.7","103.82","-999.000","-999.000","354.9","423.6","-999.0","-999.0","-999.0","-999.0","-999.0","-999.0"
"TWANOH_123W_47N","47.375","-123.008","10/02/2014","12:17","378.8","2","2.88","430.6","2","2.73","1023.2","15.1","103.46","-999.000","-999.000","379.8","431.8","-999.0","-999.0","-999.0","-999.0","-999.0","-999.0"
"TWANOH_123W_47N","47.375","-123.008","10/02/2014","15:17","371.5","2","2.90","443.5","2","2.77","1024.5","14.5","103.27","-999.000","-999.000","372.6","444.8","-999.0","-999.0","-999.0","-999.0","-999.0","-999.0"
"TWANOH_123W_47N","47.375","-123.008","10/02/2014","18:17","347.0","2","3.15","432.2","2","3.09","1025.1","14.3","103.72","-999.000","-999.000","348.1","433.5","-999.0","-999.0","-999.0","-999.0","-999.0","-999.0"
"TWANOH_123W_47N","47.375","-123.008","10/02/2014","21:17","352.3","2","3.23","400.2","2","3.13","1024.2","15.8","104.08","-999.000","-999.000","353.5","401.5","-999.0","-999.0","-999.0","-999.0","-999.0","-999.0"
"TWANOH_123W_47N","47.375","-123.008","10/03/2014","00:17","352.7","2","3.23","404.6","2","3.08","1024.2","18.4","104.29","-999.000","-999.000","353.8","405.8","-999.0","-999.0","-999.0","-999.0","-999.0","-999.0"
"TWANOH_123W_47N","47.375","-123.008","10/03/2014","03:17","376.1","2","2.55","407.1","2","2.29","1025.1","18.2","104.00","-999.000","-999.000","377.0","408.0","-999.0","-999.0","-999.0","-999.0","-999.0","-999.0"
"TWANOH_123W_47N","47.375","-123.008","10/03/2014","06:17","348.4","2","2.80","417.5","2","2.61","1025.1","16.4","104.00","-999.000","-999.000","349.4","418.6","-999.0","-999.0","-999.0","-999.0","-999.0","-999.0"
"TWANOH_123W_47N","47.375","-123.008","10/03/2014","09:17","357.7","2","2.62","429.4","2","2.49","1025.0","15.1","103.69","-999.000","-999.000","358.7","430.4","-999.0","-999.0","-999.0","-999.0","-999.0","-999.0"
"TWANOH_123W_47N","47.375","-123.008","10/03/2014","12:17","362.8","2","2.50","428.6","2","2.40","1024.5","14.1","103.34","-999.000","-999.000","363.7","429.7","-999.0","-999.0","-999.0","-999.0","-999.0","-999.0"
"TWANOH_123W_47N","47.375","-123.008","10/03/2014","15:17","363.1","2","2.36","451.4","2","2.29","1023.8","13.2","103.17","-999.000","-999.000","363.9","452.4","-999.0","-999.0","-999.0","-999.0","-999.0","-999.0"
"TWANOH_123W_47N","47.375","-123.008","10/03/2014","18:17","348.8","2","2.86","434.2","2","2.80","1023.0","12.9","103.59","-999.000","-999.000","349.8","435.5","-999.0","-999.0","-999.0","-999.0","-999.0","-999.0"
"TWANOH_123W_47N","47.375","-123.008","10/03/2014","21:17","325.0","2","3.01","414.4","2","2.94","1020.9","14.4","104.35","-999.000","-999.000","325.9","415.6","-999.0","-999.0","-999.0","-999.0","-999.0","-999.0"
"TWANOH_123W_47N","47.375","-123.008","10/04/2014","00:17","343.6","2","3.07","406.2","2","2.94","1020.2","17.1","104.60","-999.000","-999.000","344.7","407.4","-999.0","-999.0","-999.0","-999.0","-999.0","-999.0"
"TWANOH_123W_47N","47.375","-123.008","10/04/2014","03:17","372.3","2","2.66","429.3","2","2.49","1019.9","17.8","104.09","-999.000","-999.000","373.3","430.4","-999.0","-999.0","-999.0","-999.0","-999.0","-999.0"
"TWANOH_123W_47N","47.375","-123.008","10/04/2014","06:17","348.1","2","2.98","429.9","2","2.84","1020.2","16.6","104.04","-999.000","-999.000","349.1","431.2","-999.0","-999.0","-999.0","-999.0","-999.0","-999.0"
"TWANOH_123W_47N","47.375","-123.008","10/04/2014","09:17","360.6","2","3.02","458.8","2","2.89","1020.9","15.8","103.91","-999.000","-999.000","361.7","460.1","-999.0","-999.0","-999.0","-999.0","-999.0","-999.0"
"TWANOH_123W_47N","47.375","-123.008","10/04/2014","12:17","361.3","2","2.96","450.3","2","2.84","1021.0","15.5","103.68","-999.000","-999.000","362.4","451.6","-999.0","-999.0","-999.0","-999.0","-999.0","-999.0"
"TWANOH_123W_47N","47.375","-123.008","10/04/2014","15:17","365.0","2","2.98","470.9","2","2.87","1021.2","15.0","103.47","-999.000","-999.000","366.1","472.2","-999.0","-999.0","-999.0","-999.0","-999.0","-999.0"
"TWANOH_123W_47N","47.375","-123.008","10/04/2014","18:17","367.2","2","3.37","463.0","2","3.28","1021.7","15.3","103.45","-999.000","-999.000","368.4","464.5","-999.0","-999.0","-999.0","-999.0","-999.0","-999.0"
"TWANOH_123W_47N","47.375","-123.008","10/04/2014","21:17","343.0","2","3.51","426.4","2","3.40","1020.4","16.9","103.83","-999.000","-999.000","344.2","427.8","-999.0","-999.0","-999.0","-999.0","-999.0","-999.0"
"TWANOH_123W_47N","47.375","-123.008","10/05/2014","00:17","356.6","2","3.23","420.3","2","3.06","1019.4","19.0","104.05","-999.000","-999.000","357.7","421.6","-999.0","-999.0","-999.0","-999.0","-999.0","-999.0"
"TWANOH_123W_47N","47.375","-123.008","10/05/2014","03:17","351.2","2","2.81","433.5","2","2.61","1019.1","19.4","103.74","-999.000","-999.000","352.2","434.6","-999.0","-999.0","-999.0","-999.0","-999.0","-999.0"
"TWANOH_123W_47N","47.375","-123.008","10/05/2014","06:17","365.2","2","3.18","439.8","2","3.01","1019.8","17.6","103.71","-999.000","-999.000","366.4","441.1","-999.0","-999.0","-999.0","-999.0","-999.0","-999.0"
"TWANOH_123W_47N","47.375","-123.008","10/05/2014","09:17","356.3","2","3.08","466.4","2","2.96","1019.7","16.5","103.79","-999.000","-999.000","357.4","467.8","-999.0","-999.0","-999.0","-999.0","-999.0","-999.0"
"TWANOH_123W_47N","47.375","-123.008","10/05/2014","12:17","361.2","2","2.94","486.4","2","2.83","1020.0","15.6","103.62","-999.000","-999.000","362.2","487.8","-999.0","-999.0","-999.0","-999.0","-999.0","-999.0"
"TWANOH_123W_47N","47.375","-123.008","10/05/2014","15:17","363.4","2","2.84","473.7","2","2.76","1020.2","15.1","103.46","-999.000","-999.000","364.5","475.0","-999.0","-999.0","-999.0","-999.0","-999.0","-999.0"
"TWANOH_123W_47N","47.375","-123.008","10/05/2014","18:17","369.4","2","3.24","468.5","2","3.16","1019.8","14.9","103.56","-999.000","-999.000","370.6","470.0","-999.0","-999.0","-999.0","-999.0","-999.0","-999.0"
"TWANOH_123W_47N","47.375","-123.008","10/05/2014","21:17","356.6","2","3.35","426.2","2","3.27","1018.2","15.6","103.84","-999.000","-999.000","357.8","427.6","-999.0","-999.0","-999.0","-999.0","-999.0","-999.0"
"TWANOH_123W_47N","47.375","-123.008","10/06/2014","00:17","350.3","2","3.47","439.6","2","3.32","1017.0","18.3","104.33","-999.000","-999.000","351.5","441.0","-999.0","-999.0","-999.0","-999.0","-999.0","-999.0"
"TWANOH_123W_47N","47.375","-123.008","10/06/2014","03:17","364.1","2","2.86","452.3","2","2.70","1017.4","19.1","104.12","-999.000","-999.000","365.1","453.5","-999.0","-999.0","-999.0","-999.0","-999.0","-999.0"
"TWANOH_123W_47N","47.375","-123.008","10/06/2014","06:17","366.6","2","3.31","450.7","2","3.17","1017.8","17.8","104.16","-999.000","-999.000","367.8","452.1","-999.0","-999.0","-999.0","-999.0","-999.0","-999.0"
"TWANOH_123W_47N","47.375","-123.008","10/06/2014","09:17","372.8","2","3.17","469.4","2","3.06","1017.1","17.0","104.08","-999.000","-999.000","374.0","470.8","-999.0","-999.0","-999.0","-999.0","-999.0","-999.0"
"TWANOH_123W_47N","47.375","-123.008","10/06/2014","12:17","367.3","2","3.04","471.5","2","2.95","1016.7","16.3","104.05","-999.000","-999.000","368.4","472.9","-999.0","-999.0","-999.0","-999.0","-999.0","-999.0"
"TWANOH_123W_47N","47.375","-123.008","10/06/2014","15:17","370.2","2","2.99","482.2","2","2.91","1017.3","15.7","103.78","-999.000","-999.000","371.3","483.6","-999.0","-999.0","-999.0","-999.0","-999.0","-999.0"
"TWANOH_123W_47N","47.375","-123.008","10/06/2014","18:17","382.6","2","3.47","474.7","2","3.39","1016.7","15.5","103.73","-999.000","-999.000","383.9","476.3","-999.0","-999.0","-999.0","-999.0","-999.0","-999.0"
"TWANOH_123W_47N","47.375","-123.008","10/06/2014","21:17","368.5","2","3.52","436.3","2","3.41","1014.5","16.3","104.12","-999.000","-999.000","369.8","437.7","-999.0","-999.0","-999.0","-999.0","-999.0","-999.0"
"TWANOH_123W_47N","47.375","-123.008","10/07/2014","00:17","378.4","2","3.49","428.7","2","3.32","1013.4","19.3","104.50","-999.000","-999.000","379.8","430.1","-999.0","-999.0","-999.0","-999.0","-999.0","-999.0"
"TWANOH_123W_47N","47.375","-123.008","10/07/2014","03:17","378.4","2","3.28","450.8","2","3.11","1013.6","20.3","104.22","-999.000","-999.000","379.7","452.2","-999.0","-999.0","-999.0","-999.0","-999.0","-999.0"
"TWANOH_123W_47N","47.375","-123.008","10/07/2014","06:17","375.1","2","3.33","450.8","2","3.18","1013.8","18.8","104.21","-999.000","-999.000","376.4","452.2","-999.0","-999.0","-999.0","-999.0","-999.0","-999.0"
"TWANOH_123W_47N","47.375","-123.008","10/07/2014","09:17","373.6","2","3.42","462.8","2","3.30","1013.5","17.9","104.38","-999.000","-999.000","374.9","464.3","-999.0","-999.0","-999.0","-999.0","-999.0","-999.0"
"TWANOH_123W_47N","47.375","-123.008","10/07/2014","12:17","371.1","2","3.25","447.1","2","3.18","1013.1","17.2","104.48","-999.000","-999.000","372.3","448.5","-999.0","-999.0","-999.0","-999.0","-999.0","-999.0"
"TWANOH_123W_47N","47.375","-123.008","10/07/2014","15:17","368.8","2","3.18","442.6","2","3.10","1013.7","16.5","104.16","-999.000","-999.000","370.0","444.0","-999.0","-999.0","-999.0","-999.0","-999.0","-999.0"
"TWANOH_123W_47N","47.375","-123.008","10/07/2014","18:17","361.2","2","3.62","426.5","2","3.51","1014.2","16.5","104.39","-999.000","-999.000","362.5","428.0","-999.0","-999.0","-999.0","-999.0","-999.0","-999.0"
"TWANOH_123W_47N","47.375","-123.008","10/07/2014","21:17","377.8","2","3.90","428.4","2","3.75","1012.6","17.9","104.49","-999.000","-999.000","379.2","430.0","-999.0","-999.0","-999.0","-999.0","-999.0","-999.0"
"TWANOH_123W_47N","47.375","-123.008","10/08/2014","00:17","340.4","2","4.17","416.6","2","4.04","1011.3","19.1","105.17","-999.000","-999.000","341.8","418.3","-999.0","-999.0","-999.0","-999.0","-999.0","-999.0"
"TWANOH_123W_47N","47.375","-123.008","10/08/2014","03:17","358.9","2","2.91","420.1","2","2.76","1012.1","19.4","104.88","-999.000","-999.000","360.0","421.3","-999.0","-999.0","-999.0","-999.0","-999.0","-999.0"
"TWANOH_123W_47N","47.375","-123.008","10/08/2014","06:17","363.9","2","3.55","451.1","2","3.41","1013.0","18.3","104.96","-999.000","-999.000","365.2","452.7","-999.0","-999.0","-999.0","-999.0","-999.0","-999.0"
"TWANOH_123W_47N","47.375","-123.008","10/08/2014","09:17","372.6","2","3.55","432.5","2","3.42","1013.4","17.7","104.81","-999.000","-999.000","373.9","434.0","-999.0","-999.0","-999.0","-999.0","-999.0","-999.0"
"TWANOH_123W_47N","47.375","-123.008","10/08/2014","12:17","367.5","2","3.46","427.4","2","3.35","1013.6","17.4","104.84","-999.000","-999.000","368.7","428.9","-999.0","-999.0","-999.0","-999.0","-999.0","-999.0"
"TWANOH_123W_47N","47.375","-123.008","10/08/2014","15:17","365.6","2","3.43","430.3","2","3.32","1014.6","17.1","104.45","-999.000","-999.000","366.8","431.7","-999.0","-999.0","-999.0","-999.0","-999.0","-999.0"
"TWANOH_123W_47N","47.375","-123.008","10/08/2014","18:17","363.5","2","3.70","427.0","2","3.56","1015.6","17.0","104.33","-999.000","-999.000","364.9","428.5","-999.0","-999.0","-999.0","-999.0","-999.0","-999.0"
"TWANOH_123W_47N","47.375","-123.008","10/08/2014","21:17","370.2","2","3.96","422.5","2","3.85","1015.1","17.6","104.51","-999.000","-999.000","371.7","424.1","-999.0","-999.0","-999.0","-999.0","-999.0","-999.0"
"TWANOH_123W_47N","47.375","-123.008","10/09/2014","00:17","345.8","2","4.26","415.8","2","4.12","1014.4","20.1","105.00","-999.000","-999.000","347.3","417.5","-999.0","-999.0","-999.0","-999.0","-999.0","-999.0"
"TWANOH_123W_47N","47.375","-123.008","10/09/2014","03:17","364.0","2","2.58","425.2","2","2.44","1015.2","19.5","104.48","-999.000","-999.000","364.9","426.3","-999.0","-999.0","-999.0","-999.0","-999.0","-999.0"
"TWANOH_123W_47N","47.375","-123.008","10/09/2014","06:17","363.8","2","3.20","429.3","2","3.07","1015.9","17.7","104.40","-999.000","-999.000","365.0","430.6","-999.0","-999.0","-999.0","-999.0","-999.0","-999.0"
"TWANOH_123W_47N","47.375","-123.008","10/09/2014","09:17","367.6","2","3.07","446.4","2","2.98","1015.9","16.5","104.44","-999.000","-999.000","368.8","447.7","-999.0","-999.0","-999.0","-999.0","-999.0","-999.0"
"TWANOH_123W_47N","47.375","-123.008","10/09/2014","12:17","364.6","2","2.99","441.7","2","2.91","1015.7","15.9","104.37","-999.000","-999.000","365.7","443.0","-999.0","-999.0","-999.0","-999.0","-999.0","-999.0"
"TWANOH_123W_47N","47.375","-123.008","10/09/2014","15:17","363.4","2","3.03","440.3","2","2.95","1016.3","15.4","104.30","-999.000","-999.000","364.5","441.6","-999.0","-999.0","-999.0","-999.0","-999.0","-999.0"
"TWANOH_123W_47N","47.375","-123.008","10/09/2014","18:17","360.5","2","3.43","421.9","2","3.31","1017.1","15.7","104.10","-999.000","-999.000","361.8","423.3","-999.0","-999.0","-999.0","-999.0","-999.0","-999.0"
"TWANOH_123W_47N","47.375","-123.008","10/09/2014","21:17","366.4","2","3.72","420.9","2","3.62","1015.7","17.1","104.43","-999.000","-999.000","367.8","422.4","-999.0","-999.0","-999.0","-999.0","-999.0","-999.0"
"TWANOH_123W_47N","47.375","-123.008","10/10/2014","00:17","356.5","2","3.42","414.8","2","3.28","1014.7","19.4","104.58","-999.000","-999.000","357.7","416.2","-999.0","-999.0","-999.0","-999.0","-999.0","-999.0"
"TWANOH_123W_47N","47.375","-123.008","10/10/2014","03:17","348.9","2","2.87","430.9","2","2.62","1015.1","18.8","104.43","-999.000","-999.000","349.9","432.0","-999.0","-999.0","-999.0","-999.0","-999.0","-999.0"
"TWANOH_123W_47N","47.375","-123.008","10/10/2014","06:17","355.3","2","3.35","437.4","2","3.17","1015.6","17.2","104.43","-999.000","-999.000","356.5","438.8","-999.0","-999.0","-999.0","-999.0","-999.0","-999.0"
"TWANOH_123W_47N","47.375","-123.008","10/10/2014","09:17","361.5","2","3.01","447.5","2","2.90","1015.5","16.3","104.46","-999.000","-999.000","362.6","448.8","-999.0","-999.0","-999.0","-999.0","-999.0","-999.0"
"TWANOH_123W_47N","47.375","-123.008","10/10/2014","12:17","354.6","2","2.84","453.1","2","2.76","1015.5","15.6","104.56","-999.000","-999.000","355.6","454.3","-999.0","-999.0","-999.0","-999.0","-999.0","-999.0"
"TWANOH_123W_47N","47.375","-123.008","10/10/2014","15:17","354.1","2","3.14","412.3","2","3.06","1015.9","15.3","104.54","-999.000","-999.000","355.2","413.6","-999.0","-999.0","-999.0","-999.0","-999.0","-999.0"
"TWANOH_123W_47N","47.375","-123.008","10/10/2014","18:17","337.6","2","3.47","403.3","2","3.32","1016.2","15.7","105.00","-999.000","-999.000","338.7","404.6","-999.0","-999.0","-999.0","-999.0","-999.0","-999.0"
"TWANOH_123W_47N","47.375","-123.008","10/10/2014","21:17","282.1","2","3.68","397.9","2","3.51","1016.1","16.3","106.09","-999.000","-999.000","283.2","399.3","-999.0","-999.0","-999.0","-999.0","-999.0","-999.0"
"TWANOH_123W_47N","47.375","-123.008","10/11/2014","00:17","274.4","2","3.58","397.1","2","3.39","1015.1","16.6","107.17","-999.000","-999.000","275.4","398.4","-999.0","-999.0","-999.0","-999.0","-999.0","-999.0"
"TWANOH_123W_47N","47.375","-123.008","10/11/2014","03:17","303.8","2","3.37","402.9","2","3.22","1015.1","16.8","107.08","-999.000","-999.000","304.8","404.2","-999.0","-999.0","-999.0","-999.0","-999.0","-999.0"
"TWANOH_123W_47N","47.375","-123.008","10/11/2014","06:17","305.3","2","3.24","409.0","2","3.16","1015.4","16.7","106.85","-999.000","-999.000","306.3","410.3","-999.0","-999.0","-999.0","-999.0","-999.0","-999.0"
"TWANOH_123W_47N","47.375","-123.008","10/11/2014","09:17","327.2","2","3.34","412.6","2","3.24","1015.2","16.5","106.66","-999.000","-999.000","328.3","414.0","-999.0","-999.0","-999.0","-999.0","-999.0","-999.0"
"TWANOH_123W_47N","47.375","-123.008","10/11/2014","12:17","345.0","2","3.38","407.2","2","3.28","1014.4","16.4","106.17","-999.000","-999.000","346.1","408.5","-999.0","-999.0","-999.0","-999.0","-999.0","-999.0"
"TWANOH_123W_47N","47.375","-123.008","10/11/2014","15:17","324.3","2","3.33","407.0","2","3.24","1015.1","16.3","106.07","-999.000","-999.000","325.4","408.3","-999.0","-999.0","-999.0","-999.0","-999.0","-999.0"
"TWANOH_123W_47N","47.375","-123.008","10/11/2014","18:17","322.6","2","3.43","399.5","2","3.34","1015.8","16.3","106.13","-999.000","-999.000","323.7","400.9","-999.0","-999.0","-999.0","-999.0","-999.0","-999.0"
"TWANOH_123W_47N","47.375","-123.008","10/11/2014","21:17","311.2","2","3.69","397.4","2","3.44","1015.8","16.5","106.40","-999.000","-999.000","312.4","398.8","-999.0","-999.0","-999.0","-999.0","-999.0","-999.0"
"TWANOH_123W_47N","47.375","-123.008","10/12/2014","00:17","329.1","2","3.59","397.4","2","3.16","1017.0","17.6","106.27","-999.000","-999.000","330.3","398.7","-999.0","-999.0","-999.0","-999.0","-999.0","-999.0"
"TWANOH_123W_47N","47.375","-123.008","10/12/2014","03:17","316.3","2","3.23","405.3","2","3.03","1018.9","17.3","106.13","-999.000","-999.000","317.3","406.5","-999.0","-999.0","-999.0","-999.0","-999.0","-999.0"
"TWANOH_123W_47N","47.375","-123.008","10/12/2014","06:17","310.0","2","2.81","421.2","2","2.68","1021.3","16.1","105.67","-999.000","-999.000","310.9","422.3","-999.0","-999.0","-999.0","-999.0","-999.0","-999.0"
"TWANOH_123W_47N","47.375","-123.008","10/12/2014","09:17","355.6","2","2.71","438.3","2","2.62","1022.6","14.9","105.06","-999.000","-999.000","356.5","439.5","-999.0","-999.0","-999.0","-999.0","-999.0","-999.0"
"TWANOH_123W_47N","47.375","-123.008","10/12/2014","12:17","359.6","2","2.58","435.9","2","2.50","1022.6","14.3","104.51","-999.000","-999.000","360.6","437.0","-999.0","-999.0","-999.0","-999.0","-999.0","-999.0"
"TWANOH_123W_47N","47.375","-123.008","10/12/2014","15:17","344.4","2","2.56","439.7","2","2.51","1023.4","13.8","104.19","-999.000","-999.000","345.3","440.8","-999.0","-999.0","-999.0","-999.0","-999.0","-999.0"
"TWANOH_123W_47N","47.375","-123.008","10/12/2014","18:17","351.0","2","2.95","430.1","2","2.86","1023.2","13.8","103.88","-999.000","-999.000","352.0","431.4","-999.0","-999.0","-999.0","-999.0","-999.0","-999.0"
"TWANOH_123W_47N","47.375","-123.008","10/12/2014","21:17","355.6","2","3.25","412.5","2","3.17","1021.1","15.1","103.76","-999.000","-999.000","356.8","413.8","-999.0","-999.0","-999.0","-999.0","-999.0","-999.0"
"TWANOH_123W_47N","47.375","-123.008","10/13/2014","00:17","353.8","2","3.32","399.3","2","3.06","1019.7","16.7","103.56","-999.000","-999.000","355.0","400.6","-999.0","-999.0","-999.0","-999.0","-999.0","-999.0"
"TWANOH_123W_47N","47.375","-123.008","10/13/2014","03:17","357.2","2","3.25","417.9","2","3.08","1018.6","16.6","103.38","-999.000","-999.000","358.3","419.2","-999.0","-999.0","-999.0","-999.0","-999.0","-999.0"
"TWANOH_123W_47N","47.375","-123.008","10/13/2014","06:17","360.0","2","3.13","423.0","2","3.00","1016.5","16.1","103.16","-999.000","-999.000","361.1","424.2","-999.0","-999.0","-999.0","-999.0","-999.0","-999.0"
"TWANOH_123W_47N","47.375","-123.008","10/13/2014","09:17","402.5","2","3.08","440.2","2","2.96","1015.0","15.7","102.74","-999.000","-999.000","403.7","441.5","-999.0","-999.0","-999.0","-999.0","-999.0","-999.0"
"TWANOH_123W_47N","47.375","-123.008","10/13/2014","12:17","387.3","2","2.97","450.8","2","2.87","1011.9","15.3","102.51","-999.000","-999.000","388.4","452.1","-999.0","-999.0","-999.0","-999.0","-999.0","-999.0"
"TWANOH_123W_47N","47.375","-123.008","10/13/2014","15:17","407.6","2","2.82","465.5","2","2.76","1008.8","14.8","102.20","-999.000","-999.000","408.8","466.8","-999.0","-999.0","-999.0","-999.0","-999.0","-999.0"
"TWANOH_123W_47N","47.375","-123.008","10/13/2014","18:17","366.8","2","3.29","452.2","2","3.21","1007.8","14.6","102.19","-999.000","-999.000","368.0","453.7","-999.0","-999.0","-999.0","-999.0","-999.0","-999.0"
"TWANOH_123W_47N","47.375","-123.008","10/13/2014","21:17","390.5","2","3.49","406.2","2","3.40","1005.5","15.9","102.12","-999.000","-999.000","391.8","407.6","-999.0","-999.0","-999.0","-999.0","-999.0","-999.0"
"TWANOH_123W_47N","47.375","-123.008","10/14/2014","00:17","369.4","2","3.31","400.3","2","3.16","1003.8","16.7","102.21","-999.000","-999.000","370.6","401.6","-999.0","-999.0","-999.0","-999.0","-999.0","-999.0"
"TWANOH_123W_47N","47.375","-123.008","10/14/2014","03:17","345.3","2","3.24","407.0","2","3.17","1003.0","16.4","102.88","-999.000","-999.000","346.5","408.3","-999.0","-999.0","-999.0","-999.0","-999.0","-999.0"
"TWANOH_123W_47N","47.375","-123.008","10/14/2014","06:17","375.7","2","2.83","402.8","2","2.78","1004.3","15.9","103.02","-999.000","-999.000","376.8","403.9","-999.0","-999.0","-999.0","-999.0","-999.0","-999.0"
"TWANOH_123W_47N","47.375","-123.008","10/14/2014","09:17","-999.0","4","2.83","-999.0","4","2.76","1007.9","14.8","102.72","-999.000","-999.000","-999.0","-999.0","-999.0","-999.0","-999.0","-999.0","-999.0","-999.0"
"TWANOH_123W_47N","47.375","-123.008","10/14/2014","12:17","367.1","2","2.76","406.0","2","2.70","1008.6","14.4","102.73","-999.000","-999.000","368.2","407.1","-999.0","-999.0","-999.0","-999.0","-999.0","-999.0"
"TWANOH_123W_47N","47.375","-123.008","10/14/2014","15:17","375.7","2","2.70","415.3","2","2.64","1008.7","14.0","102.65","-999.000","-999.000","376.7","416.4","-999.0","-999.0","-999.0","-999.0","-999.0","-999.0"
"TWANOH_123W_47N","47.375","-123.008","10/14/2014","18:17","374.6","2","3.07","412.9","2","3.01","1008.7","13.6","102.46","-999.000","-999.000","375.7","414.2","-999.0","-999.0","-999.0","-999.0","-999.0","-999.0"
"TWANOH_123W_47N","47.375","-123.008","10/14/2014","21:17","353.7","2","3.24","406.9","2","3.17","1005.9","14.6","102.65","-999.000","-999.000","354.9","408.2","-999.0","-999.0","-999.0","-999.0","-999.0","-999.0"
"TWANOH_123W_47N","47.375","-123.008","10/15/2014","00:17","358.3","2","3.43","404.2","2","3.33","1003.5","15.6","102.69","-999.000","-999.000","359.5","405.5","-999.0","-999.0","-999.0","-999.0","-999.0","-999.0"
"TWANOH_123W_47N","47.375","-123.008","10/15/2014","03:17","370.5","2","3.06","411.1","2","2.95","1001.3","15.6","102.58","-999.000","-999.000","371.6","412.3","-999.0","-999.0","-999.0","-999.0","-999.0","-999.0"
"TWANOH_123W_47N","47.375","-123.008","10/15/2014","06:17","377.8","2","2.95","426.8","2","2.86","999.6","15.0","102.51","-999.000","-999.000","378.9","428.0","-999.0","-999.0","-999.0","-999.0","-999.0","-999.0"
"TWANOH_123W_47N","47.375","-123.008","10/15/2014","09:17","378.2","2","2.95","418.5","2","2.85","998.5","14.7","102.33","-999.000","-999.000","379.3","419.7","-999.0","-999.0","-999.0","-999.0","-999.0","-999.0"
"TWANOH_123W_47N","47.375","-123.008","10/15/2014","12:17","386.6","2","2.93","418.6","2","2.84","998.0","14.5","102.16","-999.000","-999.000","387.8","419.8","-999.0","-999.0","-999.0","-999.0","-999.0","-999.0"
"TWANOH_123W_47N","47.375","-123.008","10/15/2014","15:17","410.2","2","2.94","417.7","2","2.85","999.0","14.4","101.75","-999.000","-999.000","411.4","418.9","-999.0","-999.0","-999.0","-999.0","-999.0","-999.0"
"TWANOH_123W_47N","47.375","-123.008","10/15/2014","18:17","384.8","2","2.82","408.1","2","2.78","1001.4","14.5","101.53","-999.000","-999.000","385.9","409.3","-999.0","-999.0","-999.0","-999.0","-999.0","-999.0"
"TWANOH_123W_47N","47.375","-123.008","10/15/2014","21:17","353.9","2","3.16","399.4","2","3.06","1005.3","14.5","101.98","-999.000","-999.000","355.0","400.6","-999.0","-999.0","-999.0","-999.0","-999.0","-999.0"
"TWANOH_123W_47N","47.375","-123.008","10/16/2014","00:17","245.4","2","3.30","399.4","2","3.09","1008.9","15.1","104.62","-999.000","-999.000","246.2","400.7","-999.0","-999.0","-999.0","-999.0","-999.0","-999.0"
"TWANOH_123W_47N","47.375","-123.008","10/16/2014","03:17","352.2","2","2.75","405.1","2","2.67","1011.8","14.8","104.43","-999.000","-999.000","353.2","406.2","-999.0","-999.0","-999.0","-999.0","-999.0","-999.0"
"TWANOH_123W_47N","47.375","-123.008","10/16/2014","06:17","346.0","2","2.66","410.2","2","2.59","1013.4","14.2","104.22","-999.000","-999.000","346.9","411.3","-999.0","-999.0","-999.0","-999.0","-999.0","-999.0"
"TWANOH_123W_47N","47.375","-123.008","10/16/2014","09:17","332.7","2","2.73","411.5","2","2.65","1014.6","13.9","104.15","-999.000","-999.000","333.7","412.6","-999.0","-999.0","-999.0","-999.0","-999.0","-999.0"
"TWANOH_123W_47N","47.375","-123.008","10/16/2014","12:17","361.4","2","2.64","424.2","2","2.58","1014.9","13.6","103.81","-999.000","-999.000","362.3","425.3","-999.0","-999.0","-999.0","-999.0","-999.0","-999.0"
"TWANOH_123W_47N","47.375","-123.008","10/16/2014","15:17","356.6","2","2.63","434.6","2","2.58","1015.3","13.4","103.60","-999.000","-999.000","357.5","435.7","-999.0","-999.0","-999.0","-999.0","-999.0","-999.0"
"TWANOH_123W_47N","47.375","-123.008","10/16/2014","18:17","332.0","2","3.00","418.0","2","2.93","1015.4","13.5","103.78","-999.000","-999.000","333.0","419.2","-999.0","-999.0","-999.0","-999.0","-999.0","-999.0"
"TWANOH_123W_47N","47.375","-123.008","10/16/2014","21:17","346.5","2","3.01","412.3","2","2.93","1012.9","14.3","103.98","-999.000","-999.000","347.5","413.5","-999.0","-999.0","-999.0","-999.0","-999.0","-999.0"
"TWANOH_123W_47N","47.375","-123.008","10/17/2014","00:17","366.9","2","3.13","406.9","2","3.01","1011.6","16.4","103.75","-999.000","-999.000","368.1","408.1","-999.0","-999.0","-999.0","-999.0","-999.0","-999.0"
"TWANOH_123W_47N","47.375","-123.008","10/17/2014","03:17","376.6","2","2.41","418.8","2","2.32","1010.5","15.4","103.40","-999.000","-999.000","377.5","419.8","-999.0","-999.0","-999.0","-999.0","-999.0","-999.0"
"TWANOH_123W_47N","47.375","-123.008","10/17/2014","06:17","369.7","2","2.64","428.7","2","2.57","1008.8","14.2","103.19","-999.000","-999.000","370.6","429.8","-999.0","-999.0","-999.0","-999.0","-999.0","-999.0"
"TWANOH_123W_47N","47.375","-123.008","10/17/2014","09:17","368.2","2","2.64","439.0","2","2.57","1008.2","13.6","103.08","-999.000","-999.000","369.1","440.2","-999.0","-999.0","-999.0","-999.0","-999.0","-999.0"
"TWANOH_123W_47N","47.375","-123.008","10/17/2014","12:17","371.7","2","2.60","445.3","2","2.54","1008.0","13.4","102.93","-999.000","-999.000","372.7","446.4","-999.0","-999.0","-999.0","-999.0","-999.0","-999.0"
"TWANOH_123W_47N","47.375","-123.008","10/17/2014","15:17","377.2","2","2.65","452.0","2","2.59","1007.8","13.4","102.70","-999.000","-999.000","378.2","453.1","-999.0","-999.0","-999.0","-999.0","-999.0","-999.0"
"TWANOH_123W_47N","47.375","-123.008","10/17/2014","18:17","368.0","2","2.76","455.5","2","2.70","1006.3","13.5","102.70","-999.000","-999.000","369.0","456.7","-999.0","-999.0","-999.0","-999.0","-999.0","-999.0"
"TWANOH_123W_47N","47.375","-123.008","10/17/2014","21:17","351.1","2","2.80","423.5","2","2.75","1005.9","13.6","102.55","-999.000","-999.000","352.1","424.6","-999.0","-999.0","-999.0","-999.0","-999.0","-999.0"
"TWANOH_123W_47N","47.375","-123.008","10/18/2014","00:17","365.2","2","2.85","417.2","2","2.78","1007.0","13.9","102.46","-999.000","-999.000","366.3","418.3","-999.0","-999.0","-999.0","-999.0","-999.0","-999.0"
"TWANOH_123W_47N","47.375","-123.008","10/18/2014","03:17","380.8","2","2.85","417.2","2","2.78","1007.9","14.1","102.28","-999.000","-999.000","381.8","418.4","-999.0","-999.0","-999.0","-999.0","-999.0","-999.0"
"TWANOH_123W_47N","47.375","-123.008","10/18/2014","06:17","369.4","2","2.89","426.7","2","2.81","1008.9","14.2","102.27","-999.000","-999.000","370.5","427.9","-999.0","-999.0","-999.0","-999.0","-999.0","-999.0"
"TWANOH_123W_47N","47.375","-123.008","10/18/2014","09:17","374.3","2","2.89","424.3","2","2.82","1010.3","14.3","102.37","-999.000","-999.000","375.4","425.5","-999.0","-999.0","-999.0","-999.0","-999.0","-999.0"
"TWANOH_123W_47N","47.375","-123.008","10/18/2014","12:17","378.2","2","3.01","422.0","2","2.92","1011.1","14.4","102.22","-999.000","-999.000","379.3","423.2","-999.0","-999.0","-999.0","-999.0","-999.0","-999.0"
"TWANOH_123W_47N","47.375","-123.008","10/18/2014","15:17","382.3","2","3.11","424.5","2","3.01","1011.6","14.8","101.72","-999.000","-999.000","383.5","425.8","-999.0","-999.0","-999.0","-999.0","-999.0","-999.0"
"TWANOH_123W_47N","47.375","-123.008","10/18/2014","18:17","383.9","2","3.30","422.0","2","3.21","1012.7","15.2","101.32","-999.000","-999.000","385.2","423.4","-999.0","-999.0","-999.0","-999.0","-999.0","-999.0"
"TWANOH_123W_47N","47.375","-123.008","10/18/2014","21:17","375.7","2","3.31","409.8","2","3.20","1012.9","15.8","101.22","-999.000","-999.000","377.0","411.1","-999.0","-999.0","-999.0","-999.0","-999.0","-999.0"
"TWANOH_123W_47N","47.375","-123.008","10/19/2014","00:17","370.9","2","3.39","410.5","2","3.28","1011.5","16.2","101.50","-999.000","-999.000","372.2","411.9","-999.0","-999.0","-999.0","-999.0","-999.0","-999.0"
"TWANOH_123W_47N","47.375","-123.008","10/19/2014","03:17","376.6","2","3.06","417.3","2","2.99","1010.9","15.8","101.68","-999.000","-999.000","377.7","418.6","-999.0","-999.0","-999.0","-999.0","-999.0","-999.0"
"TWANOH_123W_47N","47.375","-123.008","10/19/2014","06:17","378.7","2","3.00","442.1","2","2.93","1008.7","15.3","101.73","-999.000","-999.000","379.9","443.4","-999.0","-999.0","-999.0","-999.0","-999.0","-999.0"
"TWANOH_123W_47N","47.375","-123.008","10/19/2014","09:17","372.8","2","2.94","446.7","2","2.88","1007.5","14.9","101.78","-999.000","-999.000","373.9","448.0","-999.0","-999.0","-999.0","-999.0","-999.0","-999.0"
"TWANOH_123W_47N","47.375","-123.008","10/19/2014","12:17","391.3","2","2.85","458.1","2","2.79","1006.3","14.6","101.83","-999.000","-999.000","392.4","459.4","-999.0","-999.0","-999.0","-999.0","-999.0","-999.0"
"TWANOH_123W_47N","47.375","-123.008","10/19/2014","15:17","416.5","2","2.82","487.3","2","2.76","1006.0","14.2","101.74","-999.000","-999.000","417.6","488.6","-999.0","-999.0","-999.0","-999.0","-999.0","-999.0"
"TWANOH_123W_47N","47.375","-123.008","10/19/2014","18:17","403.2","2","3.16","431.5","2","3.08","1006.4","14.3","101.79","-999.000","-999.000","404.4","432.8","-999.0","-999.0","-999.0","-999.0","-999.0","-999.0"
"TWANOH_123W_47N","47.375","-123.008","10/19/2014","21:17","417.6","2","3.22","411.2","2","3.11","1004.8","15.9","101.90","-999.000","-999.000","419.0","412.5","-999.0","-999.0","-999.0","-999.0","-999.0","-999.0"
"TWANOH_123W_47N","47.375","-123.008","10/20/2014","00:17","392.1","2","3.04","424.0","2","2.90","1003.8","17.8","102.10","-999.000","-999.000","393.3","425.2","-999.0","-999.0","-999.0","-999.0","-999.0","-999.0"
"TWANOH_123W_47N","47.375","-123.008","10/20/2014","03:17","425.7","2","2.59","406.4","2","2.48","1004.6","17.2","101.83","-999.000","-999.000","426.8","407.4","-999.0","-999.0","-999.0","-999.0","-999.0","-999.0"
"TWANOH_123W_47N","47.375","-123.008","10/20/2014","06:17","434.8","2","3.18","418.9","2","3.10","1004.3","16.4","101.71","-999.000","-999.000","436.2","420.2","-999.0","-999.0","-999.0","-999.0","-999.0","-999.0"
"TWANOH_123W_47N","47.375","-123.008","10/20/2014","09:17","460.0","2","3.16","419.8","2","3.08","1004.7","15.9","101.61","-999.000","-999.000","461.5","421.1","-999.0","-999.0","-999.0","-999.0","-999.0","-999.0"
"TWANOH_123W_47N","47.375","-123.008","10/20/2014","12:17","442.5","2","3.12","411.6","2","3.04","1004.4","15.6","101.40","-999.000","-999.000","443.9","412.9","-999.0","-999.0","-999.0","-999.0","-999.0","-999.0"
"TWANOH_123W_47N","47.375","-123.008","10/20/2014","15:17","448.5","2","3.14","415.2","2","3.05","1005.3","15.4","101.16","-999.000","-999.000","449.9","416.5","-999.0","-999.0","-999.0","-999.0","-999.0","-999.0"
"TWANOH_123W_47N","47.375","-123.008","10/20/2014","18:17","437.6","2","3.39","411.8","2","3.29","1006.6","15.3","101.07","-999.000","-999.000","439.1","413.2","-999.0","-999.0","-999.0","-999.0","-999.0","-999.0"
"TWANOH_123W_47N","47.375","-123.008","10/20/2014","21:17","439.0","2","3.49","399.6","2","3.39","1005.6","16.0","101.17","-999.000","-999.000","440.6","401.0","-999.0","-999.0","-999.0","-999.0","-999.0","-999.0"
"TWANOH_123W_47N","47.375","-123.008","10/21/2014","00:17","424.9","2","3.11","404.0","2","3.01","1005.9","16.8","101.29","-999.000","-999.000","426.3","405.2","-999.0","-999.0","-999.0","-999.0","-999.0","-999.0"
"TWANOH_123W_47N","47.375","-123.008","10/21/2014","03:17","426.2","2","2.95","412.0","2","2.88","1007.0","15.9","101.24","-999.000","-999.000","427.5","413.2","-999.0","-999.0","-999.0","-999.0","-999.0","-999.0"
"TWANOH_123W_47N","47.375","-123.008","10/21/2014","06:17","430.3","2","2.83","408.7","2","2.77","1007.9","15.2","101.07","-999.000","-999.000","431.5","409.8","-999.0","-999.0","-999.0","-999.0","-999.0","-999.0"
"TWANOH_123W_47N","47.375","-123.008","10/21/2014","09:17","480.9","2","2.89","419.1","2","2.81","1008.4","14.6","100.79","-999.000","-999.000","482.3","420.3","-999.0","-999.0","-999.0","-999.0","-999.0","-999.0"
"TWANOH_123W_47N","47.375","-123.008","10/21/2014","12:17","462.9","2","2.88","416.9","2","2.80","1008.7","14.4","100.56","-999.000","-999.000","464.3","418.1","-999.0","-999.0","-999.0","-999.0","-999.0","-999.0"
"TWANOH_123W_47N","47.375","-123.008","10/21/2014","15:17","463.8","2","2.84","417.6","2","2.78","1010.6","14.3","100.36","-999.000","-999.000","465.1","418.7","-999.0","-999.0","-999.0","-999.0","-999.0","-999.0"
"TWANOH_123W_47N","47.375","-123.008","10/21/2014","18:17","459.9","2","3.15","408.8","2","3.07","1011.6","14.3","100.28","-999.000","-999.000","461.3","410.1","-999.0","-999.0","-999.0","-999.0","-999.0","-999.0"
"TWANOH_123W_47N","47.375","-123.008","10/21/2014","21:17","481.3","2","3.17","405.8","2","3.08","1010.9","14.5","100.63","-999.000","-999.000","482.9","407.1","-999.0","-999.0","-999.0","-999.0","-999.0","-999.0"
"TWANOH_123W_47N","47.375","-123.008","10/22/2014","00:17","423.8","2","3.16","405.4","2","3.00","1009.9","15.1","101.26","-999.000","-999.000","425.2","406.6","-999.0","-999.0","-999.0","-999.0","-999.0","-999.0"
"TWANOH_123W_47N","47.375","-123.008","10/22/2014","03:17","452.9","2","2.98","407.1","2","2.84","1008.3","15.2","101.10","-999.000","-999.000","454.3","408.2","-999.0","-999.0","-999.0","-999.0","-999.0","-999.0"
"TWANOH_123W_47N","47.375","-123.008","10/22/2014","06:17","457.3","2","2.92","407.7","2","2.78","1006.1","15.2","101.24","-999.000","-999.000","458.6","408.8","-999.0","-999.0","-999.0","-999.0","-999.0","-999.0"
"TWANOH_123W_47N","47.375","-123.008","10/22/2014","09:17","465.7","2","2.81","405.1","2","2.71","1003.6","14.7","101.22","-999.000","-999.000","467.0","406.2","-999.0","-999.0","-999.0","-999.0","-999.0","-999.0"
"TWANOH_123W_47N","47.375","-123.008","10/22/2014","12:17","509.7","2","2.73","407.8","2","2.68","1002.4","14.3","100.83","-999.000","-999.000","511.1","408.9","-999.0","-999.0","-999.0","-999.0","-999.0","-999.0"
"TWANOH_123W_47N","47.375","-123.008","10/22/2014","15:17","512.5","2","2.81","411.7","2","2.75","1003.7","14.1","100.45","-999.000","-999.000","513.9","412.8","-999.0","-999.0","-999.0","-999.0","-999.0","-999.0"
"TWANOH_123W_47N","47.375","-123.008","10/22/2014","18:17","554.8","2","2.84","412.1","2","2.77","1005.1","14.1","100.13","-999.000","-999.000","556.4","413.2","-999.0","-999.0","-999.0","-999.0","-999.0","-999.0"
"TWANOH_123W_47N","47.375","-123.008","10/22/2014","21:17","538.8","2","2.81","411.3","2","2.75","1003.1","14.0","100.02","-999.000","-999.000","540.3","412.4","-999.0","-999.0","-999.0","-999.0","-999.0","-999.0"
"TWANOH_123W_47N","47.375","-123.008","10/23/2014","00:17","438.2","2","2.86","415.4","2","2.81","1000.6","14.1","100.02","-999.000","-999.000","439.5","416.6","-999.0","-999.0","-999.0","-999.0","-999.0","-999.0"
"TWANOH_123W_47N","47.375","-123.008","10/23/2014","03:17","419.4","2","2.83","408.2","2","2.77","1000.4","14.2","100.02","-999.000","-999.000","420.5","409.4","-999.0","-999.0","-999.0","-999.0","-999.0","-999.0"
"TWANOH_123W_47N","47.375","-123.008","10/23/2014","06:17","494.0","2","2.78","406.7","2","2.72","1003.9","14.1","99.81","-999.000","-999.000","495.4","407.9","-999.0","-999.0","-999.0","-999.0","-999.0","-999.0"
"TWANOH_123W_47N","47.375","-123.008","10/23/2014","09:17","652.1","2","2.71","413.2","2","2.66","1005.2","13.7","98.93","-999.000","-999.000","653.9","414.3","-999.0","-999.0","-999.0","-999.0","-999.0","-999.0"
"TWANOH_123W_47N","47.375","-123.008","10/23/2014","12:17","665.1","2","2.65","415.7","2","2.61","1004.4","13.3","98.01","-999.000","-999.000","666.9","416.8","-999.0","-999.0","-999.0","-999.0","-999.0","-999.0"
"TWANOH_123W_47N","47.375","-123.008","10/23/2014","15:17","602.5","2","2.57","415.7","2","2.54","1006.0","13.0","97.70","-999.000","-999.000","604.0","416.7","-999.0","-999.0","-999.0","-999.0","-999.0","-999.0"
"TWANOH_123W_47N","47.375","-123.008","10/23/2014","18:17","513.3","2","2.82","407.3","2","2.75","1007.6","12.8","97.83","-999.000","-999.000","514.7","408.5","-999.0","-999.0","-999.0","-999.0","-999.0","-999.0"
"TWANOH_123W_47N","47.375","-123.008","10/23/2014","21:17","423.4","2","2.84","399.5","2","2.77","1009.0","13.0","98.73","-999.000","-999.000","424.6","400.6","-999.0","-999.0","-999.0","-999.0","-999.0","-999.0"
"TWANOH_123W_47N","47.375","-123.008","10/24/2014","00:17","518.9","2","2.68","402.7","2","2.63","1011.2","12.9","98.89","-999.000","-999.000","520.3","403.7","-999.0","-999.0","-999.0","-999.0","-999.0","-999.0"
"TWANOH_123W_47N","47.375","-123.008","10/24/2014","03:17","462.4","2","2.35","410.7","2","2.37","1013.0","12.4","98.96","-999.000","-999.000","463.4","411.7","-999.0","-999.0","-999.0","-999.0","-999.0","-999.0"
"TWANOH_123W_47N","47.375","-123.008","10/24/2014","06:17","432.5","2","2.18","417.7","2","2.20","1015.1","11.5","99.22","-999.000","-999.000","433.5","418.6","-999.0","-999.0","-999.0","-999.0","-999.0","-999.0"
"TWANOH_123W_47N","47.375","-123.008","10/24/2014","09:17","683.9","2","2.18","428.9","2","2.17","1016.1","11.3","98.58","-999.000","-999.000","685.4","429.9","-999.0","-999.0","-999.0","-999.0","-999.0","-999.0"
"TWANOH_123W_47N","47.375","-123.008","10/24/2014","12:17","439.5","2","2.19","428.3","2","2.17","1015.9","11.1","98.83","-999.000","-999.000","440.5","429.2","-999.0","-999.0","-999.0","-999.0","-999.0","-999.0"
"TWANOH_123W_47N","47.375","-123.008","10/24/2014","15:17","408.9","2","2.22","438.9","2","2.19","1016.6","11.2","99.02","-999.000","-999.000","409.8","439.8","-999.0","-999.0","-999.0","-999.0","-999.0","-999.0"
"TWANOH_123W_47N","47.375","-123.008","10/24/2014","18:17","354.0","2","2.48","434.6","2","2.43","1016.1","11.2","99.51","-999.000","-999.000","354.8","435.7","-999.0","-999.0","-999.0","-999.0","-999.0","-999.0"
"TWANOH_123W_47N","47.375","-123.008","10/24/2014","21:17","318.8","2","2.62","411.6","2","2.55","1013.5","12.1","100.52","-999.000","-999.000","319.7","412.6","-999.0","-999.0","-999.0","-999.0","-999.0","-999.0"
"TWANOH_123W_47N","47.375","-123.008","10/25/2014","00:17","226.1","2","2.60","405.2","2","2.55","1010.6","12.7","102.24","-999.000","-999.000","226.7","406.3","-999.0","-999.0","-999.0","-999.0","-999.0","-999.0"
"TWANOH_123W_47N","47.375","-123.008","10/25/2014","03:17","286.7","2","2.45","410.4","2","2.39","1009.8","12.6","102.60","-999.000","-999.000","287.4","411.4","-999.0","-999.0","-999.0","-999.0","-999.0","-999.0"
"TWANOH_123W_47N","47.375","-123.008","10/25/2014","06:17","328.8","2","2.36","408.6","2","2.32","1007.5","12.2","102.30","-999.000","-999.000","329.6","409.6","-999.0","-999.0","-999.0","-999.0","-999.0","-999.0"
"TWANOH_123W_47N","47.375","-123.008","10/25/2014","09:17","445.1","2","2.44","409.1","2","2.38","1003.3","12.1","101.73","-999.000","-999.000","446.2","410.1","-999.0","-999.0","-999.0","-999.0","-999.0","-999.0"
"TWANOH_123W_47N","47.375","-123.008","10/25/2014","12:17","569.5","2","2.34","424.5","2","2.29","998.0","12.0","100.74","-999.000","-999.000","570.8","425.5","-999.0","-999.0","-999.0","-999.0","-999.0","-999.0"
"TWANOH_123W_47N","47.375","-123.008","10/25/2014","15:17","458.2","2","2.35","422.7","2","2.32","999.3","11.6","100.33","-999.000","-999.000","459.3","423.7","-999.0","-999.0","-999.0","-999.0","-999.0","-999.0"
"TWANOH_123W_47N","47.375","-123.008","10/25/2014","18:17","486.9","2","2.42","425.3","2","2.38","996.0","11.8","99.98","-999.000","-999.000","488.1","426.4","-999.0","-999.0","-999.0","-999.0","-999.0","-999.0"
"TWANOH_123W_47N","47.375","-123.008","10/25/2014","21:17","639.1","2","2.53","415.4","2","2.48","991.5","12.1","99.46","-999.000","-999.000","640.7","416.4","-999.0","-999.0","-999.0","-999.0","-999.0","-999.0"
"TWANOH_123W_47N","47.375","-123.008","10/26/2014","00:17","533.8","2","2.69","405.7","2","2.62","988.7","12.5","99.12","-999.000","-999.000","535.3","406.8","-999.0","-999.0","-999.0","-999.0","-999.0","-999.0"
"TWANOH_123W_47N","47.375","-123.008","10/26/2014","03:17","617.3","2","2.52","405.9","2","2.44","996.0","12.9","98.61","-999.000","-999.000","618.8","406.9","-999.0","-999.0","-999.0","-999.0","-999.0","-999.0"
"TWANOH_123W_47N","47.375","-123.008","10/26/2014","06:17","1170.3","2","2.45","406.3","2","2.37","1005.0","12.2","96.33","-999.000","-999.000","1173.2","407.3","-999.0","-999.0","-999.0","-999.0","-999.0","-999.0"
"TWANOH_123W_47N","47.375","-123.008","10/26/2014","09:17","1016.9","2","2.33","408.0","2","2.26","1009.5","11.8","96.32","-999.000","-999.000","1019.3","408.9","-999.0","-999.0","-999.0","-999.0","-999.0","-999.0"
"TWANOH_123W_47N","47.375","-123.008","10/26/2014","12:17","912.5","2","2.19","406.4","2","2.14","1010.5","11.4","95.96","-999.000","-999.000","914.5","407.2","-999.0","-999.0","-999.0","-999.0","-999.0","-999.0"
"TWANOH_123W_47N","47.375","-123.008","10/26/2014","15:17","949.6","2","2.15","412.3","2","2.11","1012.5","11.0","94.69","-999.000","-999.000","951.7","413.2","-999.0","-999.0","-999.0","-999.0","-999.0","-999.0"
"TWANOH_123W_47N","47.375","-123.008","10/26/2014","18:17","980.5","2","2.34","408.1","2","2.30","1013.8","10.9","95.21","-999.000","-999.000","982.8","409.1","-999.0","-999.0","-999.0","-999.0","-999.0","-999.0"
"TWANOH_123W_47N","47.375","-123.008","10/26/2014","21:17","721.0","2","2.44","400.2","2","2.37","1014.0","11.8","95.74","-999.000","-999.000","722.7","401.2","-999.0","-999.0","-999.0","-999.0","-999.0","-999.0"
"TWANOH_123W_47N","47.375","-123.008","10/27/2014","00:17","447.1","2","2.57","400.7","2","2.48","1016.1","13.6","96.75","-999.000","-999.000","448.2","401.7","-999.0","-999.0","-999.0","-999.0","-999.0","-999.0"
"TWANOH_123W_47N","47.375","-123.008","10/27/2014","03:17","449.7","2","1.93","415.2","2","1.80","1018.5","12.7","97.48","-999.000","-999.000","450.6","415.9","-999.0","-999.0","-999.0","-999.0","-999.0","-999.0"
"TWANOH_123W_47N","47.375","-123.008","10/27/2014","06:17","555.6","2","2.04","421.1","2","1.95","1020.1","11.1","97.64","-999.000","-999.000","556.8","421.9","-999.0","-999.0","-999.0","-999.0","-999.0","-999.0"
"TWANOH_123W_47N","47.375","-123.008","10/27/2014","09:17","609.3","2","1.86","425.7","2","1.81","1021.0","10.0","97.80","-999.000","-999.000","610.4","426.5","-999.0","-999.0","-999.0","-999.0","-999.0","-999.0"
"TWANOH_123W_47N","47.375","-123.008","10/27/2014","12:17","636.0","2","1.85","433.7","2","1.82","1020.6","9.5","97.85","-999.000","-999.000","637.2","434.5","-999.0","-999.0","-999.0","-999.0","-999.0","-999.0"
"TWANOH_123W_47N","47.375","-123.008","10/27/2014","15:17","431.6","2","1.88","435.4","2","1.85","1019.8","9.5","98.19","-999.000","-999.000","432.4","436.2","-999.0","-999.0","-999.0","-999.0","-999.0","-999.0"
"TWANOH_123W_47N","47.375","-123.008","10/27/2014","18:17","418.3","2","2.14","434.6","2","2.10","1020.1","9.8","98.55","-999.000","-999.000","419.2","435.5","-999.0","-999.0","-999.0","-999.0","-999.0","-999.0"
"TWANOH_123W_47N","47.375","-123.008","10/27/2014","21:17","513.3","2","2.29","422.9","2","2.24","1018.1","10.8","98.66","-999.000","-999.000","514.5","423.8","-999.0","-999.0","-999.0","-999.0","-999.0","-999.0"
"TWANOH_123W_47N","47.375","-123.008","10/28/2014","00:17","335.1","2","2.48","417.9","2","2.37","1016.3","11.7","99.36","-999.000","-999.000","335.9","418.9","-999.0","-999.0","-999.0","-999.0","-999.0","-999.0"
"TWANOH_123W_47N","47.375","-123.008","10/28/2014","03:17","315.5","2","2.33","427.4","2","2.25","1015.0","11.6","100.04","-999.000","-999.000","316.2","428.4","-999.0","-999.0","-999.0","-999.0","-999.0","-999.0"
"TWANOH_123W_47N","47.375","-123.008","10/28/2014","06:17","459.0","2","2.24","432.6","2","2.18","1014.5","11.5","99.86","-999.000","-999.000","460.0","433.6","-999.0","-999.0","-999.0","-999.0","-999.0","-999.0"
"TWANOH_123W_47N","47.375","-123.008","10/28/2014","09:17","512.7","2","2.24","431.2","2","2.17","1013.2","11.3","99.76","-999.000","-999.000","513.8","432.2","-999.0","-999.0","-999.0","-999.0","-999.0","-999.0"
"TWANOH_123W_47N","47.375","-123.008","10/28/2014","12:17","601.2","2","2.22","422.3","2","2.17","1011.1","11.2","99.43","-999.000","-999.000","602.5","423.2","-999.0","-999.0","-999.0","-999.0","-999.0","-999.0"
"TWANOH_123W_47N","47.375","-123.008","10/28/2014","15:17","558.5","2","2.25","413.3","2","2.20","1009.8","11.1","98.93","-999.000","-999.000","559.7","414.2","-999.0","-999.0","-999.0","-999.0","-999.0","-999.0"
"TWANOH_123W_47N","47.375","-123.008","10/28/2014","18:17","500.1","2","2.31","419.0","2","2.25","1010.0","11.3","98.73","-999.000","-999.000","501.2","420.0","-999.0","-999.0","-999.0","-999.0","-999.0","-999.0"
"TWANOH_123W_47N","47.375","-123.008","10/28/2014","21:17","410.0","2","2.47","410.5","2","2.40","1009.3","11.7","99.15","-999.000","-999.000","411.1","411.5","-999.0","-999.0","-999.0","-999.0","-999.0","-999.0"
"TWANOH_123W_47N","47.375","-123.008","10/29/2014","00:17","361.0","2","2.59","411.5","2","2.51","1009.2","12.5","99.80","-999.000","-999.000","361.9","412.6","-999.0","-999.0","-999.0","-999.0","-999.0","-999.0"
"TWANOH_123W_47N","47.375","-123.008","10/29/2014","03:17","432.7","2","2.39","411.7","2","2.30","1010.2","12.8","99.85","-999.000","-999.000","433.7","412.6","-999.0","-999.0","-999.0","-999.0","-999.0","-999.0"
"TWANOH_123W_47N","47.375","-123.008","10/29/2014","06:17","426.7","2","2.57","412.7","2","2.49","1011.9","12.9","99.88","-999.000","-999.000","427.8","413.7","-999.0","-999.0","-999.0","-999.0","-999.0","-999.0"
"TWANOH_123W_47N","47.375","-123.008","10/29/2014","09:17","556.7","2","2.60","407.8","2","2.53","1013.5","13.1","99.76","-999.000","-999.000","558.2","408.8","-999.0","-999.0","-999.0","-999.0","-999.0","-999.0"
"TWANOH_123W_47N","47.375","-123.008","10/29/2014","12:17","556.8","2","2.60","407.1","2","2.52","1015.3","13.2","99.54","-999.000","-999.000","558.3","408.2","-999.0","-999.0","-999.0","-999.0","-999.0","-999.0"
"TWANOH_123W_47N","47.375","-123.008","10/29/2014","15:17","458.1","2","2.58","409.2","2","2.51","1017.1","13.2","99.49","-999.000","-999.000","459.3","410.2","-999.0","-999.0","-999.0","-999.0","-999.0","-999.0"
"TWANOH_123W_47N","47.375","-123.008","10/29/2014","18:17","367.3","2","2.77","403.6","2","2.69","1018.8","13.1","100.13","-999.000","-999.000","368.3","404.7","-999.0","-999.0","-999.0","-999.0","-999.0","-999.0"
"TWANOH_123W_47N","47.375","-123.008","10/29/2014","21:17","371.5","2","2.75","400.0","2","2.66","1018.6","13.6","100.35","-999.000","-999.000","372.5","401.0","-999.0","-999.0","-999.0","-999.0","-999.0","-999.0"
"TWANOH_123W_47N","47.375","-123.008","10/30/2014","00:17","405.3","2","2.58","401.8","2","2.48","1017.7","14.4","100.32","-999.000","-999.000","406.3","402.8","-999.0","-999.0","-999.0","-999.0","-999.0","-999.0"
"TWANOH_123W_47N","47.375","-123.008","10/30/2014","03:17","285.2","2","2.47","420.8","2","2.41","1016.9","13.7","101.07","-999.000","-999.000","285.9","421.8","-999.0","-999.0","-999.0","-999.0","-999.0","-999.0"
"TWANOH_123W_47N","47.375","-123.008","10/30/2014","06:17","336.3","2","2.47","424.2","2","2.41","1016.1","13.1","101.02","-999.000","-999.000","337.2","425.2","-999.0","-999.0","-999.0","-999.0","-999.0","-999.0"
"TWANOH_123W_47N","47.375","-123.008","10/30/2014","09:17","426.3","2","2.46","440.0","2","2.40","1014.6","12.9","100.81","-999.000","-999.000","427.3","441.0","-999.0","-999.0","-999.0","-999.0","-999.0","-999.0"
"TWANOH_123W_47N","47.375","-123.008","10/30/2014","12:17","503.2","2","2.47","452.5","2","2.41","1012.3","12.7","100.56","-999.000","-999.000","504.5","453.6","-999.0","-999.0","-999.0","-999.0","-999.0","-999.0"
"TWANOH_123W_47N","47.375","-123.008","10/30/2014","15:17","365.7","2","2.48","450.5","2","2.43","1010.7","12.6","100.71","-999.000","-999.000","366.6","451.6","-999.0","-999.0","-999.0","-999.0","-999.0","-999.0"
"TWANOH_123W_47N","47.375","-123.008","10/30/2014","18:17","288.0","2","2.53","452.6","2","2.48","1009.6","12.6","101.56","-999.000","-999.000","288.7","453.7","-999.0","-999.0","-999.0","-999.0","-999.0","-999.0"
"TWANOH_123W_47N","47.375","-123.008","10/30/2014","21:17","288.5","2","2.64","446.9","2","2.57","1007.5","12.8","102.08","-999.000","-999.000","289.3","448.0","-999.0","-999.0","-999.0","-999.0","-999.0","-999.0"
"TWANOH_123W_47N","47.375","-123.008","10/31/2014","00:17","356.5","2","2.65","441.2","2","2.58","1006.0","13.0","101.88","-999.000","-999.000","357.5","442.3","-999.0","-999.0","-999.0","-999.0","-999.0","-999.0"
"TWANOH_123W_47N","47.375","-123.008","10/31/2014","03:17","299.5","2","2.69","408.9","2","2.61","1006.8","13.1","101.94","-999.000","-999.000","300.3","409.9","-999.0","-999.0","-999.0","-999.0","-999.0","-999.0"
"TWANOH_123W_47N","47.375","-123.008","10/31/2014","06:17","292.3","2","2.67","411.3","2","2.59","1006.7","13.2","102.17","-999.000","-999.000","293.0","412.4","-999.0","-999.0","-999.0","-999.0","-999.0","-999.0"
"TWANOH_123W_47N","47.375","-123.008","10/31/2014","09:17","377.9","2","2.59","419.6","2","2.52","1007.0","13.0","101.85","-999.000","-999.000","378.9","420.7","-999.0","-999.0","-999.0","-999.0","-999.0","-999.0"
"TWANOH_123W_47N","47.375","-123.008","10/31/2014","12:17","472.8","2","2.52","412.5","2","2.46","1005.3","12.7","101.45","-999.000","-999.000","474.0","413.5","-999.0","-999.0","-999.0","-999.0","-999.0","-999.0"
"TWANOH_123W_47N","47.375","-123.008","10/31/2014","15:17","438.4","2","2.47","426.9","2","2.42","1006.1","12.5","101.18","-999.000","-999.000","439.5","427.9","-999.0","-999.0","-999.0","-999.0","-999.0","-999.0"
"TWANOH_123W_47N","47.375","-123.008","10/31/2014","18:17","328.9","2","2.47","417.1","2","2.43","1008.3","12.2","101.41","-999.000","-999.000","329.7","418.1","-999.0","-999.0","-999.0","-999.0","-999.0","-999.0"
"TWANOH_123W_47N","47.375","-123.008","10/31/2014","21:17","310.4","2","2.68","404.2","2","2.59","1008.7","12.4","101.80","-999.000","-999.000","311.2","405.2","-999.0","-999.0","-999.0","-999.0","-999.0","-999.0"
"TWANOH_123W_47N","47.375","-123.008","11/01/2014","00:17","409.4","2","2.79","404.5","2","2.70","1009.4","13.3","101.47","-999.000","-999.000","410.6","405.6","-999.0","-999.0","-999.0","-999.0","-999.0","-999.0"
"TWANOH_123W_47N","47.375","-123.008","11/01/2014","03:17","424.1","2","2.18","417.3","2","2.07","1010.8","12.4","101.10","-999.000","-999.000","425.0","418.2","-999.0","-999.0","-999.0","-999.0","-999.0","-999.0"
"TWANOH_123W_47N","47.375","-123.008","11/01/2014","06:17","323.4","2","2.10","425.0","2","2.03","1010.7","11.1","101.26","-999.000","-999.000","324.1","425.9","-999.0","-999.0","-999.0","-999.0","-999.0","-999.0"
"TWANOH_123W_47N","47.375","-123.008","11/01/2014","09:17","366.0","2","2.00","430.9","2","1.96","1010.7","10.4","101.03","-999.000","-999.000","366.7","431.7","-999.0","-999.0","-999.0","-999.0","-999.0","-999.0"
"TWANOH_123W_47N","47.375","-123.008","11/01/2014","12:17","456.1","2","1.87","435.0","2","1.84","1011.0","9.9","100.78","-999.000","-999.000","456.9","435.8","-999.0","-999.0","-999.0","-999.0","-999.0","-999.0"
"TWANOH_123W_47N","47.375","-123.008","11/01/2014","15:17","532.2","2","1.85","437.2","2","1.83","1011.9","9.4","100.47","-999.000","-999.000","533.2","438.0","-999.0","-999.0","-999.0","-999.0","-999.0","-999.0"
"TWANOH_123W_47N","47.375","-123.008","11/01/2014","18:17","413.3","2","2.14","437.5","2","2.11","1012.6","9.5","100.53","-999.000","-999.000","414.2","438.4","-999.0","-999.0","-999.0","-999.0","-999.0","-999.0"
"TWANOH_123W_47N","47.375","-123.008","11/01/2014","21:17","270.3","2","2.23","419.2","2","2.19","1012.9","10.0","101.48","-999.000","-999.000","270.9","420.1","-999.0","-999.0","-999.0","-999.0","-999.0","-999.0"
"TWANOH_123W_47N","47.375","-123.008","11/02/2014","00:17","300.0","2","2.21","415.9","2","2.15","1014.3","10.6","101.43","-999.000","-999.000","300.6","416.8","-999.0","-999.0","-999.0","-999.0","-999.0","-999.0"
"TWANOH_123W_47N","47.375","-123.008","11/02/2014","03:17","376.0","2","2.13","419.7","2","2.08","1015.7","10.8","101.17","-999.000","-999.000","376.8","420.6","-999.0","-999.0","-999.0","-999.0","-999.0","-999.0"
"TWANOH_123W_47N","47.375","-123.008","11/02/2014","06:17","384.4","2","2.10","431.2","2","2.05","1016.5","10.7","101.08","-999.000","-999.000","385.2","432.1","-999.0","-999.0","-999.0","-999.0","-999.0","-999.0"
"TWANOH_123W_47N","47.375","-123.008","11/02/2014","09:17","285.5","2","1.95","430.4","2","1.92","1017.9","10.2","101.39","-999.000","-999.000","286.1","431.2","-999.0","-999.0","-999.0","-999.0","-999.0","-999.0"
"TWANOH_123W_47N","47.375","-123.008","11/02/2014","12:17","366.2","2","1.92","433.7","2","1.90","1019.6","9.8","101.13","-999.000","-999.000","366.9","434.5","-999.0","-999.0","-999.0","-999.0","-999.0","-999.0"
"TWANOH_123W_47N","47.375","-123.008","11/02/2014","15:17","400.3","2","1.89","434.0","2","1.86","1020.2","9.5","100.91","-999.000","-999.000","401.1","434.9","-999.0","-999.0","-999.0","-999.0","-999.0","-999.0"
"TWANOH_123W_47N","47.375","-123.008","11/02/2014","18:17","430.2","2","2.14","434.4","2","2.11","1020.0","9.5","100.67","-999.000","-999.000","431.1","435.3","-999.0","-999.0","-999.0","-999.0","-999.0","-999.0"
"TWANOH_123W_47N","47.375","-123.008","11/02/2014","21:17","234.7","2","2.19","426.4","2","2.14","1018.6","10.2","101.85","-999.000","-999.000","235.3","427.3","-999.0","-999.0","-999.0","-999.0","-999.0","-999.0"
"TWANOH_123W_47N","47.375","-123.008","11/03/2014","00:17","270.9","2","2.24","416.8","2","2.18","1017.4","10.8","101.92","-999.000","-999.000","271.5","417.8","-999.0","-999.0","-999.0","-999.0","-999.0","-999.0"
"TWANOH_123W_47N","47.375","-123.008","11/03/2014","03:17","381.4","2","2.28","420.0","2","2.21","1017.7","11.3","101.57","-999.000","-999.000","382.3","420.9","-999.0","-999.0","-999.0","-999.0","-999.0","-999.0"
"TWANOH_123W_47N","47.375","-123.008","11/03/2014","06:17","403.2","2","2.35","421.6","2","2.28","1017.3","11.5","101.29","-999.000","-999.000","404.2","422.6","-999.0","-999.0","-999.0","-999.0","-999.0","-999.0"
"TWANOH_123W_47N","47.375","-123.008","11/03/2014","09:17","309.3","2","2.42","419.8","2","2.34","1017.5","11.8","101.47","-999.000","-999.000","310.0","420.8","-999.0","-999.0","-999.0","-999.0","-999.0","-999.0"
"TWANOH_123W_47N","47.375","-123.008","11/03/2014","12:17","337.6","2","2.42","418.1","2","2.35","1017.9","12.0","101.32","-999.000","-999.000","338.5","419.1","-999.0","-999.0","-999.0","-999.0","-999.0","-999.0"
"TWANOH_123W_47N","47.375","-123.008","11/03/2014","15:17","417.6","2","2.45","416.2","2","2.37","1017.9","12.1","101.02","-999.000","-999.000","418.6","417.2","-999.0","-999.0","-999.0","-999.0","-999.0","-999.0"
"TWANOH_123W_47N","47.375","-123.008","11/03/2014","18:17","339.0","2","2.51","415.6","2","2.43","1018.6","12.2","101.05","-999.000","-999.000","339.9","416.6","-999.0","-999.0","-999.0","-999.0","-999.0","-999.0"
"TWANOH_123W_47N","47.375","-123.008","11/03/2014","21:17","302.4","2","2.58","411.6","2","2.50","1017.5","12.5","101.42","-999.000","-999.000","303.2","412.6","-999.0","-999.0","-999.0","-999.0","-999.0","-999.0"
"TWANOH_123W_47N","47.375","-123.008","11/04/2014","00:17","289.0","2","2.56","416.7","2","2.48","1016.6","12.8","101.61","-999.000","-999.000","289.8","417.8","-999.0","-999.0","-999.0","-999.0","-999.0","-999.0"
"TWANOH_123W_47N","47.375","-123.008","11/04/2014","03:17","395.5","2","2.55","414.7","2","2.47","1016.6","12.8","101.30","-999.000","-999.000","396.5","415.7","-999.0","-999.0","-999.0","-999.0","-999.0","-999.0"
"TWANOH_123W_47N","47.375","-123.008","11/04/2014","06:17","417.0","2","2.57","414.8","2","2.49","1015.4","12.8","101.01","-999.000","-999.000","418.1","415.8","-999.0","-999.0","-999.0","-999.0","-999.0","-999.0"
"TWANOH_123W_47N","47.375","-123.008","11/04/2014","09:17","413.1","2","2.58","416.0","2","2.50","1014.6","12.9","100.83","-999.000","-999.000","414.2","417.0","-999.0","-999.0","-999.0","-999.0","-999.0","-999.0"
"TWANOH_123W_47N","47.375","-123.008","11/04/2014","12:17","350.0","2","2.55","418.7","2","2.49","1014.1","12.9","100.85","-999.000","-999.000","350.9","419.7","-999.0","-999.0","-999.0","-999.0","-999.0","-999.0"
"TWANOH_123W_47N","47.375","-123.008","11/04/2014","15:17","377.2","2","2.62","414.5","2","2.55","1014.9","12.9","100.56","-999.000","-999.000","378.1","415.5","-999.0","-999.0","-999.0","-999.0","-999.0","-999.0"
"TWANOH_123W_47N","47.375","-123.008","11/04/2014","18:17","347.4","2","2.77","404.7","2","2.69","1016.6","13.2","100.54","-999.000","-999.000","348.4","405.8","-999.0","-999.0","-999.0","-999.0","-999.0","-999.0"
"TWANOH_123W_47N","47.375","-123.008","11/04/2014","21:17","263.9","2","2.80","400.4","2","2.71","1019.3","13.7","101.07","-999.000","-999.000","264.6","401.5","-999.0","-999.0","-999.0","-999.0","-999.0","-999.0"
"TWANOH_123W_47N","47.375","-123.008","11/05/2014","00:17","237.6","2","2.84","400.5","2","2.71","1021.3","14.3","101.68","-999.000","-999.000","238.3","401.6","-999.0","-999.0","-999.0","-999.0","-999.0","-999.0"
"TWANOH_123W_47N","47.375","-123.008","11/05/2014","03:17","378.8","2","2.63","412.6","2","2.51","1023.3","13.8","101.27","-999.000","-999.000","379.8","413.6","-999.0","-999.0","-999.0","-999.0","-999.0","-999.0"
"TWANOH_123W_47N","47.375","-123.008","11/05/2014","06:17","428.4","2","2.47","427.6","2","2.38","1024.2","13.1","101.01","-999.000","-999.000","429.4","428.7","-999.0","-999.0","-999.0","-999.0","-999.0","-999.0"
"TWANOH_123W_47N","47.375","-123.008","11/05/2014","09:17","344.3","2","2.37","433.1","2","2.30","1024.4","12.4","100.98","-999.000","-999.000","345.2","434.1","-999.0","-999.0","-999.0","-999.0","-999.0","-999.0"
"TWANOH_123W_47N","47.375","-123.008","11/05/2014","12:17","295.0","2","2.36","439.0","2","2.30","1023.8","12.2","101.09","-999.000","-999.000","295.7","440.0","-999.0","-999.0","-999.0","-999.0","-999.0","-999.0"
"TWANOH_123W_47N","47.375","-123.008","11/05/2014","15:17","384.7","2","2.36","438.8","2","2.31","1022.8","12.1","100.77","-999.000","-999.000","385.6","439.9","-999.0","-999.0","-999.0","-999.0","-999.0","-999.0"
"TWANOH_123W_47N","47.375","-123.008","11/05/2014","18:17","-999.0","4","2.42","-999.0","4","2.37","1021.9","12.1","100.67","-999.000","-999.000","-999.0","-999.0","-999.0","-999.0","-999.0","-999.0","-999.0","-999.0"
"TWANOH_123W_47N","47.375","-123.008","11/05/2014","21:17","-999.0","4","2.43","-999.0","4","2.38","1019.8","12.2","99.63","-999.000","-999.000","-999.0","-999.0","-999.0","-999.0","-999.0","-999.0","-999.0","-999.0"
"TWANOH_123W_47N","47.375","-123.008","11/06/2014","00:17","422.8","2","2.45","420.6","2","2.39","1017.8","12.3","99.66","-999.000","-999.000","423.9","421.6","-999.0","-999.0","-999.0","-999.0","-999.0","-999.0"
"TWANOH_123W_47N","47.375","-123.008","11/06/2014","03:17","481.6","2","2.48","423.9","2","2.42","1016.6","12.4","99.49","-999.000","-999.000","482.7","425.0","-999.0","-999.0","-999.0","-999.0","-999.0","-999.0"
"TWANOH_123W_47N","47.375","-123.008","11/06/2014","06:17","607.9","2","2.50","431.7","2","2.44","1015.5","12.5","99.42","-999.000","-999.000","609.4","432.7","-999.0","-999.0","-999.0","-999.0","-999.0","-999.0"
"TWANOH_123W_47N","47.375","-123.008","11/06/2014","09:17","557.9","2","2.51","434.8","2","2.45","1012.9","12.5","99.26","-999.000","-999.000","559.3","435.8","-999.0","-999.0","-999.0","-999.0","-999.0","-999.0"
"TWANOH_123W_47N","47.375","-123.008","11/06/2014","12:17","487.0","2","2.52","449.8","2","2.46","1009.9","12.5","99.05","-999.000","-999.000","488.2","450.9","-999.0","-999.0","-999.0","-999.0","-999.0","-999.0"
"TWANOH_123W_47N","47.375","-123.008","11/06/2014","15:17","542.0","2","2.60","432.9","2","2.53","1009.1","12.5","98.86","-999.000","-999.000","543.4","434.0","-999.0","-999.0","-999.0","-999.0","-999.0","-999.0"
"TWANOH_123W_47N","47.375","-123.008","11/06/2014","18:17","351.6","2","2.75","404.9","2","2.66","1010.5","13.0","99.23","-999.000","-999.000","352.5","406.0","-999.0","-999.0","-999.0","-999.0","-999.0","-999.0"
"TWANOH_123W_47N","47.375","-123.008","11/06/2014","21:17","392.1","2","2.68","403.9","2","2.61","1011.0","13.3","99.45","-999.000","-999.000","393.2","404.9","-999.0","-999.0","-999.0","-999.0","-999.0","-999.0"
"TWANOH_123W_47N","47.375","-123.008","11/07/2014","00:17","624.2","2","2.69","405.3","2","2.58","1015.6","13.0","98.25","-999.000","-999.000","625.9","406.3","-999.0","-999.0","-999.0","-999.0","-999.0","-999.0"
"TWANOH_123W_47N","47.375","-123.008","11/07/2014","03:17","748.7","2","2.55","407.9","2","2.44","1020.4","12.6","98.31","-999.000","-999.000","750.6","408.9","-999.0","-999.0","-999.0","-999.0","-999.0","-999.0"
"TWANOH_123W_47N","47.375","-123.008","11/07/2014","06:17","835.7","2","2.43","409.6","2","2.35","1024.8","12.2","98.34","-999.000","-999.000","837.7","410.6","-999.0","-999.0","-999.0","-999.0","-999.0","-999.0"
"TWANOH_123W_47N","47.375","-123.008","11/07/2014","09:17","878.5","2","2.35","412.8","2","2.26","1025.5","11.8","98.36","-999.000","-999.000","880.6","413.7","-999.0","-999.0","-999.0","-999.0","-999.0","-999.0"
"TWANOH_123W_47N","47.375","-123.008","11/07/2014","12:17","969.5","2","2.05","420.0","2","1.99","1027.6","11.0","98.17","-999.000","-999.000","971.5","420.8","-999.0","-999.0","-999.0","-999.0","-999.0","-999.0"
"TWANOH_123W_47N","47.375","-123.008","11/07/2014","15:17","947.6","2","1.96","431.6","2","1.92","1030.1","10.3","98.25","-999.000","-999.000","949.5","432.4","-999.0","-999.0","-999.0","-999.0","-999.0","-999.0"
"TWANOH_123W_47N","47.375","-123.008","11/07/2014","18:17","878.0","2","2.26","431.3","2","2.22","1031.8","10.1","98.40","-999.000","-999.000","880.0","432.2","-999.0","-999.0","-999.0","-999.0","-999.0","-999.0"
"TWANOH_123W_47N","47.375","-123.008","11/07/2014","21:17","848.8","2","2.31","407.1","2","2.26","1030.4","11.0","98.55","-999.000","-999.000","850.7","408.0","-999.0","-999.0","-999.0","-999.0","-999.0","-999.0"
"TWANOH_123W_47N","47.375","-123.008","11/08/2014","00:17","351.3","2","2.46","410.4","2","2.38","1029.2","13.1","99.45","-999.000","-999.000","352.1","411.4","-999.0","-999.0","-999.0","-999.0","-999.0","-999.0"
"TWANOH_123W_47N","47.375","-123.008","11/08/2014","03:17","503.2","2","1.81","418.8","2","1.76","1028.9","12.0","99.42","-999.000","-999.000","504.1","419.5","-999.0","-999.0","-999.0","-999.0","-999.0","-999.0"
"TWANOH_123W_47N","47.375","-123.008","11/08/2014","06:17","579.5","2","2.07","423.0","2","2.02","1029.1","10.6","99.33","-999.000","-999.000","580.7","423.8","-999.0","-999.0","-999.0","-999.0","-999.0","-999.0"
"TWANOH_123W_47N","47.375","-123.008","11/08/2014","09:17","588.1","2","1.89","431.4","2","1.84","1028.3","9.9","99.31","-999.000","-999.000","589.2","432.2","-999.0","-999.0","-999.0","-999.0","-999.0","-999.0"
"TWANOH_123W_47N","47.375","-123.008","11/08/2014","12:17","626.4","2","1.73","432.6","2","1.71","1026.8","9.2","99.26","-999.000","-999.000","627.4","433.4","-999.0","-999.0","-999.0","-999.0","-999.0","-999.0"
"TWANOH_123W_47N","47.375","-123.008","11/08/2014","15:17","446.3","2","1.65","432.5","2","1.64","1026.5","8.6","99.15","-999.000","-999.000","447.0","433.3","-999.0","-999.0","-999.0","-999.0","-999.0","-999.0"
"TWANOH_123W_47N","47.375","-123.008","11/08/2014","18:17","541.1","2","1.95","435.6","2","1.93","1025.9","8.4","99.24","-999.000","-999.000","542.2","436.5","-999.0","-999.0","-999.0","-999.0","-999.0","-999.0"
"TWANOH_123W_47N","47.375","-123.008","11/08/2014","21:17","598.6","2","2.03","421.6","2","2.00","1022.9","9.0","99.26","-999.000","-999.000","599.9","422.4","-999.0","-999.0","-999.0","-999.0","-999.0","-999.0"
"TWANOH_123W_47N","47.375","-123.008","11/09/2014","00:17","437.5","2","2.24","417.1","2","2.19","1020.5","10.7","99.43","-999.000","-999.000","438.5","418.0","-999.0","-999.0","-999.0","-999.0","-999.0","-999.0"
"TWANOH_123W_47N","47.375","-123.008","11/09/2014","03:17","531.0","2","1.93","418.6","2","1.92","1019.2","10.6","99.41","-999.000","-999.000","532.0","419.4","-999.0","-999.0","-999.0","-999.0","-999.0","-999.0"
"TWANOH_123W_47N","47.375","-123.008","11/09/2014","06:17","587.7","2","1.90","428.8","2","1.89","1018.3","9.8","99.36","-999.000","-999.000","588.9","429.6","-999.0","-999.0","-999.0","-999.0","-999.0","-999.0"
"TWANOH_123W_47N","47.375","-123.008","11/09/2014","09:17","647.9","2","1.94","435.5","2","1.91","1016.5","9.5","99.33","-999.000","-999.000","649.1","436.3","-999.0","-999.0","-999.0","-999.0","-999.0","-999.0"
"TWANOH_123W_47N","47.375","-123.008","11/09/2014","12:17","744.7","2","2.07","417.8","2","2.02","1012.4","9.7","99.17","-999.000","-999.000","746.2","418.6","-999.0","-999.0","-999.0","-999.0","-999.0","-999.0"
"TWANOH_123W_47N","47.375","-123.008","11/09/2014","15:17","370.7","2","2.07","425.6","2","2.03","1010.1","10.2","100.03","-999.000","-999.000","371.4","426.5","-999.0","-999.0","-999.0","-999.0","-999.0","-999.0"
"TWANOH_123W_47N","47.375","-123.008","11/09/2014","18:17","539.6","2","2.28","408.9","2","2.22","1007.8","10.4","99.84","-999.000","-999.000","540.8","409.8","-999.0","-999.0","-999.0","-999.0","-999.0","-999.0"
"TWANOH_123W_47N","47.375","-123.008","11/09/2014","21:17","672.2","2","2.31","418.3","2","2.24","1009.8","11.4","99.74","-999.000","-999.000","673.8","419.3","-999.0","-999.0","-999.0","-999.0","-999.0","-999.0"
"TWANOH_123W_47N","47.375","-123.008","11/10/2014","00:17","290.7","2","2.17","412.2","2","2.07","1010.7","13.2","100.78","-999.000","-999.000","291.3","413.0","-999.0","-999.0","-999.0","-999.0","-999.0","-999.0"
"TWANOH_123W_47N","47.375","-123.008","11/10/2014","03:17","400.3","2","2.09","413.6","2","1.97","1013.3","12.9","100.63","-999.000","-999.000","401.2","414.4","-999.0","-999.0","-999.0","-999.0","-999.0","-999.0"
"TWANOH_123W_47N","47.375","-123.008","11/10/2014","06:17","482.1","2","2.28","421.4","2","2.20","1015.9","12.0","100.49","-999.000","-999.000","483.2","422.4","-999.0","-999.0","-999.0","-999.0","-999.0","-999.0"
"TWANOH_123W_47N","47.375","-123.008","11/10/2014","09:17","515.9","2","2.22","425.6","2","2.15","1017.9","11.4","100.33","-999.000","-999.000","517.0","426.5","-999.0","-999.0","-999.0","-999.0","-999.0","-999.0"
"TWANOH_123W_47N","47.375","-123.008","11/10/2014","12:17","566.6","2","2.16","426.1","2","2.09","1019.5","11.2","100.16","-999.000","-999.000","567.8","427.0","-999.0","-999.0","-999.0","-999.0","-999.0","-999.0"
"TWANOH_123W_47N","47.375","-123.008","11/10/2014","15:17","245.0","2","2.02","431.0","2","1.96","1021.0","10.6","101.26","-999.000","-999.000","245.4","431.8","-999.0","-999.0","-999.0","-999.0","-999.0","-999.0"
"TWANOH_123W_47N","47.375","-123.008","11/10/2014","18:17","369.8","2","2.23","420.3","2","2.19","1021.8","9.7","101.00","-999.000","-999.000","370.6","421.2","-999.0","-999.0","-999.0","-999.0","-999.0","-999.0"
"TWANOH_123W_47N","47.375","-123.008","11/10/2014","21:17","464.9","2","2.13","411.0","2","2.08","1021.3","10.3","100.83","-999.000","-999.000","465.9","411.9","-999.0","-999.0","-999.0","-999.0","-999.0","-999.0"
"TWANOH_123W_47N","47.375","-123.008","11/11/2014","00:17","368.1","2","2.21","410.0","2","2.08","1020.8","12.3","100.81","-999.000","-999.000","368.9","410.9","-999.0","-999.0","-999.0","-999.0","-999.0","-999.0"
"TWANOH_123W_47N","47.375","-123.008","11/11/2014","03:17","343.2","2","1.83","416.7","2","1.72","1020.4","10.7","100.73","-999.000","-999.000","343.9","417.4","-999.0","-999.0","-999.0","-999.0","-999.0","-999.0"
"TWANOH_123W_47N","47.375","-123.008","11/11/2014","06:17","408.0","2","2.03","410.5","2","1.89","1020.8","9.2","100.51","-999.000","-999.000","408.9","411.3","-999.0","-999.0","-999.0","-999.0","-999.0","-999.0"
"TWANOH_123W_47N","47.375","-123.008","11/11/2014","09:17","495.2","2","2.01","410.7","2","1.81","1020.8","9.5","100.34","-999.000","-999.000","496.2","411.4","-999.0","-999.0","-999.0","-999.0","-999.0","-999.0"
"TWANOH_123W_47N","47.375","-123.008","11/11/2014","12:17","571.0","2","1.98","412.2","2","1.78","1021.2","9.7","100.13","-999.000","-999.000","572.1","413.0","-999.0","-999.0","-999.0","-999.0","-999.0","-999.0"
"TWANOH_123W_47N","47.375","-123.008","11/11/2014","15:17","597.9","2","1.88","413.5","2","1.70","1022.2","9.3","99.87","-999.000","-999.000","599.0","414.2","-999.0","-999.0","-999.0","-999.0","-999.0","-999.0"
"TWANOH_123W_47N","47.375","-123.008","11/11/2014","18:17","269.9","2","1.86","410.5","2","1.68","1024.1","9.0","100.58","-999.000","-999.000","270.4","411.2","-999.0","-999.0","-999.0","-999.0","-999.0","-999.0"
"TWANOH_123W_47N","47.375","-123.008","11/11/2014","21:17","355.9","2","1.91","409.7","2","1.71","1024.2","8.8","100.78","-999.000","-999.000","356.5","410.4","-999.0","-999.0","-999.0","-999.0","-999.0","-999.0"
"TWANOH_123W_47N","47.375","-123.008","11/12/2014","00:17","345.6","2","1.67","408.5","2","1.48","1024.6","9.3","100.70","-999.000","-999.000","346.2","409.1","-999.0","-999.0","-999.0","-999.0","-999.0","-999.0"
"TWANOH_123W_47N","47.375","-123.008","11/12/2014","03:17","266.5","2","1.53","408.4","2","1.30","1025.9","8.3","101.10","-999.000","-999.000","266.9","408.9","-999.0","-999.0","-999.0","-999.0","-999.0","-999.0"
"TWANOH_123W_47N","47.375","-123.008","11/12/2014","06:17","248.1","2","1.54","408.3","2","1.29","1027.1","7.5","101.18","-999.000","-999.000","248.5","408.8","-999.0","-999.0","-999.0","-999.0","-999.0","-999.0"
"TWANOH_123W_47N","47.375","-123.008","11/12/2014","09:17","311.3","2","1.44","408.8","2","1.24","1027.6","6.8","100.92","-999.000","-999.000","311.7","409.4","-999.0","-999.0","-999.0","-999.0","-999.0","-999.0"
"TWANOH_123W_47N","47.375","-123.008","11/12/2014","12:17","296.2","2","1.47","408.7","2","1.28","1026.7","6.2","100.82","-999.000","-999.000","296.6","409.2","-999.0","-999.0","-999.0","-999.0","-999.0","-999.0"
"TWANOH_123W_47N","47.375","-123.008","11/12/2014","15:17","251.6","2","1.40","413.3","2","1.24","1026.3","5.7","101.02","-999.000","-999.000","252.0","413.8","-999.0","-999.0","-999.0","-999.0","-999.0","-999.0"
"TWANOH_123W_47N","47.375","-123.008","11/12/2014","18:17","256.2","2","1.65","408.5","2","1.49","1025.7","5.7","101.62","-999.000","-999.000","256.7","409.1","-999.0","-999.0","-999.0","-999.0","-999.0","-999.0"
"TWANOH_123W_47N","47.375","-123.008","11/12/2014","21:17","239.7","2","1.66","407.2","2","1.49","1023.0","6.4","102.03","-999.000","-999.000","240.1","407.8","-999.0","-999.0","-999.0","-999.0","-999.0","-999.0"
"TWANOH_123W_47N","47.375","-123.008","11/13/2014","00:17","237.3","2","1.62","408.2","2","1.40","1021.0","7.9","102.09","-999.000","-999.000","237.7","408.8","-999.0","-999.0","-999.0","-999.0","-999.0","-999.0"
"TWANOH_123W_47N","47.375","-123.008","11/13/2014","03:17","219.5","2","1.44","411.4","2","1.24","1020.9","7.0","102.39","-999.000","-999.000","219.8","412.0","-999.0","-999.0","-999.0","-999.0","-999.0","-999.0"
"TWANOH_123W_47N","47.375","-123.008","11/13/2014","06:17","240.8","2","1.42","411.4","2","1.24","1020.0","6.1","102.25","-999.000","-999.000","241.1","411.9","-999.0","-999.0","-999.0","-999.0","-999.0","-999.0"
"TWANOH_123W_47N","47.375","-123.008","11/13/2014","09:17","276.0","2","1.46","411.3","2","1.27","1018.8","5.8","101.93","-999.000","-999.000","276.4","411.8","-999.0","-999.0","-999.0","-999.0","-999.0","-999.0"
"TWANOH_123W_47N","47.375","-123.008","11/13/2014","12:17","312.6","2","1.47","411.6","2","1.30","1017.3","5.7","101.63","-999.000","-999.000","313.0","412.2","-999.0","-999.0","-999.0","-999.0","-999.0","-999.0"
"TWANOH_123W_47N","47.375","-123.008","11/13/2014","15:17","205.3","2","1.51","412.5","2","1.34","1015.1","5.4","101.53","-999.000","-999.000","205.6","413.0","-999.0","-999.0","-999.0","-999.0","-999.0","-999.0"
"TWANOH_123W_47N","47.375","-123.008","11/13/2014","18:17","161.6","2","1.65","410.4","2","1.47","1015.3","5.6","102.10","-999.000","-999.000","161.9","411.0","-999.0","-999.0","-999.0","-999.0","-999.0","-999.0"
"TWANOH_123W_47N","47.375","-123.008","11/13/2014","21:17","152.3","2","1.63","410.1","2","1.45","1014.7","6.4","102.43","-999.000","-999.000","152.6","410.7","-999.0","-999.0","-999.0","-999.0","-999.0","-999.0"
"TWANOH_123W_47N","47.375","-123.008","11/14/2014","00:17","134.5","2","1.49","412.0","2","1.37","1015.0","6.9","102.97","-999.000","-999.000","134.7","412.6","-999.0","-999.0","-999.0","-999.0","-999.0","-999.0"
"TWANOH_123W_47N","47.375","-123.008","11/14/2014","03:17","139.1","2","1.52","416.9","2","1.43","1015.8","5.5","103.42","-999.000","-999.000","139.3","417.5","-999.0","-999.0","-999.0","-999.0","-999.0","-999.0"
"TWANOH_123W_47N","47.375","-123.008","11/14/2014","06:17","131.5","2","1.46","423.6","2","1.40","1016.7","4.2","103.76","-999.000","-999.000","131.7","424.2","-999.0","-999.0","-999.0","-999.0","-999.0","-999.0"
"TWANOH_123W_47N","47.375","-123.008","11/14/2014","09:17","136.2","2","1.72","422.7","2","1.73","1017.3","3.1","103.87","-999.000","-999.000","136.4","423.4","-999.0","-999.0","-999.0","-999.0","-999.0","-999.0"
"TWANOH_123W_47N","47.375","-123.008","11/14/2014","12:17","142.0","2","2.45","432.7","2","2.55","1018.1","2.4","103.98","-999.000","-999.000","142.4","433.8","-999.0","-999.0","-999.0","-999.0","-999.0","-999.0"
"TWANOH_123W_47N","47.375","-123.008","11/14/2014","15:17","158.1","2","2.65","435.0","2","2.83","1019.1","2.2","103.89","-999.000","-999.000","158.5","436.2","-999.0","-999.0","-999.0","-999.0","-999.0","-999.0"
"TWANOH_123W_47N","47.375","-123.008","11/14/2014","18:17","128.3","2","2.74","431.8","2","2.84","1020.2","2.0","104.44","-999.000","-999.000","128.6","433.1","-999.0","-999.0","-999.0","-999.0","-999.0","-999.0"
"TWANOH_123W_47N","47.375","-123.008","11/14/2014","21:17","134.5","2","1.14","417.0","2","1.18","1020.6","3.2","105.60","-999.000","-999.000","134.7","417.5","-999.0","-999.0","-999.0","-999.0","-999.0","-999.0"
"TWANOH_123W_47N","47.375","-123.008","11/15/2014","00:17","112.0","2","1.31","413.0","2","1.30","1021.4","6.1","106.26","-999.000","-999.000","112.1","413.5","-999.0","-999.0","-999.0","-999.0","-999.0","-999.0"
"TWANOH_123W_47N","47.375","-123.008","11/15/2014","03:17","125.8","2","1.23","419.9","2","1.18","1023.4","5.2","105.52","-999.000","-999.000","126.0","420.4","-999.0","-999.0","-999.0","-999.0","-999.0","-999.0"
"TWANOH_123W_47N","47.375","-123.008","11/15/2014","06:17","108.1","2","1.44","422.9","2","1.44","1025.1","3.7","106.01","-999.000","-999.000","108.2","423.6","-999.0","-999.0","-999.0","-999.0","-999.0","-999.0"
"TWANOH_123W_47N","47.375","-123.008","11/15/2014","09:17","111.3","2","1.75","422.9","2","1.83","1027.0","2.7","106.22","-999.000","-999.000","111.5","423.7","-999.0","-999.0","-999.0","-999.0","-999.0","-999.0"
"TWANOH_123W_47N","47.375","-123.008","11/15/2014","12:17","110.9","2","3.53","427.0","2","3.90","1028.7","1.9","106.50","-999.000","-999.000","111.3","428.6","-999.0","-999.0","-999.0","-999.0","-999.0","-999.0"
"TWANOH_123W_47N","47.375","-123.008","11/15/2014","15:17","117.4","2","12.07","427.2","2","11.73","1030.7","1.7","106.36","-999.000","-999.000","118.8","432.2","-999.0","-999.0","-999.0","-999.0","-999.0","-999.0"
"TWANOH_123W_47N","47.375","-123.008","11/15/2014","18:17","100.9","2","6.81","422.6","2","7.79","1032.0","1.4","107.64","-999.000","-999.000","101.6","425.9","-999.0","-999.0","-999.0","-999.0","-999.0","-999.0"
"TWANOH_123W_47N","47.375","-123.008","11/15/2014","21:17","109.1","2","0.79","410.0","2","0.82","1031.8","2.7","107.18","-999.000","-999.000","109.2","410.3","-999.0","-999.0","-999.0","-999.0","-999.0","-999.0"
"TWANOH_123W_47N","47.375","-123.008","11/16/2014","00:17","95.4","2","1.03","408.3","2","1.02","1031.5","5.6","107.27","-999.000","-999.000","95.5","408.7","-999.0","-999.0","-999.0","-999.0","-999.0","-999.0"
"TWANOH_123W_47N","47.375","-123.008","11/16/2014","03:17","95.3","2","1.03","416.9","2","0.98","1033.8","5.0","106.90","-999.000","-999.000","95.4","417.4","-999.0","-999.0","-999.0","-999.0","-999.0","-999.0"
"TWANOH_123W_47N","47.375","-123.008","11/16/2014","06:17","123.9","2","1.44","421.2","2","1.48","1034.2","3.2","106.21","-999.000","-999.000","124.1","421.8","-999.0","-999.0","-999.0","-999.0","-999.0","-999.0"
"TWANOH_123W_47N","47.375","-123.008","11/16/2014","09:17","118.4","2","4.03","424.5","2","4.30","1033.8","2.1","105.84","-999.000","-999.000","118.9","426.3","-999.0","-999.0","-999.0","-999.0","-999.0","-999.0"
"TWANOH_123W_47N","47.375","-123.008","11/16/2014","12:17","95.0","2","-4.43","424.2","2","-5.00","1033.4","1.5","106.27","-999.000","-999.000","94.5","422.0","-999.0","-999.0","-999.0","-999.0","-999.0","-999.0"
"TWANOH_123W_47N","47.375","-123.008","11/16/2014","15:17","101.3","2","-0.88","426.0","2","-1.17","1033.0","0.8","106.52","-999.000","-999.000","101.2","425.5","-999.0","-999.0","-999.0","-999.0","-999.0","-999.0"
"TWANOH_123W_47N","47.375","-123.008","11/16/2014","18:17","86.1","2","-1.04","426.2","2","-1.53","1032.7","0.7","107.42","-999.000","-999.000","86.0","425.5","-999.0","-999.0","-999.0","-999.0","-999.0","-999.0"
"TWANOH_123W_47N","47.375","-123.008","11/16/2014","21:17","77.8","2","0.66","419.6","2","0.71","1030.5","1.8","108.65","-999.000","-999.000","77.9","419.9","-999.0","-999.0","-999.0","-999.0","-999.0","-999.0"
"TWANOH_123W_47N","47.375","-123.008","11/17/2014","00:17","83.0","2","0.87","419.2","2","0.86","1029.0","5.1","109.02","-999.000","-999.000","83.1","419.6","-999.0","-999.0","-999.0","-999.0","-999.0","-999.0"
"TWANOH_123W_47N","47.375","-123.008","11/17/2014","03:17","148.1","2","1.14","426.5","2","1.12","1028.8","4.3","107.40","-999.000","-999.000","148.2","426.9","-999.0","-999.0","-999.0","-999.0","-999.0","-999.0"
"TWANOH_123W_47N","47.375","-123.008","11/17/2014","06:17","286.3","2","1.27","424.6","2","1.29","1030.1","3.2","106.03","-999.000","-999.000","286.7","425.2","-999.0","-999.0","-999.0","-999.0","-999.0","-999.0"
"TWANOH_123W_47N","47.375","-123.008","11/17/2014","09:17","151.3","2","1.95","431.9","2","2.12","1029.3","2.0","106.10","-999.000","-999.000","151.6","432.8","-999.0","-999.0","-999.0","-999.0","-999.0","-999.0"
"TWANOH_123W_47N","47.375","-123.008","11/17/2014","12:17","86.5","2","2.81","430.3","2","3.06","1029.1","1.5","107.02","-999.000","-999.000","86.8","431.6","-999.0","-999.0","-999.0","-999.0","-999.0","-999.0"
"TWANOH_123W_47N","47.375","-123.008","11/17/2014","15:17","91.6","2","-5.50","432.5","2","-6.50","1029.9","1.1","107.38","-999.000","-999.000","91.1","429.7","-999.0","-999.0","-999.0","-999.0","-999.0","-999.0"
"TWANOH_123W_47N","47.375","-123.008","11/17/2014","18:17","108.3","2","-64.45","441.2","2","122.01","1028.8","1.0","107.10","-999.000","-999.000","101.8","502.4","-999.0","-999.0","-999.0","-999.0","-999.0","-999.0"
"TWANOH_123W_47N","47.375","-123.008","11/17/2014","21:17","68.4","2","0.77","-999.0","4","0.82","1026.3","2.1","109.29","-999.000","-999.000","68.4","-999.0","-999.0","-999.0","-999.0","-999.0","-999.0","-999.0"
"TWANOH_123W_47N","47.375","-123.008","11/18/2014","00:17","74.0","2","0.89","421.9","2","0.90","1024.5","4.4","109.98","-999.000","-999.000","74.0","422.3","-999.0","-999.0","-999.0","-999.0","-999.0","-999.0"
"TWANOH_123W_47N","47.375","-123.008","11/18/2014","03:17","104.0","2","1.06","427.5","2","1.07","1024.4","4.0","109.04","-999.000","-999.000","104.1","427.9","-999.0","-999.0","-999.0","-999.0","-999.0","-999.0"
"TWANOH_123W_47N","47.375","-123.008","11/18/2014","06:17","133.9","2","1.25","427.5","2","1.31","1023.4","2.9","107.83","-999.000","-999.000","134.0","428.1","-999.0","-999.0","-999.0","-999.0","-999.0","-999.0"
"TWANOH_123W_47N","47.375","-123.008","11/18/2014","09:17","102.8","2","2.00","432.2","2","2.17","1021.8","2.1","107.65","-999.000","-999.000","103.1","433.2","-999.0","-999.0","-999.0","-999.0","-999.0","-999.0"
"TWANOH_123W_47N","47.375","-123.008","11/18/2014","12:17","100.4","2","1.80","436.3","2","1.99","1021.0","1.7","107.48","-999.000","-999.000","100.6","437.2","-999.0","-999.0","-999.0","-999.0","-999.0","-999.0"
"TWANOH_123W_47N","47.375","-123.008","11/18/2014","15:17","142.1","2","5.02","448.5","2","5.38","1021.8","1.4","106.16","-999.000","-999.000","142.8","450.9","-999.0","-999.0","-999.0","-999.0","-999.0","-999.0"
"TWANOH_123W_47N","47.375","-123.008","11/18/2014","18:17","151.3","2","2.08","439.7","2","2.25","1021.7","1.5","105.11","-999.000","-999.000","151.6","440.7","-999.0","-999.0","-999.0","-999.0","-999.0","-999.0"
"TWANOH_123W_47N","47.375","-123.008","11/18/2014","21:17","112.2","2","1.07","442.9","2","1.12","1020.2","2.4","105.55","-999.000","-999.000","112.3","443.4","-999.0","-999.0","-999.0","-999.0","-999.0","-999.0"
"TWANOH_123W_47N","47.375","-123.008","11/19/2014","00:17","109.9","2","1.04","435.4","2","1.05","1019.8","3.5","105.40","-999.000","-999.000","110.0","435.8","-999.0","-999.0","-999.0","-999.0","-999.0","-999.0"
"TWANOH_123W_47N","47.375","-123.008","11/19/2014","03:17","122.4","2","1.38","435.3","2","1.42","1019.8","3.0","104.85","-999.000","-999.000","122.5","435.9","-999.0","-999.0","-999.0","-999.0","-999.0","-999.0"
"TWANOH_123W_47N","47.375","-123.008","11/19/2014","06:17","170.8","2","1.46","438.0","2","1.55","1019.4","2.2","103.90","-999.000","-999.000","171.0","438.7","-999.0","-999.0","-999.0","-999.0","-999.0","-999.0"
"TWANOH_123W_47N","47.375","-123.008","11/19/2014","09:17","145.8","2","1.36","453.4","2","1.45","1018.9","2.4","103.41","-999.000","-999.000","146.0","454.1","-999.0","-999.0","-999.0","-999.0","-999.0","-999.0"
"TWANOH_123W_47N","47.375","-123.008","11/19/2014","12:17","100.4","2","1.32","448.8","2","1.37","1017.4","2.5","104.20","-999.000","-999.000","100.5","449.4","-999.0","-999.0","-999.0","-999.0","-999.0","-999.0"
"TWANOH_123W_47N","47.375","-123.008","11/19/2014","15:17","107.2","2","1.36","452.4","2","1.43","1016.3","2.6","104.25","-999.000","-999.000","107.4","453.0","-999.0","-999.0","-999.0","-999.0","-999.0","-999.0"
"TWANOH_123W_47N","47.375","-123.008","11/19/2014","18:17","163.1","2","1.23","451.8","2","1.28","1014.7","2.7","103.66","-999.000","-999.000","163.3","452.4","-999.0","-999.0","-999.0","-999.0","-999.0","-999.0"
"TWANOH_123W_47N","47.375","-123.008","11/19/2014","21:17","130.2","2","0.98","445.9","2","1.00","1011.2","3.7","103.60","-999.000","-999.000","130.3","446.4","-999.0","-999.0","-999.0","-999.0","-999.0","-999.0"
"TWANOH_123W_47N","47.375","-123.008","11/20/2014","00:17","100.4","2","1.12","431.0","2","1.11","1010.4","4.9","104.03","-999.000","-999.000","100.6","431.5","-999.0","-999.0","-999.0","-999.0","-999.0","-999.0"
"TWANOH_123W_47N","47.375","-123.008","11/20/2014","03:17","86.2","2","1.12","440.7","2","1.11","1011.1","4.9","105.06","-999.000","-999.000","86.3","441.2","-999.0","-999.0","-999.0","-999.0","-999.0","-999.0"
"TWANOH_123W_47N","47.375","-123.008","11/20/2014","06:17","120.1","2","1.28","449.1","2","1.28","1011.5","4.4","104.77","-999.000","-999.000","120.3","449.7","-999.0","-999.0","-999.0","-999.0","-999.0","-999.0"
"TWANOH_123W_47N","47.375","-123.008","11/20/2014","09:17","117.9","2","1.22","455.6","2","1.22","1013.0","4.6","104.92","-999.000","-999.000","118.0","456.1","-999.0","-999.0","-999.0","-999.0","-999.0","-999.0"
"TWANOH_123W_47N","47.375","-123.008","11/20/2014","12:17","158.7","2","1.25","457.0","2","1.24","1013.9","4.8","104.40","-999.000","-999.000","158.9","457.5","-999.0","-999.0","-999.0","-999.0","-999.0","-999.0"
"TWANOH_123W_47N","47.375","-123.008","11/20/2014","15:17","137.2","2","1.27","422.9","2","1.26","1014.7","5.4","104.07","-999.000","-999.000","137.3","423.4","-999.0","-999.0","-999.0","-999.0","-999.0","-999.0"
"TWANOH_123W_47N","47.375","-123.008","11/20/2014","18:17","144.3","2","1.29","428.5","2","1.27","1015.3","6.0","103.79","-999.000","-999.000","144.5","429.1","-999.0","-999.0","-999.0","-999.0","-999.0","-999.0"
"TWANOH_123W_47N","47.375","-123.008","11/20/2014","21:17","103.7","2","1.41","426.0","2","1.38","1013.9","6.4","104.33","-999.000","-999.000","103.8","426.6","-999.0","-999.0","-999.0","-999.0","-999.0","-999.0"
"TWANOH_123W_47N","47.375","-123.008","11/21/2014","00:17","87.8","2","1.38","421.1","2","1.35","1013.6","6.8","105.34","-999.000","-999.000","87.9","421.7","-999.0","-999.0","-999.0","-999.0","-999.0","-999.0"
"TWANOH_123W_47N","47.375","-123.008","11/21/2014","03:17","96.3","2","1.44","428.0","2","1.42","1013.4","6.9","105.65","-999.000","-999.000","96.4","428.6","-999.0","-999.0","-999.0","-999.0","-999.0","-999.0"
"TWANOH_123W_47N","47.375","-123.008","11/21/2014","06:17","89.5","2","1.46","433.3","2","1.44","1013.1","6.8","106.38","-999.000","-999.000","89.7","433.9","-999.0","-999.0","-999.0","-999.0","-999.0","-999.0"
"TWANOH_123W_47N","47.375","-123.008","11/21/2014","09:17","91.8","2","1.47","439.8","2","1.45","1011.2","6.8","107.13","-999.000","-999.000","91.9","440.4","-999.0","-999.0","-999.0","-999.0","-999.0","-999.0"
"TWANOH_123W_47N","47.375","-123.008","11/21/2014","12:17","101.3","2","1.51","446.2","2","1.49","1009.6","6.9","107.14","-999.000","-999.000","101.4","446.9","-999.0","-999.0","-999.0","-999.0","-999.0","-999.0"
"TWANOH_123W_47N","47.375","-123.008","11/21/2014","15:17","125.1","2","1.54","420.6","2","1.51","1006.7","7.1","106.72","-999.000","-999.000","125.3","421.3","-999.0","-999.0","-999.0","-999.0","-999.0","-999.0"
"TWANOH_123W_47N","47.375","-123.008","11/21/2014","18:17","107.0","2","1.57","417.1","2","1.53","1004.7","7.7","107.93","-999.000","-999.000","107.2","417.7","-999.0","-999.0","-999.0","-999.0","-999.0","-999.0"
"TWANOH_123W_47N","47.375","-123.008","11/21/2014","21:17","108.5","2","1.57","416.7","2","1.52","998.9","8.2","108.39","-999.000","-999.000","108.6","417.3","-999.0","-999.0","-999.0","-999.0","-999.0","-999.0"
"TWANOH_123W_47N","47.375","-123.008","11/22/2014","00:17","101.4","2","1.63","413.2","2","1.58","992.5","8.5","109.30","-999.000","-999.000","101.6","413.9","-999.0","-999.0","-999.0","-999.0","-999.0","-999.0"
"TWANOH_123W_47N","47.375","-123.008","11/22/2014","03:17","119.4","2","1.73","416.7","2","1.67","992.6","8.7","108.39","-999.000","-999.000","119.6","417.4","-999.0","-999.0","-999.0","-999.0","-999.0","-999.0"
"TWANOH_123W_47N","47.375","-123.008","11/22/2014","06:17","277.4","2","1.75","410.2","2","1.69","997.0","8.7","106.78","-999.000","-999.000","277.9","410.9","-999.0","-999.0","-999.0","-999.0","-999.0","-999.0"
"TWANOH_123W_47N","47.375","-123.008","11/22/2014","09:17","307.3","2","1.80","409.4","2","1.73","1001.0","8.4","105.14","-999.000","-999.000","307.9","410.1","-999.0","-999.0","-999.0","-999.0","-999.0","-999.0"
"TWANOH_123W_47N","47.375","-123.008","11/22/2014","12:17","556.7","2","1.70","412.8","2","1.66","1003.6","8.0","102.53","-999.000","-999.000","557.6","413.5","-999.0","-999.0","-999.0","-999.0","-999.0","-999.0"
"TWANOH_123W_47N","47.375","-123.008","11/22/2014","15:17","549.5","2","1.66","412.1","2","1.63","1004.7","7.9","100.66","-999.000","-999.000","550.4","412.8","-999.0","-999.0","-999.0","-999.0","-999.0","-999.0"
"TWANOH_123W_47N","47.375","-123.008","11/22/2014","18:17","520.5","2","1.72","410.1","2","1.68","1007.2","8.0","99.49","-999.000","-999.000","521.4","410.8","-999.0","-999.0","-999.0","-999.0","-999.0","-999.0"
"TWANOH_123W_47N","47.375","-123.008","11/22/2014","21:17","517.2","2","1.74","404.1","2","1.69","1010.3","8.6","98.58","-999.000","-999.000","518.1","404.8","-999.0","-999.0","-999.0","-999.0","-999.0","-999.0"
"TWANOH_123W_47N","47.375","-123.008","11/23/2014","00:17","467.0","2","1.71","406.4","2","1.65","1013.3","9.8","98.03","-999.000","-999.000","467.8","407.1","-999.0","-999.0","-999.0","-999.0","-999.0","-999.0"
"TWANOH_123W_47N","47.375","-123.008","11/23/2014","03:17","474.6","2","1.62","410.0","2","1.53","1017.1","9.4","97.76","-999.000","-999.000","475.4","410.7","-999.0","-999.0","-999.0","-999.0","-999.0","-999.0"
"TWANOH_123W_47N","47.375","-123.008","11/23/2014","06:17","487.0","2","1.80","411.6","2","1.74","1019.5","9.0","97.51","-999.000","-999.000","487.9","412.3","-999.0","-999.0","-999.0","-999.0","-999.0","-999.0"
"TWANOH_123W_47N","47.375","-123.008","11/23/2014","09:17","479.6","2","1.78","414.3","2","1.74","1020.2","8.9","97.36","-999.000","-999.000","480.4","415.0","-999.0","-999.0","-999.0","-999.0","-999.0","-999.0"
"TWANOH_123W_47N","47.375","-123.008","11/23/2014","12:17","456.4","2","1.83","412.7","2","1.79","1018.9","9.0","97.04","-999.000","-999.000","457.3","413.4","-999.0","-999.0","-999.0","-999.0","-999.0","-999.0"
"TWANOH_123W_47N","47.375","-123.008","11/23/2014","15:17","453.6","2","1.83","407.9","2","1.79","1017.2","9.3","96.98","-999.000","-999.000","454.5","408.6","-999.0","-999.0","-999.0","-999.0","-999.0","-999.0"
"TWANOH_123W_47N","47.375","-123.008","11/23/2014","18:17","458.7","2","1.97","405.2","2","1.92","1018.3","9.5","96.95","-999.000","-999.000","459.6","406.0","-999.0","-999.0","-999.0","-999.0","-999.0","-999.0"
"TWANOH_123W_47N","47.375","-123.008","11/23/2014","21:17","448.0","2","1.96","404.6","2","1.91","1019.8","10.2","97.11","-999.000","-999.000","448.9","405.4","-999.0","-999.0","-999.0","-999.0","-999.0","-999.0"
"TWANOH_123W_47N","47.375","-123.008","11/24/2014","00:17","527.3","2","1.86","405.6","2","1.72","1021.1","11.1","96.80","-999.000","-999.000","528.2","406.3","-999.0","-999.0","-999.0","-999.0","-999.0","-999.0"
"TWANOH_123W_47N","47.375","-123.008","11/24/2014","03:17","524.8","2","1.78","412.6","2","1.71","1024.4","10.2","96.88","-999.000","-999.000","525.7","413.3","-999.0","-999.0","-999.0","-999.0","-999.0","-999.0"
"TWANOH_123W_47N","47.375","-123.008","11/24/2014","06:17","589.5","2","1.62","427.7","2","1.58","1026.7","9.0","97.09","-999.000","-999.000","590.5","428.4","-999.0","-999.0","-999.0","-999.0","-999.0","-999.0"
"TWANOH_123W_47N","47.375","-123.008","11/24/2014","09:17","307.3","2","1.57","429.9","2","1.54","1028.3","7.9","97.51","-999.000","-999.000","307.8","430.6","-999.0","-999.0","-999.0","-999.0","-999.0","-999.0"
"TWANOH_123W_47N","47.375","-123.008","11/24/2014","12:17","249.2","2","1.51","430.7","2","1.49","1027.5","7.4","97.94","-999.000","-999.000","249.6","431.3","-999.0","-999.0","-999.0","-999.0","-999.0","-999.0"
"TWANOH_123W_47N","47.375","-123.008","11/24/2014","15:17","253.6","2","1.46","437.9","2","1.45","1027.1","6.9","98.18","-999.000","-999.000","254.0","438.5","-999.0","-999.0","-999.0","-999.0","-999.0","-999.0"
"TWANOH_123W_47N","47.375","-123.008","11/24/2014","18:17","286.8","2","1.54","437.1","2","1.54","1026.7","6.7","98.38","-999.000","-999.000","287.3","437.8","-999.0","-999.0","-999.0","-999.0","-999.0","-999.0"
"TWANOH_123W_47N","47.375","-123.008","11/24/2014","21:17","261.2","2","1.66","424.6","2","1.63","1024.1","7.1","98.58","-999.000","-999.000","261.7","425.3","-999.0","-999.0","-999.0","-999.0","-999.0","-999.0"
"TWANOH_123W_47N","47.375","-123.008","11/25/2014","00:17","257.4","2","1.71","418.3","2","1.67","1021.8","7.8","98.90","-999.000","-999.000","257.9","419.0","-999.0","-999.0","-999.0","-999.0","-999.0","-999.0"
"TWANOH_123W_47N","47.375","-123.008","11/25/2014","03:17","263.6","2","1.75","419.6","2","1.70","1019.2","8.4","99.06","-999.000","-999.000","264.0","420.3","-999.0","-999.0","-999.0","-999.0","-999.0","-999.0"
"TWANOH_123W_47N","47.375","-123.008","11/25/2014","06:17","335.7","2","1.86","414.4","2","1.82","1018.1","8.8","98.90","-999.000","-999.000","336.3","415.1","-999.0","-999.0","-999.0","-999.0","-999.0","-999.0"
"TWANOH_123W_47N","47.375","-123.008","11/25/2014","09:17","767.8","2","1.90","406.5","2","1.84","1019.2","9.9","97.27","-999.000","-999.000","769.3","407.3","-999.0","-999.0","-999.0","-999.0","-999.0","-999.0"
"TWANOH_123W_47N","47.375","-123.008","11/25/2014","12:17","632.5","2","1.81","408.5","2","1.74","1019.8","10.5","96.52","-999.000","-999.000","633.7","409.2","-999.0","-999.0","-999.0","-999.0","-999.0","-999.0"
"TWANOH_123W_47N","47.375","-123.008","11/25/2014","15:17","776.1","2","1.83","420.8","2","1.78","1021.2","10.7","94.78","-999.000","-999.000","777.5","421.5","-999.0","-999.0","-999.0","-999.0","-999.0","-999.0"
"TWANOH_123W_47N","47.375","-123.008","11/25/2014","18:17","513.9","2","2.01","411.6","2","1.98","1023.2","10.4","95.04","-999.000","-999.000","515.0","412.4","-999.0","-999.0","-999.0","-999.0","-999.0","-999.0"
"TWANOH_123W_47N","47.375","-123.008","11/25/2014","21:17","445.5","2","2.00","409.9","2","1.96","1021.9","10.3","95.53","-999.000","-999.000","446.4","410.8","-999.0","-999.0","-999.0","-999.0","-999.0","-999.0"
"TWANOH_123W_47N","47.375","-123.008","11/26/2014","00:17","417.5","2","2.00","413.1","2","1.96","1020.6","10.2","95.83","-999.000","-999.000","418.4","413.9","-999.0","-999.0","-999.0","-999.0","-999.0","-999.0"
"TWANOH_123W_47N","47.375","-123.008","11/26/2014","03:17","516.1","2","2.16","405.4","2","2.10","1020.1","10.8","95.80","-999.000","-999.000","517.3","406.3","-999.0","-999.0","-999.0","-999.0","-999.0","-999.0"
"TWANOH_123W_47N","47.375","-123.008","11/26/2014","06:17","731.0","2","2.07","407.9","2","1.99","1020.9","11.5","95.23","-999.000","-999.000","732.5","408.7","-999.0","-999.0","-999.0","-999.0","-999.0","-999.0"
"TWANOH_123W_47N","47.375","-123.008","11/26/2014","09:17","909.7","2","2.20","406.5","2","2.12","1020.9","11.8","94.36","-999.000","-999.000","911.7","407.4","-999.0","-999.0","-999.0","-999.0","-999.0","-999.0"
"TWANOH_123W_47N","47.375","-123.008","11/26/2014","12:17","982.2","2","2.29","409.3","2","2.22","1020.2","12.0","93.31","-999.000","-999.000","984.5","410.2","-999.0","-999.0","-999.0","-999.0","-999.0","-999.0"
"TWANOH_123W_47N","47.375","-123.008","11/26/2014","15:17","934.0","2","2.41","407.8","2","2.35","1019.2","12.1","92.67","-999.000","-999.000","936.3","408.8","-999.0","-999.0","-999.0","-999.0","-999.0","-999.0"
"TWANOH_123W_47N","47.375","-123.008","11/26/2014","18:17","857.0","2","2.47","408.6","2","2.39","1018.5","12.3","92.56","-999.000","-999.000","859.1","409.5","-999.0","-999.0","-999.0","-999.0","-999.0","-999.0"
"TWANOH_123W_47N","47.375","-123.008","11/26/2014","21:17","761.3","2","2.42","405.5","2","2.33","1016.9","12.7","92.96","-999.000","-999.000","763.1","406.4","-999.0","-999.0","-999.0","-999.0","-999.0","-999.0"
"TWANOH_123W_47N","47.375","-123.008","11/27/2014","00:17","722.1","2","2.28","411.5","2","2.21","1014.9","12.7","93.24","-999.000","-999.000","723.7","412.4","-999.0","-999.0","-999.0","-999.0","-999.0","-999.0"
"TWANOH_123W_47N","47.375","-123.008","11/27/2014","03:17","696.8","2","2.40","418.4","2","2.33","1012.2","12.3","93.36","-999.000","-999.000","698.4","419.3","-999.0","-999.0","-999.0","-999.0","-999.0","-999.0"
"TWANOH_123W_47N","47.375","-123.008","11/27/2014","06:17","699.0","2","2.45","418.3","2","2.38","1011.2","12.3","93.82","-999.000","-999.000","700.7","419.3","-999.0","-999.0","-999.0","-999.0","-999.0","-999.0"
"TWANOH_123W_47N","47.375","-123.008","11/27/2014","09:17","717.1","2","2.37","418.7","2","2.32","1011.3","12.3","94.23","-999.000","-999.000","718.8","419.7","-999.0","-999.0","-999.0","-999.0","-999.0","-999.0"
"TWANOH_123W_47N","47.375","-123.008","11/27/2014","12:17","777.2","2","2.32","415.9","2","2.28","1009.4","12.0","93.93","-999.000","-999.000","779.0","416.9","-999.0","-999.0","-999.0","-999.0","-999.0","-999.0"
"TWANOH_123W_47N","47.375","-123.008","11/27/2014","15:17","951.8","2","2.38","417.0","2","2.32","1009.1","12.0","93.30","-999.000","-999.000","954.1","418.0","-999.0","-999.0","-999.0","-999.0","-999.0","-999.0"
"TWANOH_123W_47N","47.375","-123.008","11/27/2014","18:17","1006.3","2","2.55","410.2","2","2.47","1009.4","12.3","92.66","-999.000","-999.000","1008.9","411.3","-999.0","-999.0","-999.0","-999.0","-999.0","-999.0"
"TWANOH_123W_47N","47.375","-123.008","11/27/2014","21:17","954.2","2","2.52","411.5","2","2.44","1007.8","12.5","92.37","-999.000","-999.000","956.6","412.5","-999.0","-999.0","-999.0","-999.0","-999.0","-999.0"
"TWANOH_123W_47N","47.375","-123.008","11/28/2014","00:17","919.6","2","2.48","413.0","2","2.41","1007.1","12.7","92.44","-999.000","-999.000","921.9","414.0","-999.0","-999.0","-999.0","-999.0","-999.0","-999.0"
"TWANOH_123W_47N","47.375","-123.008","11/28/2014","03:17","869.6","2","2.51","408.8","2","2.44","1006.1","12.5","92.62","-999.000","-999.000","871.7","409.8","-999.0","-999.0","-999.0","-999.0","-999.0","-999.0"
"TWANOH_123W_47N","47.375","-123.008","11/28/2014","06:17","895.5","2","2.47","413.7","2","2.41","1004.7","12.5","92.71","-999.000","-999.000","897.7","414.7","-999.0","-999.0","-999.0","-999.0","-999.0","-999.0"
"TWANOH_123W_47N","47.375","-123.008","11/28/2014","09:17","913.3","2","2.50","408.7","2","2.44","1003.1","12.5","92.84","-999.000","-999.000","915.6","409.7","-999.0","-999.0","-999.0","-999.0","-999.0","-999.0"
"TWANOH_123W_47N","47.375","-123.008","11/28/2014","12:17","909.6","2","2.49","408.3","2","2.44","1000.8","12.5","92.90","-999.000","-999.000","911.9","409.3","-999.0","-999.0","-999.0","-999.0","-999.0","-999.0"
"TWANOH_123W_47N","47.375","-123.008","11/28/2014","15:17","1076.6","2","2.44","408.8","2","2.40","998.2","12.4","92.26","-999.000","-999.000","1079.3","409.8","-999.0","-999.0","-999.0","-999.0","-999.0","-999.0"
"TWANOH_123W_47N","47.375","-123.008","11/28/2014","18:17","928.1","2","2.40","408.3","2","2.37","997.4","12.2","92.30","-999.000","-999.000","930.3","409.3","-999.0","-999.0","-999.0","-999.0","-999.0","-999.0"
"TWANOH_123W_47N","47.375","-123.008","11/28/2014","21:17","900.7","2","2.00","411.6","2","2.00","996.9","11.5","92.82","-999.000","-999.000","902.5","412.4","-999.0","-999.0","-999.0","-999.0","-999.0","-999.0"
"TWANOH_123W_47N","47.375","-123.008","11/29/2014","00:17","744.6","2","1.74","411.1","2","1.75","998.1","10.1","93.49","-999.000","-999.000","745.9","411.8","-999.0","-999.0","-999.0","-999.0","-999.0","-999.0"
"TWANOH_123W_47N","47.375","-123.008","11/29/2014","03:17","700.4","2","1.63","413.0","2","1.64","999.0","8.6","94.10","-999.000","-999.000","701.6","413.7","-999.0","-999.0","-999.0","-999.0","-999.0","-999.0"
"TWANOH_123W_47N","47.375","-123.008","11/29/2014","06:17","668.8","2","1.66","415.7","2","1.66","999.3","7.7","94.54","-999.000","-999.000","669.9","416.4","-999.0","-999.0","-999.0","-999.0","-999.0","-999.0"
"TWANOH_123W_47N","47.375","-123.008","11/29/2014","09:17","676.6","2","1.64","413.5","2","1.65","999.7","7.5","95.08","-999.000","-999.000","677.8","414.2","-999.0","-999.0","-999.0","-999.0","-999.0","-999.0"
"TWANOH_123W_47N","47.375","-123.008","11/29/2014","12:17","799.5","2","1.51","413.9","2","1.53","1002.1","7.1","95.10","-999.000","-999.000","800.7","414.6","-999.0","-999.0","-999.0","-999.0","-999.0","-999.0"
"TWANOH_123W_47N","47.375","-123.008","11/29/2014","15:17","791.6","2","1.41","414.8","2","1.43","1005.7","6.2","94.89","-999.000","-999.000","792.7","415.4","-999.0","-999.0","-999.0","-999.0","-999.0","-999.0"
"TWANOH_123W_47N","47.375","-123.008","11/29/2014","18:17","767.3","2","1.49","414.2","2","1.53","1010.3","5.7","94.73","-999.000","-999.000","768.4","414.8","-999.0","-999.0","-999.0","-999.0","-999.0","-999.0"
"TWANOH_123W_47N","47.375","-123.008","11/29/2014","21:17","766.2","2","1.56","412.8","2","1.58","1013.9","5.8","94.97","-999.000","-999.000","767.4","413.4","-999.0","-999.0","-999.0","-999.0","-999.0","-999.0"
"TWANOH_123W_47N","47.375","-123.008","11/30/2014","00:17","750.1","2","1.40","412.3","2","1.41","1017.9","5.8","94.98","-999.000","-999.000","751.1","412.9","-999.0","-999.0","-999.0","-999.0","-999.0","-999.0"
"TWANOH_123W_47N","47.375","-123.008","11/30/2014","03:17","713.0","2","1.32","413.5","2","1.32","1020.2","4.9","95.02","-999.000","-999.000","713.9","414.0","-999.0","-999.0","-999.0","-999.0","-999.0","-999.0"
"TWANOH_123W_47N","47.375","-123.008","11/30/2014","06:17","653.0","2","1.60","414.3","2","1.66","1022.4","3.7","95.00","-999.000","-999.000","654.0","415.0","-999.0","-999.0","-999.0","-999.0","-999.0","-999.0"
"TWANOH_123W_47N","47.375","-123.008","11/30/2014","09:17","643.8","2","1.85","415.9","2","1.87","1023.6","3.3","95.13","-999.000","-999.000","645.0","416.7","-999.0","-999.0","-999.0","-999.0","-999.0","-999.0"
"TWANOH_123W_47N","47.375","-123.008","11/30/2014","12:17","669.6","2","2.56","417.7","2","2.63","1024.0","2.5","95.11","-999.000","-999.000","671.3","418.8","-999.0","-999.0","-999.0","-999.0","-999.0","-999.0"
"TWANOH_123W_47N","47.375","-123.008","11/30/2014","15:17","759.6","2","7.08","417.1","2","6.78","1023.8","2.0","94.89","-999.000","-999.000","765.0","420.0","-999.0","-999.0","-999.0","-999.0","-999.0","-999.0"
"TWANOH_123W_47N","47.375","-123.008","11/30/2014","18:17","730.1","2","3.69","415.1","2","3.89","1023.8","2.0","94.89","-999.000","-999.000","732.8","416.7","-999.0","-999.0","-999.0","-999.0","-999.0","-999.0"
"TWANOH_123W_47N","47.375","-123.008","11/30/2014","21:17","728.2","2","1.29","412.0","2","1.30","1021.4","3.3","94.85","-999.000","-999.000","729.2","412.6","-999.0","-999.0","-999.0","-999.0","-999.0","-999.0"
"TWANOH_123W_47N","47.375","-123.008","12/01/2014","00:17","673.8","2","1.20","412.0","2","1.18","1020.2","5.1","95.25","-999.000","-999.000","674.6","412.5","-999.0","-999.0","-999.0","-999.0","-999.0","-999.0"
"TWANOH_123W_47N","47.375","-123.008","12/01/2014","03:17","624.6","2","1.48","414.5","2","1.46","1020.1","3.8","95.35","-999.000","-999.000","625.5","415.1","-999.0","-999.0","-999.0","-999.0","-999.0","-999.0"
"TWANOH_123W_47N","47.375","-123.008","12/01/2014","06:17","622.8","2","1.64","415.1","2","1.66","1020.4","3.0","95.35","-999.000","-999.000","623.8","415.7","-999.0","-999.0","-999.0","-999.0","-999.0","-999.0"
"TWANOH_123W_47N","47.375","-123.008","12/01/2014","09:17","662.7","2","2.23","418.5","2","2.33","1020.0","2.3","95.31","-999.000","-999.000","664.2","419.4","-999.0","-999.0","-999.0","-999.0","-999.0","-999.0"
"TWANOH_123W_47N","47.375","-123.008","12/01/2014","12:17","659.4","2","15.65","421.2","2","15.23","1020.2","1.8","95.35","-999.000","-999.000","669.9","427.7","-999.0","-999.0","-999.0","-999.0","-999.0","-999.0"
"TWANOH_123W_47N","47.375","-123.008","12/01/2014","15:17","631.2","2","-7.79","420.9","2","-9.10","1020.9","1.5","95.34","-999.000","-999.000","626.4","417.2","-999.0","-999.0","-999.0","-999.0","-999.0","-999.0"
"TWANOH_123W_47N","47.375","-123.008","12/01/2014","18:17","669.6","2","13.88","425.7","2","14.64","1022.2","1.4","95.26","-999.000","-999.000","679.0","432.0","-999.0","-999.0","-999.0","-999.0","-999.0","-999.0"
"TWANOH_123W_47N","47.375","-123.008","12/01/2014","21:17","665.8","2","1.24","419.3","2","1.31","1021.6","2.2","95.21","-999.000","-999.000","666.6","419.9","-999.0","-999.0","-999.0","-999.0","-999.0","-999.0"
"TWANOH_123W_47N","47.375","-123.008","12/02/2014","00:17","657.1","2","1.14","418.4","2","1.17","1021.8","4.2","95.49","-999.000","-999.000","657.9","418.9","-999.0","-999.0","-999.0","-999.0","-999.0","-999.0"
"TWANOH_123W_47N","47.375","-123.008","12/02/2014","03:17","667.8","2","1.56","420.0","2","1.63","1023.5","3.0","95.48","-999.000","-999.000","668.9","420.7","-999.0","-999.0","-999.0","-999.0","-999.0","-999.0"
"TWANOH_123W_47N","47.375","-123.008","12/02/2014","06:17","655.8","2","2.56","424.6","2","2.71","1024.4","2.1","95.36","-999.000","-999.000","657.5","425.7","-999.0","-999.0","-999.0","-999.0","-999.0","-999.0"
"TWANOH_123W_47N","47.375","-123.008","12/02/2014","09:17","670.9","2","4.56","425.6","2","4.69","1024.1","1.6","95.21","-999.000","-999.000","673.9","427.6","-999.0","-999.0","-999.0","-999.0","-999.0","-999.0"
"TWANOH_123W_47N","47.375","-123.008","12/02/2014","12:17","680.7","2","-14.18","427.8","2","-17.33","1023.6","1.3","95.10","-999.000","-999.000","671.2","420.5","-999.0","-999.0","-999.0","-999.0","-999.0","-999.0"
"TWANOH_123W_47N","47.375","-123.008","12/02/2014","15:17","661.2","2","-3.31","423.5","2","-4.08","1023.2","1.1","95.04","-999.000","-999.000","659.1","421.8","-999.0","-999.0","-999.0","-999.0","-999.0","-999.0"
"TWANOH_123W_47N","47.375","-123.008","12/02/2014","18:17","624.0","2","-2.46","426.1","2","-3.30","1022.0","0.9","95.07","-999.000","-999.000","622.5","424.7","-999.0","-999.0","-999.0","-999.0","-999.0","-999.0"
"TWANOH_123W_47N","47.375","-123.008","12/02/2014","21:17","607.2","2","0.81","414.4","2","0.86","1018.2","1.9","95.27","-999.000","-999.000","607.7","414.8","-999.0","-999.0","-999.0","-999.0","-999.0","-999.0"
"TWANOH_123W_47N","47.375","-123.008","12/03/2014","00:17","639.2","2","1.08","412.5","2","1.09","1016.5","4.3","95.61","-999.000","-999.000","639.9","413.0","-999.0","-999.0","-999.0","-999.0","-999.0","-999.0"
"TWANOH_123W_47N","47.375","-123.008","12/03/2014","03:17","599.3","2","1.16","414.7","2","1.14","1015.7","4.1","95.73","-999.000","-999.000","600.0","415.2","-999.0","-999.0","-999.0","-999.0","-999.0","-999.0"
"TWANOH_123W_47N","47.375","-123.008","12/03/2014","06:17","635.1","2","1.26","415.5","2","1.25","1014.2","4.0","95.79","-999.000","-999.000","636.0","416.0","-999.0","-999.0","-999.0","-999.0","-999.0","-999.0"
"TWANOH_123W_47N","47.375","-123.008","12/03/2014","09:17","592.2","2","1.26","418.8","2","1.26","1012.6","3.8","95.95","-999.000","-999.000","593.0","419.3","-999.0","-999.0","-999.0","-999.0","-999.0","-999.0"
"TWANOH_123W_47N","47.375","-123.008","12/03/2014","12:17","645.2","2","1.32","422.5","2","1.36","1011.2","3.3","95.93","-999.000","-999.000","646.0","423.1","-999.0","-999.0","-999.0","-999.0","-999.0","-999.0"
"TWANOH_123W_47N","47.375","-123.008","12/03/2014","15:17","592.2","2","1.33","421.6","2","1.37","1011.1","3.1","96.17","-999.000","-999.000","593.0","422.2","-999.0","-999.0","-999.0","-999.0","-999.0","-999.0"
"TWANOH_123W_47N","47.375","-123.008","12/03/2014","18:17","596.4","2","1.47","420.0","2","1.52","1010.6","3.0","96.21","-999.000","-999.000","597.3","420.6","-999.0","-999.0","-999.0","-999.0","-999.0","-999.0"
"TWANOH_123W_47N","47.375","-123.008","12/03/2014","21:17","612.2","2","1.16","417.1","2","1.18","1008.8","3.6","96.21","-999.000","-999.000","612.9","417.6","-999.0","-999.0","-999.0","-999.0","-999.0","-999.0"
"TWANOH_123W_47N","47.375","-123.008","12/04/2014","00:17","606.2","2","1.24","417.8","2","1.24","1007.8","4.7","96.41","-999.000","-999.000","607.0","418.3","-999.0","-999.0","-999.0","-999.0","-999.0","-999.0"
"TWANOH_123W_47N","47.375","-123.008","12/04/2014","03:17","593.8","2","1.20","423.3","2","1.18","1008.3","4.8","96.61","-999.000","-999.000","594.5","423.8","-999.0","-999.0","-999.0","-999.0","-999.0","-999.0"
"TWANOH_123W_47N","47.375","-123.008","12/04/2014","06:17","602.1","2","1.28","427.1","2","1.27","1008.4","5.0","96.62","-999.000","-999.000","602.9","427.7","-999.0","-999.0","-999.0","-999.0","-999.0","-999.0"
"TWANOH_123W_47N","47.375","-123.008","12/04/2014","09:17","636.9","2","1.30","427.7","2","1.28","1008.6","5.1","96.46","-999.000","-999.000","637.8","428.2","-999.0","-999.0","-999.0","-999.0","-999.0","-999.0"
"TWANOH_123W_47N","47.375","-123.008","12/04/2014","12:17","595.0","2","1.32","445.8","2","1.31","1009.6","5.2","96.46","-999.000","-999.000","595.8","446.4","-999.0","-999.0","-999.0","-999.0","-999.0","-999.0"
"TWANOH_123W_47N","47.375","-123.008","12/04/2014","15:17","555.3","2","1.34","443.1","2","1.32","1010.0","5.3","96.74","-999.000","-999.000","556.1","443.7","-999.0","-999.0","-999.0","-999.0","-999.0","-999.0"
"TWANOH_123W_47N","47.375","-123.008","12/04/2014","18:17","641.4","2","1.37","434.2","2","1.35","1010.8","5.3","96.54","-999.000","-999.000","642.2","434.8","-999.0","-999.0","-999.0","-999.0","-999.0","-999.0"
"TWANOH_123W_47N","47.375","-123.008","12/04/2014","21:17","646.1","2","1.37","424.1","2","1.36","1010.0","5.6","96.35","-999.000","-999.000","647.0","424.7","-999.0","-999.0","-999.0","-999.0","-999.0","-999.0"
"TWANOH_123W_47N","47.375","-123.008","12/05/2014","00:17","622.6","2","1.39","422.7","2","1.36","1010.2","5.9","96.29","-999.000","-999.000","623.5","423.2","-999.0","-999.0","-999.0","-999.0","-999.0","-999.0"
"TWANOH_123W_47N","47.375","-123.008","12/05/2014","03:17","658.5","2","1.41","429.4","2","1.39","1012.0","6.0","96.17","-999.000","-999.000","659.4","430.0","-999.0","-999.0","-999.0","-999.0","-999.0","-999.0"
"TWANOH_123W_47N","47.375","-123.008","12/05/2014","06:17","644.8","2","1.43","434.5","2","1.41","1013.1","6.2","96.10","-999.000","-999.000","645.8","435.1","-999.0","-999.0","-999.0","-999.0","-999.0","-999.0"
"TWANOH_123W_47N","47.375","-123.008","12/05/2014","09:17","745.3","2","1.45","437.5","2","1.43","1014.2","6.4","95.61","-999.000","-999.000","746.4","438.1","-999.0","-999.0","-999.0","-999.0","-999.0","-999.0"
"TWANOH_123W_47N","47.375","-123.008","12/05/2014","12:17","665.5","2","1.46","448.8","2","1.44","1014.1","6.6","95.56","-999.000","-999.000","666.5","449.4","-999.0","-999.0","-999.0","-999.0","-999.0","-999.0"
"TWANOH_123W_47N","47.375","-123.008","12/05/2014","15:17","628.9","2","1.50","460.7","2","1.47","1013.7","6.7","95.76","-999.000","-999.000","629.9","461.4","-999.0","-999.0","-999.0","-999.0","-999.0","-999.0"
"TWANOH_123W_47N","47.375","-123.008","12/05/2014","18:17","672.1","2","1.54","457.4","2","1.51","1014.5","6.9","95.71","-999.000","-999.000","673.2","458.0","-999.0","-999.0","-999.0","-999.0","-999.0","-999.0"
"TWANOH_123W_47N","47.375","-123.008","12/05/2014","21:17","696.1","2","1.56","452.1","2","1.53","1012.7","7.3","95.52","-999.000","-999.000","697.2","452.8","-999.0","-999.0","-999.0","-999.0","-999.0","-999.0"
"TWANOH_123W_47N","47.375","-123.008","12/06/2014","00:17","663.6","2","1.62","447.1","2","1.58","1011.1","7.6","95.52","-999.000","-999.000","664.6","447.8","-999.0","-999.0","-999.0","-999.0","-999.0","-999.0"
"TWANOH_123W_47N","47.375","-123.008","12/06/2014","03:17","645.2","2","1.63","450.2","2","1.59","1009.4","7.7","95.66","-999.000","-999.000","646.3","450.9","-999.0","-999.0","-999.0","-999.0","-999.0","-999.0"
"TWANOH_123W_47N","47.375","-123.008","12/06/2014","06:17","701.0","2","1.63","447.6","2","1.60","1008.8","7.6","95.73","-999.000","-999.000","702.1","448.3","-999.0","-999.0","-999.0","-999.0","-999.0","-999.0"
"TWANOH_123W_47N","47.375","-123.008","12/06/2014","09:17","699.4","2","1.69","431.4","2","1.65","1009.5","7.8","95.63","-999.000","-999.000","700.5","432.1","-999.0","-999.0","-999.0","-999.0","-999.0","-999.0"
"TWANOH_123W_47N","47.375","-123.008","12/06/2014","12:17","733.1","2","1.69","428.0","2","1.65","1011.1","8.2","95.44","-999.000","-999.000","734.4","428.7","-999.0","-999.0","-999.0","-999.0","-999.0","-999.0"
"TWANOH_123W_47N","47.375","-123.008","12/06/2014","15:17","696.7","2","1.73","420.2","2","1.68","1013.3","8.2","95.28","-999.000","-999.000","697.9","421.0","-999.0","-999.0","-999.0","-999.0","-999.0","-999.0"
"TWANOH_123W_47N","47.375","-123.008","12/06/2014","18:17","735.1","2","1.74","418.5","2","1.69","1016.6","8.3","95.15","-999.000","-999.000","736.4","419.2","-999.0","-999.0","-999.0","-999.0","-999.0","-999.0"
"TWANOH_123W_47N","47.375","-123.008","12/06/2014","21:17","714.2","2","1.77","415.4","2","1.73","1018.3","8.7","95.20","-999.000","-999.000","715.5","416.1","-999.0","-999.0","-999.0","-999.0","-999.0","-999.0"
"TWANOH_123W_47N","47.375","-123.008","12/07/2014","00:17","769.1","2","1.72","410.7","2","1.67","1020.5","9.4","94.92","-999.000","-999.000","770.4","411.4","-999.0","-999.0","-999.0","-999.0","-999.0","-999.0"
"TWANOH_123W_47N","47.375","-123.008","12/07/2014","03:17","757.8","2","1.71","413.0","2","1.65","1021.8","9.7","94.77","-999.000","-999.000","759.1","413.7","-999.0","-999.0","-999.0","-999.0","-999.0","-999.0"
"TWANOH_123W_47N","47.375","-123.008","12/07/2014","06:17","747.5","2","1.75","415.0","2","1.69","1023.0","9.8","94.78","-999.000","-999.000","748.8","415.7","-999.0","-999.0","-999.0","-999.0","-999.0","-999.0"
"TWANOH_123W_47N","47.375","-123.008","12/07/2014","09:17","765.4","2","1.81","428.3","2","1.75","1022.9","9.9","94.84","-999.000","-999.000","766.8","429.1","-999.0","-999.0","-999.0","-999.0","-999.0","-999.0"
"TWANOH_123W_47N","47.375","-123.008","12/07/2014","12:17","774.8","2","1.84","434.0","2","1.79","1021.5","9.4","94.58","-999.000","-999.000","776.2","434.8","-999.0","-999.0","-999.0","-999.0","-999.0","-999.0"
"TWANOH_123W_47N","47.375","-123.008","12/07/2014","15:17","761.5","2","1.80","431.7","2","1.76","1021.0","9.0","94.47","-999.000","-999.000","762.9","432.4","-999.0","-999.0","-999.0","-999.0","-999.0","-999.0"
"TWANOH_123W_47N","47.375","-123.008","12/07/2014","18:17","715.5","2","1.77","437.1","2","1.75","1020.6","8.7","94.74","-999.000","-999.000","716.8","437.9","-999.0","-999.0","-999.0","-999.0","-999.0","-999.0"
"TWANOH_123W_47N","47.375","-123.008","12/07/2014","21:17","697.9","2","1.92","430.4","2","1.87","1018.6","8.6","95.01","-999.000","-999.000","699.3","431.2","-999.0","-999.0","-999.0","-999.0","-999.0","-999.0"
"TWANOH_123W_47N","47.375","-123.008","12/08/2014","00:17","666.7","2","1.77","429.2","2","1.78","1016.6","9.5","95.32","-999.000","-999.000","667.9","430.0","-999.0","-999.0","-999.0","-999.0","-999.0","-999.0"
"TWANOH_123W_47N","47.375","-123.008","12/08/2014","03:17","662.0","2","1.87","427.1","2","1.84","1015.7","8.5","95.59","-999.000","-999.000","663.2","427.9","-999.0","-999.0","-999.0","-999.0","-999.0","-999.0"
"TWANOH_123W_47N","47.375","-123.008","12/08/2014","06:17","675.4","2","1.81","427.3","2","1.78","1016.2","8.3","95.94","-999.000","-999.000","676.6","428.0","-999.0","-999.0","-999.0","-999.0","-999.0","-999.0"
"TWANOH_123W_47N","47.375","-123.008","12/08/2014","09:17","661.7","2","1.75","429.3","2","1.72","1016.7","8.5","96.12","-999.000","-999.000","662.8","430.0","-999.0","-999.0","-999.0","-999.0","-999.0","-999.0"
"TWANOH_123W_47N","47.375","-123.008","12/08/2014","12:17","807.1","2","1.78","446.3","2","1.74","1016.2","8.5","95.65","-999.000","-999.000","808.5","447.1","-999.0","-999.0","-999.0","-999.0","-999.0","-999.0"
"TWANOH_123W_47N","47.375","-123.008","12/08/2014","15:17","750.6","2","1.77","453.9","2","1.74","1015.7","8.6","95.54","-999.000","-999.000","751.9","454.7","-999.0","-999.0","-999.0","-999.0","-999.0","-999.0"
"TWANOH_123W_47N","47.375","-123.008","12/08/2014","18:17","658.5","2","1.85","454.1","2","1.81","1015.7","8.5","95.82","-999.000","-999.000","659.7","454.9","-999.0","-999.0","-999.0","-999.0","-999.0","-999.0"
"TWANOH_123W_47N","47.375","-123.008","12/08/2014","21:17","645.4","2","1.87","452.9","2","1.83","1013.8","8.8","96.12","-999.000","-999.000","646.6","453.7","-999.0","-999.0","-999.0","-999.0","-999.0","-999.0"
"TWANOH_123W_47N","47.375","-123.008","12/09/2014","00:17","603.9","2","1.82","443.8","2","1.78","1013.0","8.9","96.44","-999.000","-999.000","605.0","444.6","-999.0","-999.0","-999.0","-999.0","-999.0","-999.0"
"TWANOH_123W_47N","47.375","-123.008","12/09/2014","03:17","644.2","2","1.85","442.7","2","1.81","1011.5","8.9","96.59","-999.000","-999.000","645.4","443.5","-999.0","-999.0","-999.0","-999.0","-999.0","-999.0"
"TWANOH_123W_47N","47.375","-123.008","12/09/2014","06:17","638.6","2","1.88","434.8","2","1.84","1010.4","9.1","96.72","-999.000","-999.000","639.8","435.6","-999.0","-999.0","-999.0","-999.0","-999.0","-999.0"
"TWANOH_123W_47N","47.375","-123.008","12/09/2014","09:17","706.6","2","1.90","444.7","2","1.85","1009.9","9.2","96.60","-999.000","-999.000","707.9","445.5","-999.0","-999.0","-999.0","-999.0","-999.0","-999.0"
"TWANOH_123W_47N","47.375","-123.008","12/09/2014","12:17","769.4","2","1.95","433.9","2","1.90","1008.8","9.3","96.36","-999.000","-999.000","770.9","434.8","-999.0","-999.0","-999.0","-999.0","-999.0","-999.0"
"TWANOH_123W_47N","47.375","-123.008","12/09/2014","15:17","897.8","2","1.98","434.2","2","1.94","1008.0","9.6","95.11","-999.000","-999.000","899.6","435.0","-999.0","-999.0","-999.0","-999.0","-999.0","-999.0"
"TWANOH_123W_47N","47.375","-123.008","12/09/2014","18:17","859.1","2","2.03","416.7","2","1.97","1006.5","10.3","94.83","-999.000","-999.000","860.9","417.6","-999.0","-999.0","-999.0","-999.0","-999.0","-999.0"
"TWANOH_123W_47N","47.375","-123.008","12/09/2014","21:17","1147.4","2","1.89","407.5","2","1.81","1010.0","11.1","93.46","-999.000","-999.000","1149.6","408.3","-999.0","-999.0","-999.0","-999.0","-999.0","-999.0"
"TWANOH_123W_47N","47.375","-123.008","12/10/2014","00:17","940.8","2","2.01","409.1","2","1.93","1010.8","11.8","93.18","-999.000","-999.000","942.7","409.9","-999.0","-999.0","-999.0","-999.0","-999.0","-999.0"
"TWANOH_123W_47N","47.375","-123.008","12/10/2014","03:17","1064.6","2","1.94","419.1","2","1.86","1009.2","11.7","92.47","-999.000","-999.000","1066.7","419.8","-999.0","-999.0","-999.0","-999.0","-999.0","-999.0"
"TWANOH_123W_47N","47.375","-123.008","12/10/2014","06:17","782.3","2","2.23","424.1","2","2.17","1007.0","11.1","93.18","-999.000","-999.000","784.0","425.0","-999.0","-999.0","-999.0","-999.0","-999.0","-999.0"
"TWANOH_123W_47N","47.375","-123.008","12/10/2014","09:17","726.3","2","2.22","420.4","2","2.16","1003.2","11.2","93.86","-999.000","-999.000","727.9","421.4","-999.0","-999.0","-999.0","-999.0","-999.0","-999.0"
"TWANOH_123W_47N","47.375","-123.008","12/10/2014","12:17","792.0","2","2.33","415.2","2","2.25","1000.7","11.3","94.17","-999.000","-999.000","793.9","416.1","-999.0","-999.0","-999.0","-999.0","-999.0","-999.0"
"TWANOH_123W_47N","47.375","-123.008","12/10/2014","15:17","773.0","2","2.28","424.8","2","2.22","996.9","11.9","94.32","-999.000","-999.000","774.7","425.8","-999.0","-999.0","-999.0","-999.0","-999.0","-999.0"
"TWANOH_123W_47N","47.375","-123.008","12/10/2014","18:17","797.2","2","2.44","417.5","2","2.37","995.0","12.1","94.65","-999.000","-999.000","799.1","418.4","-999.0","-999.0","-999.0","-999.0","-999.0","-999.0"
"TWANOH_123W_47N","47.375","-123.008","12/10/2014","21:17","846.1","2","2.42","415.9","2","2.35","992.0","12.2","94.67","-999.000","-999.000","848.2","416.8","-999.0","-999.0","-999.0","-999.0","-999.0","-999.0"
"TWANOH_123W_47N","47.375","-123.008","12/11/2014","00:17","793.4","2","2.44","412.9","2","2.37","989.4","12.2","94.90","-999.000","-999.000","795.3","413.9","-999.0","-999.0","-999.0","-999.0","-999.0","-999.0"
"TWANOH_123W_47N","47.375","-123.008","12/11/2014","03:17","909.8","2","2.29","411.5","2","2.24","994.4","11.9","94.51","-999.000","-999.000","911.9","412.4","-999.0","-999.0","-999.0","-999.0","-999.0","-999.0"
"TWANOH_123W_47N","47.375","-123.008","12/11/2014","06:17","821.1","2","2.26","412.0","2","2.22","998.5","11.4","94.69","-999.000","-999.000","822.9","412.9","-999.0","-999.0","-999.0","-999.0","-999.0","-999.0"
"TWANOH_123W_47N","47.375","-123.008","12/11/2014","09:17","889.5","2","2.21","415.7","2","2.17","1000.7","11.1","94.63","-999.000","-999.000","891.5","416.6","-999.0","-999.0","-999.0","-999.0","-999.0","-999.0"
"TWANOH_123W_47N","47.375","-123.008","12/11/2014","12:17","927.1","2","2.10","420.6","2","2.07","995.0","10.6","94.42","-999.000","-999.000","929.0","421.5","-999.0","-999.0","-999.0","-999.0","-999.0","-999.0"
"TWANOH_123W_47N","47.375","-123.008","12/11/2014","15:17","833.3","2","2.24","413.5","2","2.18","989.3","10.1","94.65","-999.000","-999.000","835.2","414.4","-999.0","-999.0","-999.0","-999.0","-999.0","-999.0"
"TWANOH_123W_47N","47.375","-123.008","12/11/2014","18:17","759.6","2","2.13","413.1","2","2.08","988.2","10.1","94.98","-999.000","-999.000","761.2","414.0","-999.0","-999.0","-999.0","-999.0","-999.0","-999.0"
"TWANOH_123W_47N","47.375","-123.008","12/11/2014","21:17","746.6","2","2.17","413.6","2","2.13","986.6","10.1","95.28","-999.000","-999.000","748.2","414.5","-999.0","-999.0","-999.0","-999.0","-999.0","-999.0"
"TWANOH_123W_47N","47.375","-123.008","12/12/2014","00:17","745.2","2","2.21","419.1","2","2.15","985.5","10.3","95.59","-999.000","-999.000","746.8","420.0","-999.0","-999.0","-999.0","-999.0","-999.0","-999.0"
"TWANOH_123W_47N","47.375","-123.008","12/12/2014","03:17","838.9","2","2.28","410.6","2","2.23","988.7","10.6","95.54","-999.000","-999.000","840.8","411.5","-999.0","-999.0","-999.0","-999.0","-999.0","-999.0"
"TWANOH_123W_47N","47.375","-123.008","12/12/2014","06:17","938.5","2","2.22","409.8","2","2.14","995.2","10.8","94.96","-999.000","-999.000","940.6","410.7","-999.0","-999.0","-999.0","-999.0","-999.0","-999.0"
"TWANOH_123W_47N","47.375","-123.008","12/12/2014","09:17","987.7","2","2.14","411.0","2","2.08","1001.2","10.6","94.52","-999.000","-999.000","989.8","411.9","-999.0","-999.0","-999.0","-999.0","-999.0","-999.0"
"TWANOH_123W_47N","47.375","-123.008","12/12/2014","12:17","835.2","2","2.12","412.5","2","2.07","1003.5","10.4","95.02","-999.000","-999.000","837.0","413.4","-999.0","-999.0","-999.0","-999.0","-999.0","-999.0"
"TWANOH_123W_47N","47.375","-123.008","12/12/2014","15:17","828.8","2","2.06","416.3","2","2.02","1005.9","10.1","94.87","-999.000","-999.000","830.5","417.1","-999.0","-999.0","-999.0","-999.0","-999.0","-999.0"
"TWANOH_123W_47N","47.375","-123.008","12/12/2014","18:17","912.6","2","2.18","413.3","2","2.13","1008.3","10.0","94.28","-999.000","-999.000","914.6","414.2","-999.0","-999.0","-999.0","-999.0","-999.0","-999.0"
"TWANOH_123W_47N","47.375","-123.008","12/12/2014","21:17","852.9","2","2.21","406.8","2","2.15","1009.0","10.3","94.32","-999.000","-999.000","854.8","407.7","-999.0","-999.0","-999.0","-999.0","-999.0","-999.0"
"TWANOH_123W_47N","47.375","-123.008","12/13/2014","00:17","820.0","2","2.05","409.9","2","2.03","1011.2","11.5","94.55","-999.000","-999.000","821.7","410.7","-999.0","-999.0","-999.0","-999.0","-999.0","-999.0"
"TWANOH_123W_47N","47.375","-123.008","12/13/2014","03:17","817.5","2","2.06","415.5","2","2.02","1013.8","10.2","94.43","-999.000","-999.000","819.2","416.3","-999.0","-999.0","-999.0","-999.0","-999.0","-999.0"
"TWANOH_123W_47N","47.375","-123.008","12/13/2014","06:17","847.5","2","1.74","419.3","2","1.73","1016.2","9.4","94.39","-999.000","-999.000","849.0","420.0","-999.0","-999.0","-999.0","-999.0","-999.0","-999.0"
"TWANOH_123W_47N","47.375","-123.008","12/13/2014","09:17","803.5","2","1.61","423.6","2","1.62","1018.5","8.7","94.57","-999.000","-999.000","804.8","424.3","-999.0","-999.0","-999.0","-999.0","-999.0","-999.0"
"TWANOH_123W_47N","47.375","-123.008","12/13/2014","12:17","859.5","2","1.52","428.4","2","1.53","1020.1","7.9","94.52","-999.000","-999.000","860.8","429.0","-999.0","-999.0","-999.0","-999.0","-999.0","-999.0"
"TWANOH_123W_47N","47.375","-123.008","12/13/2014","15:17","819.8","2","1.48","428.4","2","1.50","1021.6","7.3","94.25","-999.000","-999.000","821.1","429.1","-999.0","-999.0","-999.0","-999.0","-999.0","-999.0"
"TWANOH_123W_47N","47.375","-123.008","12/13/2014","18:17","845.3","2","1.65","430.8","2","1.66","1023.6","7.0","94.39","-999.000","-999.000","846.7","431.6","-999.0","-999.0","-999.0","-999.0","-999.0","-999.0"
"TWANOH_123W_47N","47.375","-123.008","12/13/2014","21:17","869.1","2","1.70","423.9","2","1.70","1023.2","7.4","94.15","-999.000","-999.000","870.6","424.6","-999.0","-999.0","-999.0","-999.0","-999.0","-999.0"
"TWANOH_123W_47N","47.375","-123.008","12/14/2014","00:17","814.3","2","1.74","420.8","2","1.72","1023.4","8.1","94.67","-999.000","-999.000","815.7","421.5","-999.0","-999.0","-999.0","-999.0","-999.0","-999.0"
"TWANOH_123W_47N","47.375","-123.008","12/14/2014","03:17","818.0","2","1.62","421.7","2","1.61","1023.8","8.2","94.79","-999.000","-999.000","819.4","422.4","-999.0","-999.0","-999.0","-999.0","-999.0","-999.0"
"TWANOH_123W_47N","47.375","-123.008","12/14/2014","06:17","808.5","2","1.55","420.7","2","1.55","1023.6","7.6","94.83","-999.000","-999.000","809.7","421.3","-999.0","-999.0","-999.0","-999.0","-999.0","-999.0"
"TWANOH_123W_47N","47.375","-123.008","12/14/2014","09:17","864.1","2","1.51","425.3","2","1.51","1023.2","6.8","94.72","-999.000","-999.000","865.4","425.9","-999.0","-999.0","-999.0","-999.0","-999.0","-999.0"
"TWANOH_123W_47N","47.375","-123.008","12/14/2014","12:17","686.4","2","1.50","424.2","2","1.51","1022.8","6.4","95.01","-999.000","-999.000","687.4","424.8","-999.0","-999.0","-999.0","-999.0","-999.0","-999.0"
"TWANOH_123W_47N","47.375","-123.008","12/14/2014","15:17","641.3","2","1.51","421.5","2","1.51","1021.4","6.5","95.34","-999.000","-999.000","642.2","422.1","-999.0","-999.0","-999.0","-999.0","-999.0","-999.0"
"TWANOH_123W_47N","47.375","-123.008","12/14/2014","18:17","667.4","2","1.51","421.5","2","1.52","1020.9","6.3","95.44","-999.000","-999.000","668.4","422.1","-999.0","-999.0","-999.0","-999.0","-999.0","-999.0"
"TWANOH_123W_47N","47.375","-123.008","12/14/2014","21:17","621.7","2","1.70","416.8","2","1.67","1018.1","6.7","95.87","-999.000","-999.000","622.8","417.5","-999.0","-999.0","-999.0","-999.0","-999.0","-999.0"
"TWANOH_123W_47N","47.375","-123.008","12/15/2014","00:17","546.2","2","1.47","412.3","2","1.47","1015.9","8.4","96.51","-999.000","-999.000","547.0","412.9","-999.0","-999.0","-999.0","-999.0","-999.0","-999.0"
"TWANOH_123W_47N","47.375","-123.008","12/15/2014","03:17","607.7","2","1.65","414.4","2","1.65","1015.7","7.4","96.74","-999.000","-999.000","608.7","415.0","-999.0","-999.0","-999.0","-999.0","-999.0","-999.0"
"TWANOH_123W_47N","47.375","-123.008","12/15/2014","06:17","749.9","2","1.55","419.7","2","1.56","1016.2","6.4","96.64","-999.000","-999.000","751.1","420.3","-999.0","-999.0","-999.0","-999.0","-999.0","-999.0"
"TWANOH_123W_47N","47.375","-123.008","12/15/2014","09:17","708.7","2","1.52","419.8","2","1.54","1015.4","5.8","96.58","-999.000","-999.000","709.8","420.4","-999.0","-999.0","-999.0","-999.0","-999.0","-999.0"
"TWANOH_123W_47N","47.375","-123.008","12/15/2014","12:17","691.0","2","1.63","422.9","2","1.64","1014.9","5.1","96.53","-999.000","-999.000","692.1","423.6","-999.0","-999.0","-999.0","-999.0","-999.0","-999.0"
"TWANOH_123W_47N","47.375","-123.008","12/15/2014","15:17","723.6","2","1.57","417.8","2","1.58","1013.8","5.4","96.40","-999.000","-999.000","724.8","418.5","-999.0","-999.0","-999.0","-999.0","-999.0","-999.0"
"TWANOH_123W_47N","47.375","-123.008","12/15/2014","18:17","639.3","2","1.60","414.3","2","1.60","1013.3","6.2","96.45","-999.000","-999.000","640.3","415.0","-999.0","-999.0","-999.0","-999.0","-999.0","-999.0"
"TWANOH_123W_47N","47.375","-123.008","12/15/2014","21:17","637.6","2","1.61","409.0","2","1.59","1011.5","7.1","96.61","-999.000","-999.000","638.6","409.6","-999.0","-999.0","-999.0","-999.0","-999.0","-999.0"
"TWANOH_123W_47N","47.375","-123.008","12/16/2014","00:17","687.7","2","1.71","416.2","2","1.68","1011.1","7.8","96.69","-999.000","-999.000","688.9","416.9","-999.0","-999.0","-999.0","-999.0","-999.0","-999.0"
"TWANOH_123W_47N","47.375","-123.008","12/16/2014","03:17","637.4","2","1.65","421.0","2","1.61","1010.0","7.8","96.86","-999.000","-999.000","638.5","421.6","-999.0","-999.0","-999.0","-999.0","-999.0","-999.0"
"TWANOH_123W_47N","47.375","-123.008","12/16/2014","06:17","680.9","2","1.65","422.2","2","1.61","1010.2","7.7","96.86","-999.000","-999.000","682.1","422.9","-999.0","-999.0","-999.0","-999.0","-999.0","-999.0"
"TWANOH_123W_47N","47.375","-123.008","12/16/2014","09:17","645.5","2","1.64","428.3","2","1.61","1009.8","7.6","96.82","-999.000","-999.000","646.5","429.0","-999.0","-999.0","-999.0","-999.0","-999.0","-999.0"
"TWANOH_123W_47N","47.375","-123.008","12/16/2014","12:17","623.2","2","1.63","426.5","2","1.60","1009.8","7.5","96.99","-999.000","-999.000","624.2","427.2","-999.0","-999.0","-999.0","-999.0","-999.0","-999.0"
"TWANOH_123W_47N","47.375","-123.008","12/16/2014","15:17","624.6","2","1.61","435.4","2","1.60","1010.0","7.4","97.07","-999.000","-999.000","625.7","436.0","-999.0","-999.0","-999.0","-999.0","-999.0","-999.0"
"TWANOH_123W_47N","47.375","-123.008","12/16/2014","18:17","659.0","2","1.63","440.5","2","1.62","1010.7","7.3","96.89","-999.000","-999.000","660.1","441.2","-999.0","-999.0","-999.0","-999.0","-999.0","-999.0"
"TWANOH_123W_47N","47.375","-123.008","12/16/2014","21:17","587.0","2","1.72","410.9","2","1.69","1010.0","7.6","96.98","-999.000","-999.000","588.0","411.5","-999.0","-999.0","-999.0","-999.0","-999.0","-999.0"
"TWANOH_123W_47N","47.375","-123.008","12/17/2014","00:17","469.3","2","1.69","414.7","2","1.65","1010.6","7.8","97.50","-999.000","-999.000","470.1","415.4","-999.0","-999.0","-999.0","-999.0","-999.0","-999.0"
"TWANOH_123W_47N","47.375","-123.008","12/17/2014","03:17","492.0","2","1.68","419.4","2","1.65","1010.3","7.8","97.81","-999.000","-999.000","492.8","420.1","-999.0","-999.0","-999.0","-999.0","-999.0","-999.0"
"TWANOH_123W_47N","47.375","-123.008","12/17/2014","06:17","642.2","2","1.63","420.9","2","1.60","1010.0","7.5","97.63","-999.000","-999.000","643.2","421.5","-999.0","-999.0","-999.0","-999.0","-999.0","-999.0"
"TWANOH_123W_47N","47.375","-123.008","12/17/2014","09:17","615.6","2","1.60","427.3","2","1.58","1009.2","7.1","97.54","-999.000","-999.000","616.6","428.0","-999.0","-999.0","-999.0","-999.0","-999.0","-999.0"
"TWANOH_123W_47N","47.375","-123.008","12/17/2014","12:17","627.8","2","1.59","432.2","2","1.57","1009.2","7.0","97.48","-999.000","-999.000","628.8","432.9","-999.0","-999.0","-999.0","-999.0","-999.0","-999.0"
"TWANOH_123W_47N","47.375","-123.008","12/17/2014","15:17","593.6","2","1.60","443.1","2","1.58","1009.5","7.0","97.60","-999.000","-999.000","594.5","443.8","-999.0","-999.0","-999.0","-999.0","-999.0","-999.0"
"TWANOH_123W_47N","47.375","-123.008","12/17/2014","18:17","601.4","2","1.63","434.9","2","1.62","1010.3","7.0","97.58","-999.000","-999.000","602.4","435.6","-999.0","-999.0","-999.0","-999.0","-999.0","-999.0"
"TWANOH_123W_47N","47.375","-123.008","12/17/2014","21:17","637.0","2","1.70","435.1","2","1.68","1009.9","7.4","97.38","-999.000","-999.000","638.1","435.8","-999.0","-999.0","-999.0","-999.0","-999.0","-999.0"
"TWANOH_123W_47N","47.375","-123.008","12/18/2014","00:17","448.4","2","1.67","428.9","2","1.64","1011.0","7.7","97.94","-999.000","-999.000","449.2","429.6","-999.0","-999.0","-999.0","-999.0","-999.0","-999.0"
"TWANOH_123W_47N","47.375","-123.008","12/18/2014","03:17","512.8","2","1.67","432.9","2","1.65","1012.7","7.6","97.95","-999.000","-999.000","513.6","433.6","-999.0","-999.0","-999.0","-999.0","-999.0","-999.0"
"TWANOH_123W_47N","47.375","-123.008","12/18/2014","06:17","440.7","2","1.67","435.0","2","1.65","1012.9","7.6","98.30","-999.000","-999.000","441.5","435.7","-999.0","-999.0","-999.0","-999.0","-999.0","-999.0"
"TWANOH_123W_47N","47.375","-123.008","12/18/2014","09:17","585.2","2","1.70","439.6","2","1.66","1013.0","7.7","98.11","-999.000","-999.000","586.2","440.4","-999.0","-999.0","-999.0","-999.0","-999.0","-999.0"
"TWANOH_123W_47N","47.375","-123.008","12/18/2014","12:17","513.4","2","1.71","430.5","2","1.68","1013.4","7.9","98.15","-999.000","-999.000","514.3","431.2","-999.0","-999.0","-999.0","-999.0","-999.0","-999.0"
"TWANOH_123W_47N","47.375","-123.008","12/18/2014","15:17","641.5","2","1.71","435.3","2","1.68","1013.3","8.0","97.90","-999.000","-999.000","642.6","436.1","-999.0","-999.0","-999.0","-999.0","-999.0","-999.0"
"TWANOH_123W_47N","47.375","-123.008","12/18/2014","18:17","541.1","2","1.73","434.6","2","1.71","1012.7","7.9","97.87","-999.000","-999.000","542.1","435.4","-999.0","-999.0","-999.0","-999.0","-999.0","-999.0"
"TWANOH_123W_47N","47.375","-123.008","12/18/2014","21:17","620.3","2","1.75","425.7","2","1.72","1009.9","8.1","97.68","-999.000","-999.000","621.3","426.5","-999.0","-999.0","-999.0","-999.0","-999.0","-999.0"
"TWANOH_123W_47N","47.375","-123.008","12/19/2014","00:17","611.1","2","1.76","423.4","2","1.73","1007.9","8.3","97.46","-999.000","-999.000","612.2","424.1","-999.0","-999.0","-999.0","-999.0","-999.0","-999.0"
"TWANOH_123W_47N","47.375","-123.008","12/19/2014","03:17","307.8","2","1.80","430.6","2","1.76","1006.1","8.3","98.34","-999.000","-999.000","308.3","431.4","-999.0","-999.0","-999.0","-999.0","-999.0","-999.0"
"TWANOH_123W_47N","47.375","-123.008","12/19/2014","06:17","355.1","2","1.84","410.8","2","1.79","1006.8","8.7","98.88","-999.000","-999.000","355.7","411.5","-999.0","-999.0","-999.0","-999.0","-999.0","-999.0"
"TWANOH_123W_47N","47.375","-123.008","12/19/2014","09:17","578.9","2","1.84","413.3","2","1.80","1008.0","8.8","98.59","-999.000","-999.000","579.9","414.0","-999.0","-999.0","-999.0","-999.0","-999.0","-999.0"
"TWANOH_123W_47N","47.375","-123.008","12/19/2014","12:17","723.3","2","1.81","411.7","2","1.77","1009.4","8.8","97.84","-999.000","-999.000","724.6","412.4","-999.0","-999.0","-999.0","-999.0","-999.0","-999.0"
"TWANOH_123W_47N","47.375","-123.008","12/19/2014","15:17","755.7","2","1.78","412.1","2","1.75","1010.8","8.6","97.24","-999.000","-999.000","757.1","412.8","-999.0","-999.0","-999.0","-999.0","-999.0","-999.0"
"TWANOH_123W_47N","47.375","-123.008","12/19/2014","18:17","642.4","2","1.84","412.8","2","1.80","1013.0","8.4","97.19","-999.000","-999.000","643.6","413.6","-999.0","-999.0","-999.0","-999.0","-999.0","-999.0"
"TWANOH_123W_47N","47.375","-123.008","12/19/2014","21:17","675.3","2","1.88","408.3","2","1.84","1012.9","8.9","97.04","-999.000","-999.000","676.6","409.0","-999.0","-999.0","-999.0","-999.0","-999.0","-999.0"
"TWANOH_123W_47N","47.375","-123.008","12/20/2014","00:17","699.7","2","1.90","410.0","2","1.85","1013.1","9.2","96.74","-999.000","-999.000","701.0","410.8","-999.0","-999.0","-999.0","-999.0","-999.0","-999.0"
"TWANOH_123W_47N","47.375","-123.008","12/20/2014","03:17","735.2","2","1.85","413.7","2","1.80","1013.4","9.1","96.65","-999.000","-999.000","736.5","414.4","-999.0","-999.0","-999.0","-999.0","-999.0","-999.0"
"TWANOH_123W_47N","47.375","-123.008","12/20/2014","06:17","744.9","2","1.84","418.8","2","1.81","1011.2","9.0","96.58","-999.000","-999.000","746.2","419.5","-999.0","-999.0","-999.0","-999.0","-999.0","-999.0"
"TWANOH_123W_47N","47.375","-123.008","12/20/2014","09:17","577.0","2","1.83","420.5","2","1.79","1008.8","8.7","96.80","-999.000","-999.000","578.1","421.3","-999.0","-999.0","-999.0","-999.0","-999.0","-999.0"
"TWANOH_123W_47N","47.375","-123.008","12/20/2014","12:17","587.8","2","1.80","418.6","2","1.77","1005.6","8.6","96.95","-999.000","-999.000","588.8","419.3","-999.0","-999.0","-999.0","-999.0","-999.0","-999.0"
"TWANOH_123W_47N","47.375","-123.008","12/20/2014","15:17","492.6","2","1.81","418.0","2","1.78","1003.3","8.5","97.41","-999.000","-999.000","493.5","418.8","-999.0","-999.0","-999.0","-999.0","-999.0","-999.0"
"TWANOH_123W_47N","47.375","-123.008","12/20/2014","18:17","540.4","2","1.83","415.0","2","1.80","1002.3","8.5","97.61","-999.000","-999.000","541.4","415.7","-999.0","-999.0","-999.0","-999.0","-999.0","-999.0"
"TWANOH_123W_47N","47.375","-123.008","12/20/2014","21:17","429.9","2","1.85","415.0","2","1.82","999.0","8.7","98.18","-999.000","-999.000","430.6","415.7","-999.0","-999.0","-999.0","-999.0","-999.0","-999.0"
"TWANOH_123W_47N","47.375","-123.008","12/21/2014","00:17","468.0","2","1.86","416.6","2","1.83","996.8","8.8","98.36","-999.000","-999.000","468.9","417.4","-999.0","-999.0","-999.0","-999.0","-999.0","-999.0"
"TWANOH_123W_47N","47.375","-123.008","12/21/2014","03:17","809.0","2","1.91","407.8","2","1.86","996.2","9.2","97.48","-999.000","-999.000","810.6","408.5","-999.0","-999.0","-999.0","-999.0","-999.0","-999.0"
"TWANOH_123W_47N","47.375","-123.008","12/21/2014","06:17","1036.0","2","1.92","409.1","2","1.85","997.7","10.4","95.65","-999.000","-999.000","1038.0","409.9","-999.0","-999.0","-999.0","-999.0","-999.0","-999.0"
"TWANOH_123W_47N","47.375","-123.008","12/21/2014","09:17","797.8","2","1.91","409.4","2","1.84","1002.1","10.6","94.86","-999.000","-999.000","799.3","410.1","-999.0","-999.0","-999.0","-999.0","-999.0","-999.0"
"TWANOH_123W_47N","47.375","-123.008","12/21/2014","12:17","1066.8","2","2.06","410.5","2","2.00","1006.5","10.6","93.36","-999.000","-999.000","1069.0","411.3","-999.0","-999.0","-999.0","-999.0","-999.0","-999.0"
"TWANOH_123W_47N","47.375","-123.008","12/21/2014","15:17","967.1","2","2.20","410.4","2","2.12","1009.3","10.6","92.94","-999.000","-999.000","969.2","411.3","-999.0","-999.0","-999.0","-999.0","-999.0","-999.0"
"TWANOH_123W_47N","47.375","-123.008","12/21/2014","18:17","999.8","2","2.25","409.2","2","2.17","1012.7","10.8","92.49","-999.000","-999.000","1002.1","410.1","-999.0","-999.0","-999.0","-999.0","-999.0","-999.0"
"TWANOH_123W_47N","47.375","-123.008","12/21/2014","21:17","989.8","2","2.28","406.0","2","2.21","1014.3","11.2","92.30","-999.000","-999.000","992.1","406.9","-999.0","-999.0","-999.0","-999.0","-999.0","-999.0"
"TWANOH_123W_47N","47.375","-123.008","12/22/2014","00:17","1014.0","2","2.23","408.5","2","2.13","1016.1","11.6","91.80","-999.000","-999.000","1016.3","409.4","-999.0","-999.0","-999.0","-999.0","-999.0","-999.0"
"TWANOH_123W_47N","47.375","-123.008","12/22/2014","03:17","1038.9","2","2.21","410.5","2","2.11","1017.4","11.3","91.59","-999.000","-999.000","1041.2","411.4","-999.0","-999.0","-999.0","-999.0","-999.0","-999.0"
"TWANOH_123W_47N","47.375","-123.008","12/22/2014","06:17","1008.1","2","2.16","414.2","2","2.08","1018.6","11.1","91.90","-999.000","-999.000","1010.2","415.1","-999.0","-999.0","-999.0","-999.0","-999.0","-999.0"
"TWANOH_123W_47N","47.375","-123.008","12/22/2014","09:17","969.3","2","2.14","413.0","2","2.06","1019.7","10.9","92.10","-999.000","-999.000","971.4","413.8","-999.0","-999.0","-999.0","-999.0","-999.0","-999.0"
"TWANOH_123W_47N","47.375","-123.008","12/22/2014","12:17","1005.6","2","1.84","420.8","2","1.79","1022.6","10.0","91.62","-999.000","-999.000","1007.5","421.5","-999.0","-999.0","-999.0","-999.0","-999.0","-999.0"
"TWANOH_123W_47N","47.375","-123.008","12/22/2014","15:17","604.1","2","1.73","424.1","2","1.70","1025.2","9.1","92.84","-999.000","-999.000","605.1","424.8","-999.0","-999.0","-999.0","-999.0","-999.0","-999.0"
"TWANOH_123W_47N","47.375","-123.008","12/22/2014","18:17","626.3","2","1.76","425.1","2","1.74","1028.4","8.7","93.83","-999.000","-999.000","627.4","425.8","-999.0","-999.0","-999.0","-999.0","-999.0","-999.0"
"TWANOH_123W_47N","47.375","-123.008","12/22/2014","21:17","647.8","2","1.88","422.5","2","1.85","1028.0","8.9","94.40","-999.000","-999.000","649.0","423.3","-999.0","-999.0","-999.0","-999.0","-999.0","-999.0"
"TWANOH_123W_47N","47.375","-123.008","12/23/2014","00:17","530.4","2","1.84","417.9","2","1.80","1027.7","9.1","95.27","-999.000","-999.000","531.4","418.6","-999.0","-999.0","-999.0","-999.0","-999.0","-999.0"
"TWANOH_123W_47N","47.375","-123.008","12/23/2014","03:17","608.1","2","1.78","423.0","2","1.75","1027.6","8.9","95.84","-999.000","-999.000","609.2","423.8","-999.0","-999.0","-999.0","-999.0","-999.0","-999.0"
"TWANOH_123W_47N","47.375","-123.008","12/23/2014","06:17","692.4","2","1.78","426.4","2","1.75","1027.5","8.7","95.98","-999.000","-999.000","693.7","427.1","-999.0","-999.0","-999.0","-999.0","-999.0","-999.0"
"TWANOH_123W_47N","47.375","-123.008","12/23/2014","09:17","717.5","2","1.75","425.0","2","1.72","1026.4","8.5","96.07","-999.000","-999.000","718.7","425.7","-999.0","-999.0","-999.0","-999.0","-999.0","-999.0"
"TWANOH_123W_47N","47.375","-123.008","12/23/2014","12:17","788.6","2","1.75","434.7","2","1.73","1024.8","8.5","95.75","-999.000","-999.000","789.9","435.5","-999.0","-999.0","-999.0","-999.0","-999.0","-999.0"
"TWANOH_123W_47N","47.375","-123.008","12/23/2014","15:17","907.4","2","1.77","431.1","2","1.75","1023.3","8.5","94.81","-999.000","-999.000","909.0","431.9","-999.0","-999.0","-999.0","-999.0","-999.0","-999.0"
"TWANOH_123W_47N","47.375","-123.008","12/23/2014","18:17","831.1","2","1.81","428.9","2","1.78","1023.0","8.6","94.62","-999.000","-999.000","832.6","429.7","-999.0","-999.0","-999.0","-999.0","-999.0","-999.0"
"TWANOH_123W_47N","47.375","-123.008","12/23/2014","21:17","791.3","2","1.94","420.1","2","1.89","1019.2","9.0","94.67","-999.000","-999.000","792.8","420.9","-999.0","-999.0","-999.0","-999.0","-999.0","-999.0"
"TWANOH_123W_47N","47.375","-123.008","12/24/2014","00:17","850.3","2","2.02","409.3","2","1.97","1017.4","9.7","94.40","-999.000","-999.000","852.0","410.1","-999.0","-999.0","-999.0","-999.0","-999.0","-999.0"
"TWANOH_123W_47N","47.375","-123.008","12/24/2014","03:17","733.2","2","1.94","411.4","2","1.90","1018.9","9.9","94.66","-999.000","-999.000","734.7","412.2","-999.0","-999.0","-999.0","-999.0","-999.0","-999.0"
"TWANOH_123W_47N","47.375","-123.008","12/24/2014","06:17","705.6","2","1.88","410.1","2","1.84","1018.5","9.6","95.18","-999.000","-999.000","706.9","410.8","-999.0","-999.0","-999.0","-999.0","-999.0","-999.0"
"TWANOH_123W_47N","47.375","-123.008","12/24/2014","09:17","659.1","2","1.80","410.8","2","1.77","1016.7","9.0","95.57","-999.000","-999.000","660.3","411.6","-999.0","-999.0","-999.0","-999.0","-999.0","-999.0"
"TWANOH_123W_47N","47.375","-123.008","12/24/2014","12:17","607.7","2","1.71","411.3","2","1.69","1014.3","8.5","95.84","-999.000","-999.000","608.8","412.0","-999.0","-999.0","-999.0","-999.0","-999.0","-999.0"
"TWANOH_123W_47N","47.375","-123.008","12/24/2014","15:17","624.9","2","1.68","412.3","2","1.67","1012.5","8.0","96.12","-999.000","-999.000","626.0","413.0","-999.0","-999.0","-999.0","-999.0","-999.0","-999.0"
"TWANOH_123W_47N","47.375","-123.008","12/24/2014","18:17","488.5","2","1.75","413.5","2","1.73","1013.0","7.8","96.79","-999.000","-999.000","489.4","414.2","-999.0","-999.0","-999.0","-999.0","-999.0","-999.0"
"TWANOH_123W_47N","47.375","-123.008","12/24/2014","21:17","362.8","2","1.91","413.9","2","1.88","1012.7","8.1","97.76","-999.000","-999.000","363.5","414.7","-999.0","-999.0","-999.0","-999.0","-999.0","-999.0"
"TWANOH_123W_47N","47.375","-123.008","12/25/2014","00:17","337.8","2","1.79","412.8","2","1.76","1013.8","8.5","98.68","-999.000","-999.000","338.4","413.5","-999.0","-999.0","-999.0","-999.0","-999.0","-999.0"
"TWANOH_123W_47N","47.375","-123.008","12/25/2014","03:17","300.6","2","1.73","418.1","2","1.70","1015.1","8.4","99.51","-999.000","-999.000","301.2","418.8","-999.0","-999.0","-999.0","-999.0","-999.0","-999.0"
"TWANOH_123W_47N","47.375","-123.008","12/25/2014","06:17","485.1","2","1.65","418.2","2","1.64","1017.4","7.6","99.22","-999.000","-999.000","485.9","418.8","-999.0","-999.0","-999.0","-999.0","-999.0","-999.0"
"TWANOH_123W_47N","47.375","-123.008","12/25/2014","09:17","602.1","2","1.57","421.9","2","1.56","1018.6","7.2","98.92","-999.000","-999.000","603.1","422.5","-999.0","-999.0","-999.0","-999.0","-999.0","-999.0"
"TWANOH_123W_47N","47.375","-123.008","12/25/2014","12:17","749.0","2","1.52","429.7","2","1.52","1020.2","6.8","98.00","-999.000","-999.000","750.2","430.3","-999.0","-999.0","-999.0","-999.0","-999.0","-999.0"
"TWANOH_123W_47N","47.375","-123.008","12/25/2014","15:17","816.5","2","1.52","423.1","2","1.52","1021.3","6.6","96.75","-999.000","-999.000","817.7","423.8","-999.0","-999.0","-999.0","-999.0","-999.0","-999.0"
"TWANOH_123W_47N","47.375","-123.008","12/25/2014","18:17","723.3","2","1.59","419.8","2","1.59","1023.3","6.5","96.49","-999.000","-999.000","724.5","420.5","-999.0","-999.0","-999.0","-999.0","-999.0","-999.0"
"TWANOH_123W_47N","47.375","-123.008","12/25/2014","21:17","512.8","2","1.71","415.3","2","1.69","1023.0","6.9","96.88","-999.000","-999.000","513.7","416.0","-999.0","-999.0","-999.0","-999.0","-999.0","-999.0"
"TWANOH_123W_47N","47.375","-123.008","12/26/2014","00:17","551.7","2","1.62","412.9","2","1.60","1024.1","7.3","97.09","-999.000","-999.000","552.6","413.5","-999.0","-999.0","-999.0","-999.0","-999.0","-999.0"
"TWANOH_123W_47N","47.375","-123.008","12/26/2014","03:17","574.2","2","1.51","416.9","2","1.49","1024.5","7.1","97.05","-999.000","-999.000","575.1","417.5","-999.0","-999.0","-999.0","-999.0","-999.0","-999.0"
"TWANOH_123W_47N","47.375","-123.008","12/26/2014","06:17","548.5","2","1.55","419.6","2","1.54","1026.4","6.2","97.19","-999.000","-999.000","549.3","420.2","-999.0","-999.0","-999.0","-999.0","-999.0","-999.0"
"TWANOH_123W_47N","47.375","-123.008","12/26/2014","09:17","554.5","2","1.54","424.1","2","1.54","1026.4","6.2","97.39","-999.000","-999.000","555.3","424.8","-999.0","-999.0","-999.0","-999.0","-999.0","-999.0"
"TWANOH_123W_47N","47.375","-123.008","12/26/2014","12:17","689.8","2","1.53","415.5","2","1.53","1027.3","6.2","97.09","-999.000","-999.000","690.9","416.2","-999.0","-999.0","-999.0","-999.0","-999.0","-999.0"
"TWANOH_123W_47N","47.375","-123.008","12/26/2014","15:17","765.2","2","1.53","414.1","2","1.52","1027.7","6.3","96.26","-999.000","-999.000","766.3","414.7","-999.0","-999.0","-999.0","-999.0","-999.0","-999.0"
"TWANOH_123W_47N","47.375","-123.008","12/26/2014","18:17","647.9","2","1.53","413.8","2","1.53","1028.9","6.3","96.19","-999.000","-999.000","648.8","414.4","-999.0","-999.0","-999.0","-999.0","-999.0","-999.0"
"TWANOH_123W_47N","47.375","-123.008","12/26/2014","21:17","603.3","2","1.63","414.9","2","1.62","1027.7","6.7","96.38","-999.000","-999.000","604.3","415.6","-999.0","-999.0","-999.0","-999.0","-999.0","-999.0"
"TWANOH_123W_47N","47.375","-123.008","12/27/2014","00:17","391.5","2","1.55","416.5","2","1.53","1027.9","6.9","97.11","-999.000","-999.000","392.1","417.1","-999.0","-999.0","-999.0","-999.0","-999.0","-999.0"
"TWANOH_123W_47N","47.375","-123.008","12/27/2014","03:17","568.5","2","1.54","415.8","2","1.53","1027.7","6.9","97.05","-999.000","-999.000","569.4","416.4","-999.0","-999.0","-999.0","-999.0","-999.0","-999.0"
"TWANOH_123W_47N","47.375","-123.008","12/27/2014","06:17","435.9","2","1.54","416.1","2","1.52","1027.3","6.8","97.45","-999.000","-999.000","436.6","416.7","-999.0","-999.0","-999.0","-999.0","-999.0","-999.0"
"TWANOH_123W_47N","47.375","-123.008","12/27/2014","09:17","561.5","2","1.54","417.7","2","1.53","1026.0","6.7","97.49","-999.000","-999.000","562.4","418.3","-999.0","-999.0","-999.0","-999.0","-999.0","-999.0"
"TWANOH_123W_47N","47.375","-123.008","12/27/2014","12:17","615.6","2","1.55","417.2","2","1.54","1024.0","6.7","97.43","-999.000","-999.000","616.5","417.8","-999.0","-999.0","-999.0","-999.0","-999.0","-999.0"
"TWANOH_123W_47N","47.375","-123.008","12/27/2014","15:17","696.5","2","1.59","425.0","2","1.57","1020.8","6.7","96.95","-999.000","-999.000","697.6","425.7","-999.0","-999.0","-999.0","-999.0","-999.0","-999.0"
"TWANOH_123W_47N","47.375","-123.008","12/27/2014","18:17","619.3","2","1.65","411.1","2","1.63","1019.3","7.2","96.85","-999.000","-999.000","620.3","411.7","-999.0","-999.0","-999.0","-999.0","-999.0","-999.0"
"TWANOH_123W_47N","47.375","-123.008","12/27/2014","21:17","967.6","2","1.70","406.7","2","1.66","1016.7","8.0","95.78","-999.000","-999.000","969.3","407.4","-999.0","-999.0","-999.0","-999.0","-999.0","-999.0"
"TWANOH_123W_47N","47.375","-123.008","12/28/2014","00:17","843.7","2","1.72","409.1","2","1.67","1016.7","8.7","95.40","-999.000","-999.000","845.1","409.8","-999.0","-999.0","-999.0","-999.0","-999.0","-999.0"
"TWANOH_123W_47N","47.375","-123.008","12/28/2014","03:17","857.4","2","1.75","411.4","2","1.67","1016.6","8.2","95.03","-999.000","-999.000","858.9","412.1","-999.0","-999.0","-999.0","-999.0","-999.0","-999.0"
"TWANOH_123W_47N","47.375","-123.008","12/28/2014","06:17","900.3","2","1.74","412.9","2","1.67","1017.7","8.0","94.48","-999.000","-999.000","901.9","413.5","-999.0","-999.0","-999.0","-999.0","-999.0","-999.0"
"TWANOH_123W_47N","47.375","-123.008","12/28/2014","09:17","863.5","2","1.64","424.0","2","1.59","1018.5","7.6","94.58","-999.000","-999.000","864.9","424.7","-999.0","-999.0","-999.0","-999.0","-999.0","-999.0"
"TWANOH_123W_47N","47.375","-123.008","12/28/2014","12:17","819.9","2","1.61","418.2","2","1.57","1020.5","6.7","94.61","-999.000","-999.000","821.2","418.9","-999.0","-999.0","-999.0","-999.0","-999.0","-999.0"
"TWANOH_123W_47N","47.375","-123.008","12/28/2014","15:17","566.1","2","1.60","420.4","2","1.57","1022.2","6.2","95.03","-999.000","-999.000","567.0","421.0","-999.0","-999.0","-999.0","-999.0","-999.0","-999.0"
"TWANOH_123W_47N","47.375","-123.008","12/28/2014","18:17","411.7","2","1.62","420.0","2","1.60","1023.4","6.4","95.99","-999.000","-999.000","412.4","420.7","-999.0","-999.0","-999.0","-999.0","-999.0","-999.0"
"TWANOH_123W_47N","47.375","-123.008","12/28/2014","21:17","366.7","2","1.65","414.0","2","1.63","1022.2","6.9","96.97","-999.000","-999.000","367.3","414.6","-999.0","-999.0","-999.0","-999.0","-999.0","-999.0"
"TWANOH_123W_47N","47.375","-123.008","12/29/2014","00:17","353.9","2","1.68","412.7","2","1.64","1021.6","7.4","97.76","-999.000","-999.000","354.5","413.4","-999.0","-999.0","-999.0","-999.0","-999.0","-999.0"
"TWANOH_123W_47N","47.375","-123.008","12/29/2014","03:17","332.1","2","1.59","414.3","2","1.57","1020.9","7.2","98.36","-999.000","-999.000","332.7","415.0","-999.0","-999.0","-999.0","-999.0","-999.0","-999.0"
"TWANOH_123W_47N","47.375","-123.008","12/29/2014","06:17","341.9","2","1.54","414.1","2","1.52","1021.2","6.9","98.87","-999.000","-999.000","342.5","414.7","-999.0","-999.0","-999.0","-999.0","-999.0","-999.0"
"TWANOH_123W_47N","47.375","-123.008","12/29/2014","09:17","353.6","2","1.52","414.5","2","1.51","1022.0","6.4","99.11","-999.000","-999.000","354.1","415.2","-999.0","-999.0","-999.0","-999.0","-999.0","-999.0"
"TWANOH_123W_47N","47.375","-123.008","12/29/2014","12:17","348.6","2","1.59","414.2","2","1.56","1023.2","5.9","99.27","-999.000","-999.000","349.1","414.9","-999.0","-999.0","-999.0","-999.0","-999.0","-999.0"
"TWANOH_123W_47N","47.375","-123.008","12/29/2014","15:17","345.3","2","1.53","414.6","2","1.52","1025.9","5.5","99.36","-999.000","-999.000","345.8","415.2","-999.0","-999.0","-999.0","-999.0","-999.0","-999.0"
"TWANOH_123W_47N","47.375","-123.008","12/29/2014","18:17","360.3","2","1.55","412.6","2","1.53","1029.3","5.4","99.43","-999.000","-999.000","360.9","413.2","-999.0","-999.0","-999.0","-999.0","-999.0","-999.0"
"TWANOH_123W_47N","47.375","-123.008","12/29/2014","21:17","477.4","2","1.55","412.4","2","1.49","1030.7","6.3","99.18","-999.000","-999.000","478.2","413.0","-999.0","-999.0","-999.0","-999.0","-999.0","-999.0"
"TWANOH_123W_47N","47.375","-123.008","12/30/2014","00:17","479.0","2","1.48","412.2","2","1.36","1033.2","7.3","98.94","-999.000","-999.000","479.7","412.8","-999.0","-999.0","-999.0","-999.0","-999.0","-999.0"
"TWANOH_123W_47N","47.375","-123.008","12/30/2014","03:17","583.1","2","1.50","413.4","2","1.39","1036.2","6.1","98.48","-999.000","-999.000","584.0","414.0","-999.0","-999.0","-999.0","-999.0","-999.0","-999.0"
"TWANOH_123W_47N","47.375","-123.008","12/30/2014","06:17","630.2","2","1.50","414.1","2","1.41","1038.9","5.3","98.00","-999.000","-999.000","631.1","414.7","-999.0","-999.0","-999.0","-999.0","-999.0","-999.0"
"TWANOH_123W_47N","47.375","-123.008","12/30/2014","09:17","622.2","2","1.43","414.3","2","1.36","1041.1","4.8","97.55","-999.000","-999.000","623.1","414.9","-999.0","-999.0","-999.0","-999.0","-999.0","-999.0"
"TWANOH_123W_47N","47.375","-123.008","12/30/2014","12:17","617.4","2","1.41","414.8","2","1.36","1043.5","4.3","97.36","-999.000","-999.000","618.3","415.4","-999.0","-999.0","-999.0","-999.0","-999.0","-999.0"
"TWANOH_123W_47N","47.375","-123.008","12/30/2014","15:17","592.7","2","1.46","416.1","2","1.43","1044.2","3.7","97.21","-999.000","-999.000","593.5","416.7","-999.0","-999.0","-999.0","-999.0","-999.0","-999.0"
"TWANOH_123W_47N","47.375","-123.008","12/30/2014","18:17","594.5","2","1.57","416.1","2","1.53","1044.6","3.6","96.94","-999.000","-999.000","595.4","416.7","-999.0","-999.0","-999.0","-999.0","-999.0","-999.0"
"TWANOH_123W_47N","47.375","-123.008","12/30/2014","21:17","603.2","2","1.37","415.8","2","1.32","1043.4","4.3","96.81","-999.000","-999.000","604.1","416.3","-999.0","-999.0","-999.0","-999.0","-999.0","-999.0"
"TWANOH_123W_47N","47.375","-123.008","12/31/2014","00:17","612.1","2","1.18","414.9","2","1.12","1043.3","5.8","96.82","-999.000","-999.000","612.9","415.4","-999.0","-999.0","-999.0","-999.0","-999.0","-999.0"
"TWANOH_123W_47N","47.375","-123.008","12/31/2014","03:17","601.2","2","1.41","415.6","2","1.35","1042.6","4.4","96.81","-999.000","-999.000","602.0","416.2","-999.0","-999.0","-999.0","-999.0","-999.0","-999.0"
"TWANOH_123W_47N","47.375","-123.008","12/31/2014","06:17","605.5","2","1.71","417.1","2","1.69","1042.4","3.1","96.69","-999.000","-999.000","606.5","417.8","-999.0","-999.0","-999.0","-999.0","-999.0","-999.0"
"TWANOH_123W_47N","47.375","-123.008","12/31/2014","09:17","601.8","2","1.68","419.1","2","1.71","1040.7","2.8","96.53","-999.000","-999.000","602.8","419.8","-999.0","-999.0","-999.0","-999.0","-999.0","-999.0"
"TWANOH_123W_47N","47.375","-123.008","12/31/2014","12:17","599.4","2","1.54","421.6","2","1.54","1039.2","2.9","96.57","-999.000","-999.000","600.3","422.3","-999.0","-999.0","-999.0","-999.0","-999.0","-999.0"
"TWANOH_123W_47N","47.375","-123.008","12/31/2014","15:17","595.3","2","1.67","423.2","2","1.70","1038.3","2.8","96.49","-999.000","-999.000","596.3","423.9","-999.0","-999.0","-999.0","-999.0","-999.0","-999.0"
"TWANOH_123W_47N","47.375","-123.008","12/31/2014","18:17","572.7","2","2.11","428.3","2","2.26","1037.4","2.4","96.42","-999.000","-999.000","574.0","429.2","-999.0","-999.0","-999.0","-999.0","-999.0","-999.0"
"TWANOH_123W_47N","47.375","-123.008","12/31/2014","21:17","577.0","2","1.21","416.0","2","1.23","1034.7","3.3","96.46","-999.000","-999.000","577.7","416.5","-999.0","-999.0","-999.0","-999.0","-999.0","-999.0"
"TWANOH_123W_47N","47.375","-123.008","01/01/2015","00:17","572.7","2","1.18","415.0","2","1.13","1033.4","5.4","96.73","-999.000","-999.000","573.3","415.4","-999.0","-999.0","-999.0","-999.0","-999.0","-999.0"
"TWANOH_123W_47N","47.375","-123.008","01/01/2015","03:17","586.7","2","1.35","418.4","2","1.31","1033.0","4.4","96.77","-999.000","-999.000","587.5","418.9","-999.0","-999.0","-999.0","-999.0","-999.0","-999.0"
"TWANOH_123W_47N","47.375","-123.008","01/01/2015","06:17","585.8","2","1.48","420.8","2","1.49","1031.5","3.2","96.80","-999.000","-999.000","586.7","421.4","-999.0","-999.0","-999.0","-999.0","-999.0","-999.0"
"TWANOH_123W_47N","47.375","-123.008","01/01/2015","09:17","591.8","2","1.78","424.4","2","1.84","1030.3","2.6","96.68","-999.000","-999.000","592.9","425.2","-999.0","-999.0","-999.0","-999.0","-999.0","-999.0"
"TWANOH_123W_47N","47.375","-123.008","01/01/2015","12:17","570.7","2","2.00","428.2","2","2.11","1028.9","2.4","96.66","-999.000","-999.000","571.9","429.1","-999.0","-999.0","-999.0","-999.0","-999.0","-999.0"
"TWANOH_123W_47N","47.375","-123.008","01/01/2015","15:17","580.9","2","2.18","428.8","2","2.32","1027.7","2.2","96.69","-999.000","-999.000","582.2","429.8","-999.0","-999.0","-999.0","-999.0","-999.0","-999.0"
"TWANOH_123W_47N","47.375","-123.008","01/01/2015","18:17","610.3","2","2.31","427.1","2","2.36","1028.0","2.1","96.51","-999.000","-999.000","611.8","428.1","-999.0","-999.0","-999.0","-999.0","-999.0","-999.0"
"TWANOH_123W_47N","47.375","-123.008","01/01/2015","21:17","536.1","2","1.47","427.2","2","1.53","1025.6","2.6","96.70","-999.000","-999.000","536.9","427.8","-999.0","-999.0","-999.0","-999.0","-999.0","-999.0"
"TWANOH_123W_47N","47.375","-123.008","01/02/2015","00:17","587.5","2","1.15","421.3","2","1.18","1025.1","3.9","96.83","-999.000","-999.000","588.2","421.8","-999.0","-999.0","-999.0","-999.0","-999.0","-999.0"
"TWANOH_123W_47N","47.375","-123.008","01/02/2015","03:17","591.0","2","1.37","426.6","2","1.41","1024.9","3.6","96.89","-999.000","-999.000","591.8","427.2","-999.0","-999.0","-999.0","-999.0","-999.0","-999.0"
"TWANOH_123W_47N","47.375","-123.008","01/02/2015","06:17","565.6","2","1.68","427.6","2","1.70","1023.8","2.8","96.93","-999.000","-999.000","566.6","428.3","-999.0","-999.0","-999.0","-999.0","-999.0","-999.0"
"TWANOH_123W_47N","47.375","-123.008","01/02/2015","09:17","617.7","2","1.82","430.0","2","1.92","1023.3","2.3","96.65","-999.000","-999.000","618.8","430.8","-999.0","-999.0","-999.0","-999.0","-999.0","-999.0"
"TWANOH_123W_47N","47.375","-123.008","01/02/2015","12:17","607.2","2","1.67","431.5","2","1.73","1021.3","2.4","96.49","-999.000","-999.000","608.2","432.3","-999.0","-999.0","-999.0","-999.0","-999.0","-999.0"
"TWANOH_123W_47N","47.375","-123.008","01/02/2015","15:17","619.9","2","1.45","439.0","2","1.52","1022.1","2.6","96.43","-999.000","-999.000","620.8","439.7","-999.0","-999.0","-999.0","-999.0","-999.0","-999.0"
"TWANOH_123W_47N","47.375","-123.008","01/02/2015","18:17","583.1","2","1.42","436.8","2","1.49","1022.2","2.8","96.43","-999.000","-999.000","584.0","437.4","-999.0","-999.0","-999.0","-999.0","-999.0","-999.0"
"TWANOH_123W_47N","47.375","-123.008","01/02/2015","21:17","562.1","2","1.28","435.2","2","1.32","1020.0","3.2","96.52","-999.000","-999.000","562.8","435.8","-999.0","-999.0","-999.0","-999.0","-999.0","-999.0"
"TWANOH_123W_47N","47.375","-123.008","01/03/2015","00:17","599.9","2","1.18","423.7","2","1.20","1019.7","4.0","96.56","-999.000","-999.000","600.6","424.2","-999.0","-999.0","-999.0","-999.0","-999.0","-999.0"
"TWANOH_123W_47N","47.375","-123.008","01/03/2015","03:17","536.5","2","1.23","422.7","2","1.24","1021.2","4.2","96.89","-999.000","-999.000","537.2","423.2","-999.0","-999.0","-999.0","-999.0","-999.0","-999.0"
"TWANOH_123W_47N","47.375","-123.008","01/03/2015","06:17","561.5","2","1.23","423.1","2","1.24","1023.6","4.4","96.98","-999.000","-999.000","562.1","423.6","-999.0","-999.0","-999.0","-999.0","-999.0","-999.0"
"TWANOH_123W_47N","47.375","-123.008","01/03/2015","09:17","611.4","2","1.26","430.4","2","1.26","1024.5","4.5","96.87","-999.000","-999.000","612.1","431.0","-999.0","-999.0","-999.0","-999.0","-999.0","-999.0"
"TWANOH_123W_47N","47.375","-123.008","01/03/2015","12:17","626.1","2","1.27","429.9","2","1.27","1024.9","4.6","96.56","-999.000","-999.000","626.9","430.4","-999.0","-999.0","-999.0","-999.0","-999.0","-999.0"
"TWANOH_123W_47N","47.375","-123.008","01/03/2015","15:17","588.1","2","1.29","432.2","2","1.29","1025.3","4.6","96.55","-999.000","-999.000","588.9","432.8","-999.0","-999.0","-999.0","-999.0","-999.0","-999.0"
"TWANOH_123W_47N","47.375","-123.008","01/03/2015","18:17","585.0","2","1.32","434.5","2","1.33","1026.0","4.6","96.64","-999.000","-999.000","585.8","435.1","-999.0","-999.0","-999.0","-999.0","-999.0","-999.0"
"TWANOH_123W_47N","47.375","-123.008","01/03/2015","21:17","534.1","2","1.31","432.8","2","1.30","1024.2","5.0","96.73","-999.000","-999.000","534.8","433.3","-999.0","-999.0","-999.0","-999.0","-999.0","-999.0"
"TWANOH_123W_47N","47.375","-123.008","01/04/2015","00:17","522.3","2","1.33","425.8","2","1.32","1024.6","5.4","96.98","-999.000","-999.000","523.0","426.4","-999.0","-999.0","-999.0","-999.0","-999.0","-999.0"
"TWANOH_123W_47N","47.375","-123.008","01/04/2015","03:17","441.8","2","1.34","429.8","2","1.33","1024.4","5.2","97.48","-999.000","-999.000","442.4","430.4","-999.0","-999.0","-999.0","-999.0","-999.0","-999.0"
"TWANOH_123W_47N","47.375","-123.008","01/04/2015","06:17","523.8","2","1.35","432.8","2","1.35","1024.5","5.0","97.53","-999.000","-999.000","524.5","433.4","-999.0","-999.0","-999.0","-999.0","-999.0","-999.0"
"TWANOH_123W_47N","47.375","-123.008","01/04/2015","09:17","639.5","2","1.33","432.6","2","1.33","1024.4","4.9","97.20","-999.000","-999.000","640.4","433.2","-999.0","-999.0","-999.0","-999.0","-999.0","-999.0"
"TWANOH_123W_47N","47.375","-123.008","01/04/2015","12:17","675.2","2","1.32","435.3","2","1.32","1023.8","4.9","96.68","-999.000","-999.000","676.1","435.8","-999.0","-999.0","-999.0","-999.0","-999.0","-999.0"
"TWANOH_123W_47N","47.375","-123.008","01/04/2015","15:17","587.6","2","1.32","436.8","2","1.33","1022.9","4.9","96.66","-999.000","-999.000","588.4","437.4","-999.0","-999.0","-999.0","-999.0","-999.0","-999.0"
"TWANOH_123W_47N","47.375","-123.008","01/04/2015","18:17","551.2","2","1.35","435.8","2","1.35","1023.0","5.0","96.77","-999.000","-999.000","551.9","436.4","-999.0","-999.0","-999.0","-999.0","-999.0","-999.0"
"TWANOH_123W_47N","47.375","-123.008","01/04/2015","21:17","521.4","2","1.37","421.2","2","1.36","1020.1","5.3","96.83","-999.000","-999.000","522.1","421.8","-999.0","-999.0","-999.0","-999.0","-999.0","-999.0"
"TWANOH_123W_47N","47.375","-123.008","01/05/2015","00:17","536.2","2","1.39","422.2","2","1.37","1017.9","5.9","96.95","-999.000","-999.000","536.9","422.7","-999.0","-999.0","-999.0","-999.0","-999.0","-999.0"
"TWANOH_123W_47N","47.375","-123.008","01/05/2015","03:17","720.2","2","1.43","426.5","2","1.41","1016.2","6.5","96.44","-999.000","-999.000","721.3","427.1","-999.0","-999.0","-999.0","-999.0","-999.0","-999.0"
"TWANOH_123W_47N","47.375","-123.008","01/05/2015","06:17","825.9","2","1.43","409.6","2","1.40","1014.6","7.2","95.78","-999.000","-999.000","827.0","410.2","-999.0","-999.0","-999.0","-999.0","-999.0","-999.0"
"TWANOH_123W_47N","47.375","-123.008","01/05/2015","09:17","1022.6","2","1.41","409.7","2","1.37","1015.5","8.5","94.54","-999.000","-999.000","1024.0","410.3","-999.0","-999.0","-999.0","-999.0","-999.0","-999.0"
"TWANOH_123W_47N","47.375","-123.008","01/05/2015","12:17","1206.0","2","1.50","409.4","2","1.44","1016.6","9.3","92.57","-999.000","-999.000","1207.8","410.0","-999.0","-999.0","-999.0","-999.0","-999.0","-999.0"
"TWANOH_123W_47N","47.375","-123.008","01/05/2015","15:17","1361.8","2","1.59","409.2","2","1.53","1019.3","9.9","90.69","-999.000","-999.000","1364.0","409.9","-999.0","-999.0","-999.0","-999.0","-999.0","-999.0"
"TWANOH_123W_47N","47.375","-123.008","01/05/2015","18:17","1271.1","2","1.69","410.5","2","1.61","1022.3","10.3","89.66","-999.000","-999.000","1273.2","411.2","-999.0","-999.0","-999.0","-999.0","-999.0","-999.0"
"TWANOH_123W_47N","47.375","-123.008","01/05/2015","21:17","1090.2","2","1.73","409.2","2","1.65","1023.5","10.6","89.56","-999.000","-999.000","1092.1","409.9","-999.0","-999.0","-999.0","-999.0","-999.0","-999.0"
"TWANOH_123W_47N","47.375","-123.008","01/06/2015","00:17","1028.2","2","1.81","409.0","2","1.73","1024.0","11.1","89.73","-999.000","-999.000","1030.0","409.7","-999.0","-999.0","-999.0","-999.0","-999.0","-999.0"
"TWANOH_123W_47N","47.375","-123.008","01/06/2015","03:17","1062.0","2","1.87","410.2","2","1.79","1024.4","11.1","89.84","-999.000","-999.000","1064.0","411.0","-999.0","-999.0","-999.0","-999.0","-999.0","-999.0"
"TWANOH_123W_47N","47.375","-123.008","01/06/2015","06:17","1070.7","2","1.92","411.2","2","1.83","1024.8","11.2","90.24","-999.000","-999.000","1072.7","412.0","-999.0","-999.0","-999.0","-999.0","-999.0","-999.0"
"TWANOH_123W_47N","47.375","-123.008","01/06/2015","09:17","938.8","2","1.95","412.3","2","1.88","1024.8","11.2","90.82","-999.000","-999.000","940.7","413.0","-999.0","-999.0","-999.0","-999.0","-999.0","-999.0"
"TWANOH_123W_47N","47.375","-123.008","01/06/2015","12:17","982.9","2","1.93","412.2","2","1.86","1024.4","11.1","90.97","-999.000","-999.000","984.8","412.9","-999.0","-999.0","-999.0","-999.0","-999.0","-999.0"
"TWANOH_123W_47N","47.375","-123.008","01/06/2015","15:17","874.8","2","1.89","424.0","2","1.83","1024.8","10.8","91.52","-999.000","-999.000","876.5","424.8","-999.0","-999.0","-999.0","-999.0","-999.0","-999.0"
"TWANOH_123W_47N","47.375","-123.008","01/06/2015","18:17","796.7","2","1.96","419.6","2","1.90","1025.6","10.6","92.27","-999.000","-999.000","798.3","420.4","-999.0","-999.0","-999.0","-999.0","-999.0","-999.0"
"TWANOH_123W_47N","47.375","-123.008","01/06/2015","21:17","688.7","2","2.15","416.8","2","2.08","1024.5","10.8","93.30","-999.000","-999.000","690.2","417.7","-999.0","-999.0","-999.0","-999.0","-999.0","-999.0"
"TWANOH_123W_47N","47.375","-123.008","01/07/2015","00:17","597.9","2","2.02","410.9","2","1.96","1024.6","11.4","94.58","-999.000","-999.000","599.1","411.7","-999.0","-999.0","-999.0","-999.0","-999.0","-999.0"
"TWANOH_123W_47N","47.375","-123.008","01/07/2015","03:17","615.5","2","2.08","411.8","2","2.04","1024.9","11.0","95.47","-999.000","-999.000","616.8","412.6","-999.0","-999.0","-999.0","-999.0","-999.0","-999.0"
"TWANOH_123W_47N","47.375","-123.008","01/07/2015","06:17","539.1","2","1.99","416.8","2","1.95","1025.5","10.4","96.32","-999.000","-999.000","540.2","417.6","-999.0","-999.0","-999.0","-999.0","-999.0","-999.0"
"TWANOH_123W_47N","47.375","-123.008","01/07/2015","09:17","637.6","2","1.91","415.4","2","1.88","1025.6","9.9","96.60","-999.000","-999.000","638.8","416.2","-999.0","-999.0","-999.0","-999.0","-999.0","-999.0"
"TWANOH_123W_47N","47.375","-123.008","01/07/2015","12:17","611.5","2","1.86","417.5","2","1.84","1025.6","9.5","96.92","-999.000","-999.000","612.6","418.3","-999.0","-999.0","-999.0","-999.0","-999.0","-999.0"
"TWANOH_123W_47N","47.375","-123.008","01/07/2015","15:17","658.8","2","1.84","420.7","2","1.82","1025.3","9.2","96.94","-999.000","-999.000","660.1","421.4","-999.0","-999.0","-999.0","-999.0","-999.0","-999.0"
"TWANOH_123W_47N","47.375","-123.008","01/07/2015","18:17","600.7","2","1.85","420.5","2","1.82","1026.1","9.1","97.24","-999.000","-999.000","601.8","421.3","-999.0","-999.0","-999.0","-999.0","-999.0","-999.0"
"TWANOH_123W_47N","47.375","-123.008","01/07/2015","21:17","600.6","2","1.87","415.6","2","1.84","1025.0","9.2","97.53","-999.000","-999.000","601.7","416.4","-999.0","-999.0","-999.0","-999.0","-999.0","-999.0"
"TWANOH_123W_47N","47.375","-123.008","01/08/2015","00:17","564.9","2","1.91","412.7","2","1.87","1024.3","9.4","97.79","-999.000","-999.000","566.0","413.5","-999.0","-999.0","-999.0","-999.0","-999.0","-999.0"
"TWANOH_123W_47N","47.375","-123.008","01/08/2015","03:17","669.6","2","1.86","414.9","2","1.83","1024.2","9.3","97.62","-999.000","-999.000","670.9","415.6","-999.0","-999.0","-999.0","-999.0","-999.0","-999.0"
"TWANOH_123W_47N","47.375","-123.008","01/08/2015","06:17","756.3","2","1.81","419.0","2","1.78","1024.3","9.1","97.37","-999.000","-999.000","757.7","419.7","-999.0","-999.0","-999.0","-999.0","-999.0","-999.0"
"TWANOH_123W_47N","47.375","-123.008","01/08/2015","09:17","737.7","2","1.77","418.6","2","1.74","1024.2","8.7","97.18","-999.000","-999.000","739.1","419.3","-999.0","-999.0","-999.0","-999.0","-999.0","-999.0"
"TWANOH_123W_47N","47.375","-123.008","01/08/2015","12:17","748.6","2","1.76","418.3","2","1.74","1022.4","8.5","97.08","-999.000","-999.000","749.9","419.0","-999.0","-999.0","-999.0","-999.0","-999.0","-999.0"
"TWANOH_123W_47N","47.375","-123.008","01/08/2015","15:17","729.3","2","1.75","416.8","2","1.72","1021.8","8.4","96.80","-999.000","-999.000","730.5","417.5","-999.0","-999.0","-999.0","-999.0","-999.0","-999.0"
"TWANOH_123W_47N","47.375","-123.008","01/08/2015","18:17","783.7","2","1.76","417.8","2","1.73","1022.1","8.3","96.52","-999.000","-999.000","785.1","418.5","-999.0","-999.0","-999.0","-999.0","-999.0","-999.0"
"TWANOH_123W_47N","47.375","-123.008","01/08/2015","21:17","607.8","2","1.82","415.4","2","1.79","1020.6","8.6","96.84","-999.000","-999.000","608.9","416.1","-999.0","-999.0","-999.0","-999.0","-999.0","-999.0"
"TWANOH_123W_47N","47.375","-123.008","01/09/2015","00:17","676.8","2","1.74","416.6","2","1.73","1019.4","9.5","96.79","-999.000","-999.000","678.0","417.4","-999.0","-999.0","-999.0","-999.0","-999.0","-999.0"
"TWANOH_123W_47N","47.375","-123.008","01/09/2015","03:17","650.0","2","1.83","419.3","2","1.81","1019.4","8.6","96.82","-999.000","-999.000","651.2","420.0","-999.0","-999.0","-999.0","-999.0","-999.0","-999.0"
"TWANOH_123W_47N","47.375","-123.008","01/09/2015","06:17","703.9","2","1.74","423.3","2","1.71","1020.4","7.9","96.71","-999.000","-999.000","705.1","424.1","-999.0","-999.0","-999.0","-999.0","-999.0","-999.0"
"TWANOH_123W_47N","47.375","-123.008","01/09/2015","09:17","725.8","2","1.70","425.9","2","1.68","1020.2","7.5","96.69","-999.000","-999.000","727.0","426.6","-999.0","-999.0","-999.0","-999.0","-999.0","-999.0"
"TWANOH_123W_47N","47.375","-123.008","01/09/2015","12:17","723.9","2","1.68","430.8","2","1.66","1019.3","7.4","96.56","-999.000","-999.000","725.1","431.5","-999.0","-999.0","-999.0","-999.0","-999.0","-999.0"
"TWANOH_123W_47N","47.375","-123.008","01/09/2015","15:17","731.0","2","1.61","437.6","2","1.60","1018.8","7.2","96.27","-999.000","-999.000","732.2","438.3","-999.0","-999.0","-999.0","-999.0","-999.0","-999.0"
"TWANOH_123W_47N","47.375","-123.008","01/09/2015","18:17","757.9","2","1.64","440.2","2","1.64","1019.2","7.1","96.11","-999.000","-999.000","759.1","440.9","-999.0","-999.0","-999.0","-999.0","-999.0","-999.0"
"TWANOH_123W_47N","47.375","-123.008","01/09/2015","21:17","591.8","2","1.75","439.2","2","1.73","1017.5","7.5","96.55","-999.000","-999.000","592.9","440.0","-999.0","-999.0","-999.0","-999.0","-999.0","-999.0"
"TWANOH_123W_47N","47.375","-123.008","01/10/2015","00:17","652.2","2","1.59","436.0","2","1.58","1016.9","8.3","96.61","-999.000","-999.000","653.2","436.7","-999.0","-999.0","-999.0","-999.0","-999.0","-999.0"
"TWANOH_123W_47N","47.375","-123.008","01/10/2015","03:17","686.8","2","1.76","429.3","2","1.74","1016.1","8.2","96.59","-999.000","-999.000","688.0","430.1","-999.0","-999.0","-999.0","-999.0","-999.0","-999.0"
"TWANOH_123W_47N","47.375","-123.008","01/10/2015","06:17","610.3","2","1.80","436.8","2","1.77","1016.3","7.8","96.85","-999.000","-999.000","611.4","437.6","-999.0","-999.0","-999.0","-999.0","-999.0","-999.0"
"TWANOH_123W_47N","47.375","-123.008","01/10/2015","09:17","666.9","2","1.77","440.7","2","1.75","1016.5","7.9","96.89","-999.000","-999.000","668.1","441.5","-999.0","-999.0","-999.0","-999.0","-999.0","-999.0"
"TWANOH_123W_47N","47.375","-123.008","01/10/2015","12:17","664.4","2","1.70","443.1","2","1.68","1016.1","7.8","96.91","-999.000","-999.000","665.5","443.9","-999.0","-999.0","-999.0","-999.0","-999.0","-999.0"
"TWANOH_123W_47N","47.375","-123.008","01/10/2015","15:17","657.7","2","1.67","442.8","2","1.65","1015.5","7.8","96.81","-999.000","-999.000","658.8","443.6","-999.0","-999.0","-999.0","-999.0","-999.0","-999.0"
"TWANOH_123W_47N","47.375","-123.008","01/10/2015","18:17","630.9","2","1.71","441.4","2","1.69","1016.6","7.9","96.83","-999.000","-999.000","632.0","442.1","-999.0","-999.0","-999.0","-999.0","-999.0","-999.0"
"TWANOH_123W_47N","47.375","-123.008","01/10/2015","21:17","591.3","2","1.75","427.2","2","1.73","1015.7","8.2","97.19","-999.000","-999.000","592.3","427.9","-999.0","-999.0","-999.0","-999.0","-999.0","-999.0"
"TWANOH_123W_47N","47.375","-123.008","01/11/2015","00:17","535.8","2","1.75","422.8","2","1.72","1016.2","8.5","97.60","-999.000","-999.000","536.7","423.5","-999.0","-999.0","-999.0","-999.0","-999.0","-999.0"
"TWANOH_123W_47N","47.375","-123.008","01/11/2015","03:17","551.6","2","1.77","425.6","2","1.74","1017.0","8.5","97.76","-999.000","-999.000","552.6","426.3","-999.0","-999.0","-999.0","-999.0","-999.0","-999.0"
"TWANOH_123W_47N","47.375","-123.008","01/11/2015","06:17","569.5","2","1.78","434.8","2","1.75","1017.9","8.5","97.93","-999.000","-999.000","570.5","435.6","-999.0","-999.0","-999.0","-999.0","-999.0","-999.0"
"TWANOH_123W_47N","47.375","-123.008","01/11/2015","09:17","609.4","2","1.79","441.7","2","1.75","1018.2","8.5","97.87","-999.000","-999.000","610.5","442.5","-999.0","-999.0","-999.0","-999.0","-999.0","-999.0"
"TWANOH_123W_47N","47.375","-123.008","01/11/2015","12:17","648.7","2","1.78","447.3","2","1.75","1018.6","8.5","97.79","-999.000","-999.000","649.9","448.0","-999.0","-999.0","-999.0","-999.0","-999.0","-999.0"
"TWANOH_123W_47N","47.375","-123.008","01/11/2015","15:17","727.6","2","1.78","449.3","2","1.75","1018.6","8.5","97.39","-999.000","-999.000","728.9","450.1","-999.0","-999.0","-999.0","-999.0","-999.0","-999.0"
"TWANOH_123W_47N","47.375","-123.008","01/11/2015","18:17","660.1","2","1.80","450.0","2","1.77","1020.5","8.5","97.22","-999.000","-999.000","661.3","450.8","-999.0","-999.0","-999.0","-999.0","-999.0","-999.0"
"TWANOH_123W_47N","47.375","-123.008","01/11/2015","21:17","639.0","2","1.88","447.7","2","1.83","1020.0","8.8","97.29","-999.000","-999.000","640.2","448.5","-999.0","-999.0","-999.0","-999.0","-999.0","-999.0"
"TWANOH_123W_47N","47.375","-123.008","01/12/2015","00:17","655.3","2","1.85","443.6","2","1.81","1020.8","9.1","97.28","-999.000","-999.000","656.5","444.4","-999.0","-999.0","-999.0","-999.0","-999.0","-999.0"
"TWANOH_123W_47N","47.375","-123.008","01/12/2015","03:17","670.5","2","1.84","435.1","2","1.80","1021.7","9.0","97.20","-999.000","-999.000","671.7","435.9","-999.0","-999.0","-999.0","-999.0","-999.0","-999.0"
"TWANOH_123W_47N","47.375","-123.008","01/12/2015","06:17","658.8","2","1.83","438.8","2","1.79","1023.2","8.9","97.08","-999.000","-999.000","660.0","439.6","-999.0","-999.0","-999.0","-999.0","-999.0","-999.0"
"TWANOH_123W_47N","47.375","-123.008","01/12/2015","09:17","684.7","2","1.82","446.0","2","1.79","1024.1","8.9","97.04","-999.000","-999.000","685.9","446.8","-999.0","-999.0","-999.0","-999.0","-999.0","-999.0"
"TWANOH_123W_47N","47.375","-123.008","01/12/2015","12:17","601.6","2","1.82","457.6","2","1.79","1024.6","8.8","97.22","-999.000","-999.000","602.7","458.4","-999.0","-999.0","-999.0","-999.0","-999.0","-999.0"
"TWANOH_123W_47N","47.375","-123.008","01/12/2015","15:17","662.4","2","1.79","437.2","2","1.76","1025.5","8.7","97.08","-999.000","-999.000","663.6","438.0","-999.0","-999.0","-999.0","-999.0","-999.0","-999.0"
"TWANOH_123W_47N","47.375","-123.008","01/12/2015","18:17","578.0","2","1.87","444.1","2","1.83","1027.5","8.5","97.32","-999.000","-999.000","579.0","444.9","-999.0","-999.0","-999.0","-999.0","-999.0","-999.0"
"TWANOH_123W_47N","47.375","-123.008","01/12/2015","21:17","651.0","2","1.90","436.9","2","1.86","1027.3","9.0","97.31","-999.000","-999.000","652.2","437.7","-999.0","-999.0","-999.0","-999.0","-999.0","-999.0"
"TWANOH_123W_47N","47.375","-123.008","01/13/2015","00:17","712.8","2","1.94","432.5","2","1.89","1028.1","9.4","97.09","-999.000","-999.000","714.2","433.3","-999.0","-999.0","-999.0","-999.0","-999.0","-999.0"
"TWANOH_123W_47N","47.375","-123.008","01/13/2015","03:17","656.5","2","1.90","441.2","2","1.86","1028.9","9.3","97.20","-999.000","-999.000","657.7","442.0","-999.0","-999.0","-999.0","-999.0","-999.0","-999.0"
"TWANOH_123W_47N","47.375","-123.008","01/13/2015","06:17","674.2","2","1.83","439.8","2","1.80","1030.1","9.0","97.06","-999.000","-999.000","675.4","440.6","-999.0","-999.0","-999.0","-999.0","-999.0","-999.0"
"TWANOH_123W_47N","47.375","-123.008","01/13/2015","09:17","664.0","2","1.81","445.3","2","1.78","1030.7","8.9","97.02","-999.000","-999.000","665.2","446.1","-999.0","-999.0","-999.0","-999.0","-999.0","-999.0"
"TWANOH_123W_47N","47.375","-123.008","01/13/2015","12:17","713.8","2","1.82","427.0","2","1.79","1031.4","8.8","96.91","-999.000","-999.000","715.1","427.8","-999.0","-999.0","-999.0","-999.0","-999.0","-999.0"
"TWANOH_123W_47N","47.375","-123.008","01/13/2015","15:17","747.5","2","1.71","429.2","2","1.69","1030.8","8.5","96.70","-999.000","-999.000","748.8","430.0","-999.0","-999.0","-999.0","-999.0","-999.0","-999.0"
"TWANOH_123W_47N","47.375","-123.008","01/13/2015","18:17","782.4","2","1.68","427.1","2","1.67","1031.5","8.0","96.79","-999.000","-999.000","783.8","427.8","-999.0","-999.0","-999.0","-999.0","-999.0","-999.0"
"TWANOH_123W_47N","47.375","-123.008","01/13/2015","21:17","771.7","2","1.72","419.5","2","1.70","1030.1","8.1","96.93","-999.000","-999.000","773.1","420.2","-999.0","-999.0","-999.0","-999.0","-999.0","-999.0"
"TWANOH_123W_47N","47.375","-123.008","01/14/2015","00:17","605.4","2","1.80","415.6","2","1.77","1029.2","8.4","97.38","-999.000","-999.000","606.5","416.4","-999.0","-999.0","-999.0","-999.0","-999.0","-999.0"
"TWANOH_123W_47N","47.375","-123.008","01/14/2015","03:17","651.4","2","1.65","419.9","2","1.62","1027.7","7.6","97.54","-999.000","-999.000","652.5","420.6","-999.0","-999.0","-999.0","-999.0","-999.0","-999.0"
"TWANOH_123W_47N","47.375","-123.008","01/14/2015","06:17","659.5","2","1.62","423.2","2","1.61","1027.2","7.0","97.37","-999.000","-999.000","660.6","423.8","-999.0","-999.0","-999.0","-999.0","-999.0","-999.0"
"TWANOH_123W_47N","47.375","-123.008","01/14/2015","09:17","547.9","2","1.66","418.8","2","1.64","1026.0","7.2","97.69","-999.000","-999.000","548.8","419.5","-999.0","-999.0","-999.0","-999.0","-999.0","-999.0"
"TWANOH_123W_47N","47.375","-123.008","01/14/2015","12:17","550.0","2","1.61","422.3","2","1.59","1024.1","7.2","97.93","-999.000","-999.000","550.9","423.0","-999.0","-999.0","-999.0","-999.0","-999.0","-999.0"
"TWANOH_123W_47N","47.375","-123.008","01/14/2015","15:17","550.9","2","1.55","429.5","2","1.54","1023.7","6.7","98.02","-999.000","-999.000","551.8","430.2","-999.0","-999.0","-999.0","-999.0","-999.0","-999.0"
"TWANOH_123W_47N","47.375","-123.008","01/14/2015","18:17","530.9","2","1.71","423.8","2","1.70","1024.4","6.1","98.08","-999.000","-999.000","531.8","424.5","-999.0","-999.0","-999.0","-999.0","-999.0","-999.0"
"TWANOH_123W_47N","47.375","-123.008","01/14/2015","21:17","537.4","2","1.54","417.2","2","1.51","1023.3","7.1","98.29","-999.000","-999.000","538.2","417.9","-999.0","-999.0","-999.0","-999.0","-999.0","-999.0"
"TWANOH_123W_47N","47.375","-123.008","01/15/2015","00:17","461.8","2","1.78","420.5","2","1.74","1023.3","8.8","98.58","-999.000","-999.000","462.6","421.2","-999.0","-999.0","-999.0","-999.0","-999.0","-999.0"
"TWANOH_123W_47N","47.375","-123.008","01/15/2015","03:17","455.5","2","1.47","430.7","2","1.48","1022.5","7.5","98.63","-999.000","-999.000","456.2","431.4","-999.0","-999.0","-999.0","-999.0","-999.0","-999.0"
"TWANOH_123W_47N","47.375","-123.008","01/15/2015","06:17","453.7","2","1.61","435.3","2","1.61","1023.2","6.7","98.73","-999.000","-999.000","454.4","436.0","-999.0","-999.0","-999.0","-999.0","-999.0","-999.0"
"TWANOH_123W_47N","47.375","-123.008","01/15/2015","09:17","458.5","2","1.50","441.0","2","1.51","1022.4","6.4","98.76","-999.000","-999.000","459.2","441.7","-999.0","-999.0","-999.0","-999.0","-999.0","-999.0"
"TWANOH_123W_47N","47.375","-123.008","01/15/2015","12:17","456.9","2","1.41","444.0","2","1.43","1021.4","5.8","98.92","-999.000","-999.000","457.5","444.6","-999.0","-999.0","-999.0","-999.0","-999.0","-999.0"
"TWANOH_123W_47N","47.375","-123.008","01/15/2015","15:17","444.7","2","1.50","452.3","2","1.50","1020.4","5.4","98.97","-999.000","-999.000","445.3","453.0","-999.0","-999.0","-999.0","-999.0","-999.0","-999.0"
"TWANOH_123W_47N","47.375","-123.008","01/15/2015","18:17","409.9","2","1.55","448.5","2","1.55","1019.8","5.5","99.14","-999.000","-999.000","410.5","449.2","-999.0","-999.0","-999.0","-999.0","-999.0","-999.0"
"TWANOH_123W_47N","47.375","-123.008","01/15/2015","21:17","359.1","2","1.57","435.8","2","1.57","1017.4","6.0","99.50","-999.000","-999.000","359.6","436.5","-999.0","-999.0","-999.0","-999.0","-999.0","-999.0"
"TWANOH_123W_47N","47.375","-123.008","01/16/2015","00:17","256.6","2","1.53","426.1","2","1.52","1014.7","6.4","100.04","-999.000","-999.000","257.0","426.8","-999.0","-999.0","-999.0","-999.0","-999.0","-999.0"
"TWANOH_123W_47N","47.375","-123.008","01/16/2015","03:17","230.2","2","1.53","428.7","2","1.52","1010.5","6.5","100.24","-999.000","-999.000","230.6","429.3","-999.0","-999.0","-999.0","-999.0","-999.0","-999.0"
"TWANOH_123W_47N","47.375","-123.008","01/16/2015","06:17","295.4","2","1.55","433.5","2","1.54","1009.0","6.7","100.33","-999.000","-999.000","295.9","434.2","-999.0","-999.0","-999.0","-999.0","-999.0","-999.0"
"TWANOH_123W_47N","47.375","-123.008","01/16/2015","09:17","344.3","2","1.62","412.9","2","1.60","1008.9","7.0","100.48","-999.000","-999.000","344.9","413.6","-999.0","-999.0","-999.0","-999.0","-999.0","-999.0"
"TWANOH_123W_47N","47.375","-123.008","01/16/2015","12:17","656.9","2","1.69","411.5","2","1.66","1012.3","7.8","99.47","-999.000","-999.000","658.0","412.1","-999.0","-999.0","-999.0","-999.0","-999.0","-999.0"
"TWANOH_123W_47N","47.375","-123.008","01/16/2015","15:17","714.4","2","1.65","413.7","2","1.60","1016.3","7.9","98.49","-999.000","-999.000","715.6","414.4","-999.0","-999.0","-999.0","-999.0","-999.0","-999.0"
"TWANOH_123W_47N","47.375","-123.008","01/16/2015","18:17","776.2","2","1.74","411.7","2","1.72","1020.4","7.5","97.68","-999.000","-999.000","777.5","412.4","-999.0","-999.0","-999.0","-999.0","-999.0","-999.0"
"TWANOH_123W_47N","47.375","-123.008","01/16/2015","21:17","654.2","2","1.61","407.4","2","1.56","1021.2","8.3","97.42","-999.000","-999.000","655.2","408.0","-999.0","-999.0","-999.0","-999.0","-999.0","-999.0"
"TWANOH_123W_47N","47.375","-123.008","01/17/2015","00:17","587.5","2","1.60","408.4","2","1.54","1021.6","9.7","97.43","-999.000","-999.000","588.4","409.0","-999.0","-999.0","-999.0","-999.0","-999.0","-999.0"
"TWANOH_123W_47N","47.375","-123.008","01/17/2015","03:17","568.0","2","1.50","414.4","2","1.43","1022.5","8.9","97.44","-999.000","-999.000","568.9","415.0","-999.0","-999.0","-999.0","-999.0","-999.0","-999.0"
"TWANOH_123W_47N","47.375","-123.008","01/17/2015","06:17","555.4","2","1.74","424.9","2","1.66","1022.5","7.9","97.56","-999.000","-999.000","556.3","425.6","-999.0","-999.0","-999.0","-999.0","-999.0","-999.0"
"TWANOH_123W_47N","47.375","-123.008","01/17/2015","09:17","525.0","2","1.64","425.5","2","1.58","1020.5","7.4","97.63","-999.000","-999.000","525.8","426.2","-999.0","-999.0","-999.0","-999.0","-999.0","-999.0"
"TWANOH_123W_47N","47.375","-123.008","01/17/2015","12:17","470.5","2","1.62","424.3","2","1.57","1018.3","7.1","97.90","-999.000","-999.000","471.3","424.9","-999.0","-999.0","-999.0","-999.0","-999.0","-999.0"
"TWANOH_123W_47N","47.375","-123.008","01/17/2015","15:17","524.7","2","1.59","425.8","2","1.56","1015.8","6.9","97.99","-999.000","-999.000","525.5","426.5","-999.0","-999.0","-999.0","-999.0","-999.0","-999.0"
"TWANOH_123W_47N","47.375","-123.008","01/17/2015","18:17","504.3","2","1.55","433.0","2","1.53","1014.9","7.0","98.01","-999.000","-999.000","505.1","433.7","-999.0","-999.0","-999.0","-999.0","-999.0","-999.0"
"TWANOH_123W_47N","47.375","-123.008","01/17/2015","21:17","422.3","2","1.60","425.8","2","1.58","1011.1","7.2","98.39","-999.000","-999.000","423.0","426.5","-999.0","-999.0","-999.0","-999.0","-999.0","-999.0"
"TWANOH_123W_47N","47.375","-123.008","01/18/2015","00:17","468.6","2","1.64","428.6","2","1.61","1009.5","7.6","98.43","-999.000","-999.000","469.3","429.3","-999.0","-999.0","-999.0","-999.0","-999.0","-999.0"
"TWANOH_123W_47N","47.375","-123.008","01/18/2015","03:17","454.4","2","1.69","426.0","2","1.65","1006.4","7.8","98.53","-999.000","-999.000","455.2","426.7","-999.0","-999.0","-999.0","-999.0","-999.0","-999.0"
"TWANOH_123W_47N","47.375","-123.008","01/18/2015","06:17","545.4","2","1.71","424.3","2","1.68","1002.7","7.9","98.43","-999.000","-999.000","546.4","425.0","-999.0","-999.0","-999.0","-999.0","-999.0","-999.0"
"TWANOH_123W_47N","47.375","-123.008","01/18/2015","09:17","804.0","2","1.75","408.7","2","1.71","1004.0","8.5","97.43","-999.000","-999.000","805.4","409.4","-999.0","-999.0","-999.0","-999.0","-999.0","-999.0"
"TWANOH_123W_47N","47.375","-123.008","01/18/2015","12:17","1311.4","2","1.69","409.8","2","1.64","1006.4","9.2","94.22","-999.000","-999.000","1313.6","410.5","-999.0","-999.0","-999.0","-999.0","-999.0","-999.0"
"TWANOH_123W_47N","47.375","-123.008","01/18/2015","15:17","1537.1","2","1.77","410.8","2","1.72","1011.2","9.5","91.06","-999.000","-999.000","1539.8","411.5","-999.0","-999.0","-999.0","-999.0","-999.0","-999.0"
"TWANOH_123W_47N","47.375","-123.008","01/18/2015","18:17","934.1","2","1.89","410.1","2","1.84","1015.5","9.6","91.22","-999.000","-999.000","935.9","410.9","-999.0","-999.0","-999.0","-999.0","-999.0","-999.0"
"TWANOH_123W_47N","47.375","-123.008","01/18/2015","21:17","995.4","2","1.90","409.9","2","1.85","1017.7","9.6","91.18","-999.000","-999.000","997.3","410.6","-999.0","-999.0","-999.0","-999.0","-999.0","-999.0"
"TWANOH_123W_47N","47.375","-123.008","01/19/2015","00:17","1112.6","2","1.92","409.3","2","1.87","1020.0","9.5","90.76","-999.000","-999.000","1114.8","410.0","-999.0","-999.0","-999.0","-999.0","-999.0","-999.0"
"TWANOH_123W_47N","47.375","-123.008","01/19/2015","03:17","1148.1","2","1.95","410.8","2","1.90","1022.0","9.4","90.60","-999.000","-999.000","1150.4","411.6","-999.0","-999.0","-999.0","-999.0","-999.0","-999.0"
"TWANOH_123W_47N","47.375","-123.008","01/19/2015","06:17","1004.9","2","1.94","412.5","2","1.90","1024.0","9.5","91.09","-999.000","-999.000","1006.8","413.3","-999.0","-999.0","-999.0","-999.0","-999.0","-999.0"
"TWANOH_123W_47N","47.375","-123.008","01/19/2015","09:17","1000.5","2","1.88","413.2","2","1.84","1024.5","9.3","91.41","-999.000","-999.000","1002.4","413.9","-999.0","-999.0","-999.0","-999.0","-999.0","-999.0"
"TWANOH_123W_47N","47.375","-123.008","01/19/2015","12:17","976.9","2","1.89","413.6","2","1.84","1025.3","9.1","91.28","-999.000","-999.000","978.8","414.3","-999.0","-999.0","-999.0","-999.0","-999.0","-999.0"
"TWANOH_123W_47N","47.375","-123.008","01/19/2015","15:17","909.7","2","1.85","415.1","2","1.80","1027.1","9.0","91.78","-999.000","-999.000","911.4","415.8","-999.0","-999.0","-999.0","-999.0","-999.0","-999.0"
"TWANOH_123W_47N","47.375","-123.008","01/19/2015","18:17","918.5","2","1.82","415.8","2","1.79","1029.9","8.8","92.17","-999.000","-999.000","920.1","416.6","-999.0","-999.0","-999.0","-999.0","-999.0","-999.0"
"TWANOH_123W_47N","47.375","-123.008","01/19/2015","21:17","819.2","2","1.91","413.3","2","1.86","1029.3","9.0","92.61","-999.000","-999.000","820.8","414.1","-999.0","-999.0","-999.0","-999.0","-999.0","-999.0"
"TWANOH_123W_47N","47.375","-123.008","01/20/2015","00:17","721.2","2","1.90","407.3","2","1.84","1029.3","10.5","93.50","-999.000","-999.000","722.6","408.0","-999.0","-999.0","-999.0","-999.0","-999.0","-999.0"
"TWANOH_123W_47N","47.375","-123.008","01/20/2015","03:17","660.8","2","1.91","413.8","2","1.88","1030.5","9.5","94.34","-999.000","-999.000","662.0","414.6","-999.0","-999.0","-999.0","-999.0","-999.0","-999.0"
"TWANOH_123W_47N","47.375","-123.008","01/20/2015","06:17","711.2","2","1.85","417.9","2","1.82","1031.4","8.6","94.86","-999.000","-999.000","712.5","418.7","-999.0","-999.0","-999.0","-999.0","-999.0","-999.0"
"TWANOH_123W_47N","47.375","-123.008","01/20/2015","09:17","837.5","2","1.75","428.8","2","1.73","1031.2","8.3","94.83","-999.000","-999.000","839.0","429.5","-999.0","-999.0","-999.0","-999.0","-999.0","-999.0"
"TWANOH_123W_47N","47.375","-123.008","01/20/2015","12:17","844.7","2","1.72","418.1","2","1.70","1030.4","8.1","94.37","-999.000","-999.000","846.2","418.8","-999.0","-999.0","-999.0","-999.0","-999.0","-999.0"
"TWANOH_123W_47N","47.375","-123.008","01/20/2015","15:17","799.0","2","1.69","430.5","2","1.69","1030.3","7.7","94.43","-999.000","-999.000","800.4","431.2","-999.0","-999.0","-999.0","-999.0","-999.0","-999.0"
"TWANOH_123W_47N","47.375","-123.008","01/20/2015","18:17","743.7","2","1.79","421.7","2","1.77","1031.0","7.5","94.84","-999.000","-999.000","745.0","422.5","-999.0","-999.0","-999.0","-999.0","-999.0","-999.0"
"TWANOH_123W_47N","47.375","-123.008","01/20/2015","21:17","545.6","2","1.82","418.5","2","1.77","1029.1","8.1","95.58","-999.000","-999.000","546.6","419.2","-999.0","-999.0","-999.0","-999.0","-999.0","-999.0"
"TWANOH_123W_47N","47.375","-123.008","01/21/2015","00:17","589.4","2","1.86","407.9","2","1.82","1028.1","9.0","96.39","-999.000","-999.000","590.5","408.6","-999.0","-999.0","-999.0","-999.0","-999.0","-999.0"
"TWANOH_123W_47N","47.375","-123.008","01/21/2015","03:17","498.2","2","1.64","413.6","2","1.64","1028.0","8.6","97.03","-999.000","-999.000","499.0","414.3","-999.0","-999.0","-999.0","-999.0","-999.0","-999.0"
"TWANOH_123W_47N","47.375","-123.008","01/21/2015","06:17","583.3","2","1.62","417.3","2","1.63","1028.1","7.4","97.19","-999.000","-999.000","584.3","418.0","-999.0","-999.0","-999.0","-999.0","-999.0","-999.0"
"TWANOH_123W_47N","47.375","-123.008","01/21/2015","09:17","670.7","2","1.52","422.2","2","1.53","1027.3","6.6","97.08","-999.000","-999.000","671.7","422.8","-999.0","-999.0","-999.0","-999.0","-999.0","-999.0"
"TWANOH_123W_47N","47.375","-123.008","01/21/2015","12:17","755.2","2","1.44","425.1","2","1.47","1026.9","6.2","96.58","-999.000","-999.000","756.2","425.7","-999.0","-999.0","-999.0","-999.0","-999.0","-999.0"
"TWANOH_123W_47N","47.375","-123.008","01/21/2015","15:17","791.7","2","1.40","426.8","2","1.43","1026.1","5.7","95.99","-999.000","-999.000","792.8","427.4","-999.0","-999.0","-999.0","-999.0","-999.0","-999.0"
"TWANOH_123W_47N","47.375","-123.008","01/21/2015","18:17","771.8","2","1.51","424.2","2","1.54","1026.7","5.5","95.90","-999.000","-999.000","772.9","424.9","-999.0","-999.0","-999.0","-999.0","-999.0","-999.0"
"TWANOH_123W_47N","47.375","-123.008","01/21/2015","21:17","776.1","2","1.61","420.8","2","1.61","1025.1","5.9","95.89","-999.000","-999.000","777.3","421.5","-999.0","-999.0","-999.0","-999.0","-999.0","-999.0"
"TWANOH_123W_47N","47.375","-123.008","01/22/2015","00:17","630.5","2","1.67","428.8","2","1.65","1024.0","7.1","96.17","-999.000","-999.000","631.5","429.5","-999.0","-999.0","-999.0","-999.0","-999.0","-999.0"
"TWANOH_123W_47N","47.375","-123.008","01/22/2015","03:17","795.8","2","1.70","418.8","2","1.68","1023.6","7.2","95.85","-999.000","-999.000","797.2","419.5","-999.0","-999.0","-999.0","-999.0","-999.0","-999.0"
"TWANOH_123W_47N","47.375","-123.008","01/22/2015","06:17","795.4","2","1.50","424.2","2","1.51","1024.6","7.0","95.79","-999.000","-999.000","796.6","424.8","-999.0","-999.0","-999.0","-999.0","-999.0","-999.0"
"TWANOH_123W_47N","47.375","-123.008","01/22/2015","09:17","776.2","2","1.52","429.8","2","1.52","1024.6","7.1","95.82","-999.000","-999.000","777.4","430.4","-999.0","-999.0","-999.0","-999.0","-999.0","-999.0"
"TWANOH_123W_47N","47.375","-123.008","01/22/2015","12:17","761.6","2","1.55","432.7","2","1.54","1024.8","7.2","95.56","-999.000","-999.000","762.8","433.4","-999.0","-999.0","-999.0","-999.0","-999.0","-999.0"
"TWANOH_123W_47N","47.375","-123.008","01/22/2015","15:17","728.4","2","1.56","436.8","2","1.55","1024.7","7.3","95.56","-999.000","-999.000","729.6","437.5","-999.0","-999.0","-999.0","-999.0","-999.0","-999.0"
"TWANOH_123W_47N","47.375","-123.008","01/22/2015","18:17","652.8","2","1.65","420.1","2","1.63","1026.1","7.4","95.83","-999.000","-999.000","653.8","420.8","-999.0","-999.0","-999.0","-999.0","-999.0","-999.0"
"TWANOH_123W_47N","47.375","-123.008","01/22/2015","21:17","659.2","2","1.71","412.6","2","1.67","1026.5","8.1","96.09","-999.000","-999.000","660.4","413.2","-999.0","-999.0","-999.0","-999.0","-999.0","-999.0"
"TWANOH_123W_47N","47.375","-123.008","01/23/2015","00:17","667.3","2","1.74","414.0","2","1.70","1026.8","8.8","96.17","-999.000","-999.000","668.5","414.8","-999.0","-999.0","-999.0","-999.0","-999.0","-999.0"
"TWANOH_123W_47N","47.375","-123.008","01/23/2015","03:17","678.8","2","1.69","417.6","2","1.65","1027.3","9.0","96.20","-999.000","-999.000","680.0","418.2","-999.0","-999.0","-999.0","-999.0","-999.0","-999.0"
"TWANOH_123W_47N","47.375","-123.008","01/23/2015","06:17","687.2","2","1.79","422.6","2","1.75","1028.3","9.0","96.37","-999.000","-999.000","688.4","423.4","-999.0","-999.0","-999.0","-999.0","-999.0","-999.0"
"TWANOH_123W_47N","47.375","-123.008","01/23/2015","09:17","686.5","2","1.80","427.0","2","1.75","1029.3","9.0","96.52","-999.000","-999.000","687.7","427.8","-999.0","-999.0","-999.0","-999.0","-999.0","-999.0"
"TWANOH_123W_47N","47.375","-123.008","01/23/2015","12:17","689.8","2","1.81","436.8","2","1.77","1028.4","9.0","96.41","-999.000","-999.000","691.0","437.5","-999.0","-999.0","-999.0","-999.0","-999.0","-999.0"
"TWANOH_123W_47N","47.375","-123.008","01/23/2015","15:17","675.7","2","1.81","429.4","2","1.78","1028.0","9.1","96.33","-999.000","-999.000","676.9","430.1","-999.0","-999.0","-999.0","-999.0","-999.0","-999.0"
"TWANOH_123W_47N","47.375","-123.008","01/23/2015","18:17","608.8","2","1.87","420.5","2","1.82","1027.7","9.2","96.56","-999.000","-999.000","609.9","421.3","-999.0","-999.0","-999.0","-999.0","-999.0","-999.0"
"TWANOH_123W_47N","47.375","-123.008","01/23/2015","21:17","577.5","2","1.92","417.5","2","1.87","1026.5","9.4","96.72","-999.000","-999.000","578.6","418.2","-999.0","-999.0","-999.0","-999.0","-999.0","-999.0"
"TWANOH_123W_47N","47.375","-123.008","01/24/2015","00:17","605.0","2","1.96","414.2","2","1.90","1025.7","9.8","96.72","-999.000","-999.000","606.2","415.0","-999.0","-999.0","-999.0","-999.0","-999.0","-999.0"
"TWANOH_123W_47N","47.375","-123.008","01/24/2015","03:17","569.5","2","2.02","417.1","2","1.96","1025.3","10.0","96.99","-999.000","-999.000","570.7","417.9","-999.0","-999.0","-999.0","-999.0","-999.0","-999.0"
"TWANOH_123W_47N","47.375","-123.008","01/24/2015","06:17","630.2","2","2.05","420.0","2","1.99","1024.6","10.3","96.97","-999.000","-999.000","631.5","420.8","-999.0","-999.0","-999.0","-999.0","-999.0","-999.0"
"TWANOH_123W_47N","47.375","-123.008","01/24/2015","09:17","736.7","2","2.10","419.2","2","2.04","1025.7","10.6","96.57","-999.000","-999.000","738.3","420.1","-999.0","-999.0","-999.0","-999.0","-999.0","-999.0"
"TWANOH_123W_47N","47.375","-123.008","01/24/2015","12:17","787.0","2","2.10","413.4","2","2.03","1024.9","10.9","95.96","-999.000","-999.000","788.6","414.3","-999.0","-999.0","-999.0","-999.0","-999.0","-999.0"
"TWANOH_123W_47N","47.375","-123.008","01/24/2015","15:17","927.1","2","2.04","413.2","2","1.96","1024.2","11.3","95.07","-999.000","-999.000","928.9","414.0","-999.0","-999.0","-999.0","-999.0","-999.0","-999.0"
"TWANOH_123W_47N","47.375","-123.008","01/24/2015","18:17","1147.9","2","2.06","413.5","2","1.98","1024.6","11.5","93.68","-999.000","-999.000","1150.3","414.4","-999.0","-999.0","-999.0","-999.0","-999.0","-999.0"
"TWANOH_123W_47N","47.375","-123.008","01/24/2015","21:17","1150.6","2","2.04","411.8","2","1.96","1024.0","11.9","92.86","-999.000","-999.000","1152.9","412.6","-999.0","-999.0","-999.0","-999.0","-999.0","-999.0"
"TWANOH_123W_47N","47.375","-123.008","01/25/2015","00:17","1001.3","2","2.05","409.4","2","1.96","1023.0","12.5","92.75","-999.000","-999.000","1003.3","410.2","-999.0","-999.0","-999.0","-999.0","-999.0","-999.0"
"TWANOH_123W_47N","47.375","-123.008","01/25/2015","03:17","955.9","2","2.10","409.6","2","2.01","1022.0","12.5","92.68","-999.000","-999.000","957.9","410.4","-999.0","-999.0","-999.0","-999.0","-999.0","-999.0"
"TWANOH_123W_47N","47.375","-123.008","01/25/2015","06:17","924.7","2","2.18","411.3","2","2.09","1022.1","12.6","92.78","-999.000","-999.000","926.7","412.2","-999.0","-999.0","-999.0","-999.0","-999.0","-999.0"
"TWANOH_123W_47N","47.375","-123.008","01/25/2015","09:17","968.7","2","2.27","412.9","2","2.17","1021.7","12.6","92.81","-999.000","-999.000","970.9","413.8","-999.0","-999.0","-999.0","-999.0","-999.0","-999.0"
"TWANOH_123W_47N","47.375","-123.008","01/25/2015","12:17","994.0","2","2.19","416.2","2","2.10","1021.9","12.3","92.91","-999.000","-999.000","996.2","417.1","-999.0","-999.0","-999.0","-999.0","-999.0","-999.0"
"TWANOH_123W_47N","47.375","-123.008","01/25/2015","15:17","963.3","2","2.27","425.3","2","2.21","1021.2","11.9","92.74","-999.000","-999.000","965.5","426.3","-999.0","-999.0","-999.0","-999.0","-999.0","-999.0"
"TWANOH_123W_47N","47.375","-123.008","01/25/2015","18:17","720.5","2","2.32","425.6","2","2.27","1020.9","11.6","93.63","-999.000","-999.000","722.2","426.5","-999.0","-999.0","-999.0","-999.0","-999.0","-999.0"
"TWANOH_123W_47N","47.375","-123.008","01/25/2015","21:17","653.5","2","2.42","415.5","2","2.34","1018.9","12.0","94.52","-999.000","-999.000","655.1","416.4","-999.0","-999.0","-999.0","-999.0","-999.0","-999.0"
"TWANOH_123W_47N","47.375","-123.008","01/26/2015","00:17","580.4","2","2.36","413.5","2","2.27","1017.5","12.5","95.55","-999.000","-999.000","581.8","414.4","-999.0","-999.0","-999.0","-999.0","-999.0","-999.0"
"TWANOH_123W_47N","47.375","-123.008","01/26/2015","03:17","571.6","2","2.12","416.2","2","2.05","1016.3","11.9","96.20","-999.000","-999.000","572.8","417.0","-999.0","-999.0","-999.0","-999.0","-999.0","-999.0"
"TWANOH_123W_47N","47.375","-123.008","01/26/2015","06:17","554.0","2","1.97","424.4","2","1.96","1015.0","10.9","96.84","-999.000","-999.000","555.1","425.2","-999.0","-999.0","-999.0","-999.0","-999.0","-999.0"
"TWANOH_123W_47N","47.375","-123.008","01/26/2015","09:17","569.5","2","2.00","426.8","2","1.98","1013.8","10.0","97.23","-999.000","-999.000","570.6","427.7","-999.0","-999.0","-999.0","-999.0","-999.0","-999.0"
"TWANOH_123W_47N","47.375","-123.008","01/26/2015","12:17","575.9","2","1.92","426.6","2","1.92","1013.5","9.9","97.59","-999.000","-999.000","577.0","427.4","-999.0","-999.0","-999.0","-999.0","-999.0","-999.0"
"TWANOH_123W_47N","47.375","-123.008","01/26/2015","15:17","568.7","2","1.83","430.7","2","1.83","1013.8","9.7","97.73","-999.000","-999.000","569.7","431.4","-999.0","-999.0","-999.0","-999.0","-999.0","-999.0"
"TWANOH_123W_47N","47.375","-123.008","01/26/2015","18:17","535.3","2","1.97","434.6","2","1.96","1014.1","9.3","98.15","-999.000","-999.000","536.4","435.5","-999.0","-999.0","-999.0","-999.0","-999.0","-999.0"
"TWANOH_123W_47N","47.375","-123.008","01/26/2015","21:17","541.8","2","2.12","433.8","2","2.08","1012.8","9.7","98.50","-999.000","-999.000","543.0","434.7","-999.0","-999.0","-999.0","-999.0","-999.0","-999.0"
"TWANOH_123W_47N","47.375","-123.008","01/27/2015","00:17","462.4","2","2.21","414.3","2","2.15","1012.3","11.8","99.06","-999.000","-999.000","463.5","415.2","-999.0","-999.0","-999.0","-999.0","-999.0","-999.0"
"TWANOH_123W_47N","47.375","-123.008","01/27/2015","03:17","557.3","2","2.05","409.3","2","1.97","1013.7","12.1","98.97","-999.000","-999.000","558.4","410.1","-999.0","-999.0","-999.0","-999.0","-999.0","-999.0"
"TWANOH_123W_47N","47.375","-123.008","01/27/2015","06:17","747.8","2","2.15","408.9","2","2.04","1013.8","11.9","98.12","-999.000","-999.000","749.4","409.7","-999.0","-999.0","-999.0","-999.0","-999.0","-999.0"
"TWANOH_123W_47N","47.375","-123.008","01/27/2015","09:17","832.6","2","2.21","410.9","2","2.12","1014.5","11.5","97.23","-999.000","-999.000","834.4","411.8","-999.0","-999.0","-999.0","-999.0","-999.0","-999.0"
"TWANOH_123W_47N","47.375","-123.008","01/27/2015","12:17","937.3","2","2.24","408.9","2","2.15","1014.3","11.3","96.09","-999.000","-999.000","939.4","409.8","-999.0","-999.0","-999.0","-999.0","-999.0","-999.0"
"TWANOH_123W_47N","47.375","-123.008","01/27/2015","15:17","708.1","2","2.14","413.4","2","2.07","1015.9","11.2","96.14","-999.000","-999.000","709.6","414.2","-999.0","-999.0","-999.0","-999.0","-999.0","-999.0"
"TWANOH_123W_47N","47.375","-123.008","01/27/2015","18:17","770.5","2","2.22","421.6","2","2.16","1017.5","10.9","95.80","-999.000","-999.000","772.2","422.5","-999.0","-999.0","-999.0","-999.0","-999.0","-999.0"
"TWANOH_123W_47N","47.375","-123.008","01/27/2015","21:17","680.8","2","2.35","413.5","2","2.29","1017.9","11.3","96.00","-999.000","-999.000","682.4","414.5","-999.0","-999.0","-999.0","-999.0","-999.0","-999.0"
"TWANOH_123W_47N","47.375","-123.008","01/28/2015","00:17","539.3","2","2.38","405.4","2","2.31","1019.0","12.0","96.72","-999.000","-999.000","540.6","406.4","-999.0","-999.0","-999.0","-999.0","-999.0","-999.0"
"TWANOH_123W_47N","47.375","-123.008","01/28/2015","03:17","526.2","2","2.16","408.7","2","2.03","1021.0","11.9","97.21","-999.000","-999.000","527.4","409.6","-999.0","-999.0","-999.0","-999.0","-999.0","-999.0"
"TWANOH_123W_47N","47.375","-123.008","01/28/2015","06:17","617.5","2","2.02","411.4","2","1.96","1023.4","11.2","97.32","-999.000","-999.000","618.8","412.2","-999.0","-999.0","-999.0","-999.0","-999.0","-999.0"
"TWANOH_123W_47N","47.375","-123.008","01/28/2015","09:17","635.0","2","1.93","412.1","2","1.89","1025.6","10.7","97.26","-999.000","-999.000","636.2","412.9","-999.0","-999.0","-999.0","-999.0","-999.0","-999.0"
"TWANOH_123W_47N","47.375","-123.008","01/28/2015","12:17","564.5","2","1.90","415.8","2","1.86","1026.9","10.2","97.50","-999.000","-999.000","565.6","416.5","-999.0","-999.0","-999.0","-999.0","-999.0","-999.0"
"TWANOH_123W_47N","47.375","-123.008","01/28/2015","15:17","536.7","2","1.91","415.1","2","1.87","1027.6","9.9","97.77","-999.000","-999.000","537.7","415.8","-999.0","-999.0","-999.0","-999.0","-999.0","-999.0"
"TWANOH_123W_47N","47.375","-123.008","01/28/2015","18:17","464.1","2","2.05","411.2","2","2.01","1028.6","9.9","98.28","-999.000","-999.000","465.1","412.0","-999.0","-999.0","-999.0","-999.0","-999.0","-999.0"
"TWANOH_123W_47N","47.375","-123.008","01/28/2015","21:17","390.9","2","2.15","409.6","2","2.08","1028.1","10.6","99.19","-999.000","-999.000","391.8","410.5","-999.0","-999.0","-999.0","-999.0","-999.0","-999.0"
"TWANOH_123W_47N","47.375","-123.008","01/29/2015","00:17","359.3","2","2.24","407.3","2","2.14","1027.7","11.5","99.83","-999.000","-999.000","360.1","408.2","-999.0","-999.0","-999.0","-999.0","-999.0","-999.0"
"TWANOH_123W_47N","47.375","-123.008","01/29/2015","03:17","337.2","2","1.91","412.1","2","1.84","1028.1","10.7","100.43","-999.000","-999.000","337.8","412.9","-999.0","-999.0","-999.0","-999.0","-999.0","-999.0"
"TWANOH_123W_47N","47.375","-123.008","01/29/2015","06:17","477.1","2","1.81","414.8","2","1.75","1028.0","9.4","100.17","-999.000","-999.000","478.0","415.5","-999.0","-999.0","-999.0","-999.0","-999.0","-999.0"
"TWANOH_123W_47N","47.375","-123.008","01/29/2015","09:17","629.0","2","1.77","418.3","2","1.73","1027.9","8.9","99.41","-999.000","-999.000","630.1","419.0","-999.0","-999.0","-999.0","-999.0","-999.0","-999.0"
"TWANOH_123W_47N","47.375","-123.008","01/29/2015","12:17","470.9","2","1.79","422.5","2","1.74","1027.7","8.6","99.36","-999.000","-999.000","471.8","423.3","-999.0","-999.0","-999.0","-999.0","-999.0","-999.0"
"TWANOH_123W_47N","47.375","-123.008","01/29/2015","15:17","516.4","2","1.73","425.8","2","1.70","1027.7","8.4","99.24","-999.000","-999.000","517.3","426.5","-999.0","-999.0","-999.0","-999.0","-999.0","-999.0"
"TWANOH_123W_47N","47.375","-123.008","01/29/2015","18:17","348.8","2","1.85","429.8","2","1.84","1027.7","8.2","99.86","-999.000","-999.000","349.5","430.6","-999.0","-999.0","-999.0","-999.0","-999.0","-999.0"
"TWANOH_123W_47N","47.375","-123.008","01/29/2015","21:17","308.5","2","1.91","420.4","2","1.88","1026.3","8.5","100.85","-999.000","-999.000","309.1","421.2","-999.0","-999.0","-999.0","-999.0","-999.0","-999.0"
"TWANOH_123W_47N","47.375","-123.008","01/30/2015","00:17","252.1","2","1.97","423.2","2","1.91","1025.6","10.4","102.00","-999.000","-999.000","252.6","424.0","-999.0","-999.0","-999.0","-999.0","-999.0","-999.0"
"TWANOH_123W_47N","47.375","-123.008","01/30/2015","03:17","249.2","2","1.65","424.0","2","1.62","1026.4","10.0","102.71","-999.000","-999.000","249.6","424.7","-999.0","-999.0","-999.0","-999.0","-999.0","-999.0"
"TWANOH_123W_47N","47.375","-123.008","01/30/2015","06:17","249.0","2","1.60","424.4","2","1.60","1026.3","8.5","103.02","-999.000","-999.000","249.4","425.1","-999.0","-999.0","-999.0","-999.0","-999.0","-999.0"
"TWANOH_123W_47N","47.375","-123.008","01/30/2015","09:17","361.5","2","1.56","430.4","2","1.57","1026.3","7.9","102.75","-999.000","-999.000","362.1","431.1","-999.0","-999.0","-999.0","-999.0","-999.0","-999.0"
"TWANOH_123W_47N","47.375","-123.008","01/30/2015","12:17","292.4","2","1.46","432.3","2","1.48","1026.7","7.3","103.02","-999.000","-999.000","292.8","433.0","-999.0","-999.0","-999.0","-999.0","-999.0","-999.0"
"TWANOH_123W_47N","47.375","-123.008","01/30/2015","15:17","307.0","2","1.37","431.1","2","1.40","1026.9","6.8","102.71","-999.000","-999.000","307.5","431.7","-999.0","-999.0","-999.0","-999.0","-999.0","-999.0"
"TWANOH_123W_47N","47.375","-123.008","01/30/2015","18:17","263.7","2","1.44","428.7","2","1.49","1027.2","6.6","103.20","-999.000","-999.000","264.1","429.4","-999.0","-999.0","-999.0","-999.0","-999.0","-999.0"
"TWANOH_123W_47N","47.375","-123.008","01/30/2015","21:17","185.2","2","1.54","420.6","2","1.56","1024.9","7.4","104.57","-999.000","-999.000","185.5","421.3","-999.0","-999.0","-999.0","-999.0","-999.0","-999.0"
"TWANOH_123W_47N","47.375","-123.008","01/31/2015","00:17","155.5","2","1.67","415.1","2","1.63","1025.1","8.4","105.70","-999.000","-999.000","155.8","415.8","-999.0","-999.0","-999.0","-999.0","-999.0","-999.0"
"TWANOH_123W_47N","47.375","-123.008","01/31/2015","03:17","172.1","2","1.69","417.3","2","1.68","1025.3","8.4","105.74","-999.000","-999.000","172.4","418.0","-999.0","-999.0","-999.0","-999.0","-999.0","-999.0"
"TWANOH_123W_47N","47.375","-123.008","01/31/2015","06:17","176.4","2","1.57","421.2","2","1.58","1024.5","7.7","105.61","-999.000","-999.000","176.7","421.8","-999.0","-999.0","-999.0","-999.0","-999.0","-999.0"
"TWANOH_123W_47N","47.375","-123.008","01/31/2015","09:17","180.2","2","1.38","427.0","2","1.40","1024.6","7.0","105.86","-999.000","-999.000","180.4","427.6","-999.0","-999.0","-999.0","-999.0","-999.0","-999.0"
"TWANOH_123W_47N","47.375","-123.008","01/31/2015","12:17","187.8","2","1.37","427.9","2","1.40","1024.8","6.3","106.32","-999.000","-999.000","188.1","428.5","-999.0","-999.0","-999.0","-999.0","-999.0","-999.0"
"TWANOH_123W_47N","47.375","-123.008","01/31/2015","15:17","206.4","2","1.43","431.0","2","1.44","1024.5","6.2","106.08","-999.000","-999.000","206.7","431.6","-999.0","-999.0","-999.0","-999.0","-999.0","-999.0"
"TWANOH_123W_47N","47.375","-123.008","01/31/2015","18:17","219.5","2","1.57","426.7","2","1.58","1024.8","6.5","105.93","-999.000","-999.000","219.8","427.3","-999.0","-999.0","-999.0","-999.0","-999.0","-999.0"
"TWANOH_123W_47N","47.375","-123.008","01/31/2015","21:17","171.4","2","1.66","422.1","2","1.64","1022.5","7.4","106.72","-999.000","-999.000","171.7","422.8","-999.0","-999.0","-999.0","-999.0","-999.0","-999.0"
"TWANOH_123W_47N","47.375","-123.008","02/01/2015","00:17","138.9","2","1.72","421.2","2","1.68","1021.7","8.1","107.95","-999.000","-999.000","139.1","421.9","-999.0","-999.0","-999.0","-999.0","-999.0","-999.0"
"TWANOH_123W_47N","47.375","-123.008","02/01/2015","03:17","166.8","2","1.70","416.3","2","1.65","1021.4","8.2","107.73","-999.000","-999.000","167.1","417.0","-999.0","-999.0","-999.0","-999.0","-999.0","-999.0"
"TWANOH_123W_47N","47.375","-123.008","02/01/2015","06:17","179.5","2","1.68","423.4","2","1.64","1019.8","8.1","107.47","-999.000","-999.000","179.8","424.1","-999.0","-999.0","-999.0","-999.0","-999.0","-999.0"
"TWANOH_123W_47N","47.375","-123.008","02/01/2015","09:17","169.0","2","1.64","426.1","2","1.62","1019.0","7.6","107.48","-999.000","-999.000","169.3","426.8","-999.0","-999.0","-999.0","-999.0","-999.0","-999.0"
"TWANOH_123W_47N","47.375","-123.008","02/01/2015","12:17","194.5","2","1.66","430.0","2","1.63","1017.8","7.5","108.16","-999.000","-999.000","194.8","430.7","-999.0","-999.0","-999.0","-999.0","-999.0","-999.0"
"TWANOH_123W_47N","47.375","-123.008","02/01/2015","15:17","175.3","2","1.66","436.1","2","1.63","1016.7","7.6","107.91","-999.000","-999.000","175.6","436.8","-999.0","-999.0","-999.0","-999.0","-999.0","-999.0"
"TWANOH_123W_47N","47.375","-123.008","02/01/2015","18:17","199.9","2","1.73","420.5","2","1.69","1017.1","7.6","107.58","-999.000","-999.000","200.2","421.2","-999.0","-999.0","-999.0","-999.0","-999.0","-999.0"
"TWANOH_123W_47N","47.375","-123.008","02/01/2015","21:17","180.0","2","1.76","420.1","2","1.72","1016.9","8.1","108.39","-999.000","-999.000","180.4","420.8","-999.0","-999.0","-999.0","-999.0","-999.0","-999.0"
"TWANOH_123W_47N","47.375","-123.008","02/02/2015","00:17","164.6","2","1.84","416.6","2","1.80","1016.7","8.6","108.75","-999.000","-999.000","164.9","417.3","-999.0","-999.0","-999.0","-999.0","-999.0","-999.0"
"TWANOH_123W_47N","47.375","-123.008","02/02/2015","03:17","266.8","2","1.88","410.1","2","1.83","1016.6","9.0","108.31","-999.000","-999.000","267.3","410.8","-999.0","-999.0","-999.0","-999.0","-999.0","-999.0"
"TWANOH_123W_47N","47.375","-123.008","02/02/2015","06:17","249.7","2","1.87","413.2","2","1.81","1018.3","9.1","107.79","-999.000","-999.000","250.1","413.9","-999.0","-999.0","-999.0","-999.0","-999.0","-999.0"
"TWANOH_123W_47N","47.375","-123.008","02/02/2015","09:17","329.4","2","1.84","421.5","2","1.80","1017.3","9.0","106.77","-999.000","-999.000","330.0","422.3","-999.0","-999.0","-999.0","-999.0","-999.0","-999.0"
"TWANOH_123W_47N","47.375","-123.008","02/02/2015","12:17","334.8","2","1.81","419.6","2","1.77","1016.2","8.9","106.12","-999.000","-999.000","335.4","420.3","-999.0","-999.0","-999.0","-999.0","-999.0","-999.0"
"TWANOH_123W_47N","47.375","-123.008","02/02/2015","15:17","297.6","2","1.80","424.9","2","1.77","1011.9","8.7","105.15","-999.000","-999.000","298.2","425.7","-999.0","-999.0","-999.0","-999.0","-999.0","-999.0"
"TWANOH_123W_47N","47.375","-123.008","02/02/2015","18:17","258.1","2","1.81","416.7","2","1.78","1011.1","8.7","104.94","-999.000","-999.000","258.6","417.4","-999.0","-999.0","-999.0","-999.0","-999.0","-999.0"
"TWANOH_123W_47N","47.375","-123.008","02/02/2015","21:17","176.9","2","1.97","413.4","2","1.93","1009.8","9.1","105.98","-999.000","-999.000","177.3","414.2","-999.0","-999.0","-999.0","-999.0","-999.0","-999.0"
"TWANOH_123W_47N","47.375","-123.008","02/03/2015","00:17","408.6","2","1.98","407.5","2","1.94","1013.7","9.6","104.77","-999.000","-999.000","409.4","408.3","-999.0","-999.0","-999.0","-999.0","-999.0","-999.0"
"TWANOH_123W_47N","47.375","-123.008","02/03/2015","03:17","588.8","2","1.96","410.2","2","1.88","1015.8","9.9","103.06","-999.000","-999.000","589.9","410.9","-999.0","-999.0","-999.0","-999.0","-999.0","-999.0"
"TWANOH_123W_47N","47.375","-123.008","02/03/2015","06:17","818.6","2","2.00","411.4","2","1.93","1017.4","9.8","101.07","-999.000","-999.000","820.2","412.2","-999.0","-999.0","-999.0","-999.0","-999.0","-999.0"
"TWANOH_123W_47N","47.375","-123.008","02/03/2015","09:17","864.5","2","1.96","413.9","2","1.90","1017.4","9.7","99.20","-999.000","-999.000","866.2","414.7","-999.0","-999.0","-999.0","-999.0","-999.0","-999.0"
"TWANOH_123W_47N","47.375","-123.008","02/03/2015","12:17","657.4","2","1.96","413.6","2","1.90","1015.8","9.7","98.29","-999.000","-999.000","658.7","414.4","-999.0","-999.0","-999.0","-999.0","-999.0","-999.0"
"TWANOH_123W_47N","47.375","-123.008","02/03/2015","15:17","627.9","2","1.95","416.3","2","1.90","1016.1","9.6","97.67","-999.000","-999.000","629.2","417.1","-999.0","-999.0","-999.0","-999.0","-999.0","-999.0"
"TWANOH_123W_47N","47.375","-123.008","02/03/2015","18:17","605.5","2","2.02","417.3","2","1.97","1017.7","9.6","97.38","-999.000","-999.000","606.7","418.2","-999.0","-999.0","-999.0","-999.0","-999.0","-999.0"
"TWANOH_123W_47N","47.375","-123.008","02/03/2015","21:17","416.9","2","2.05","414.7","2","2.00","1018.2","10.0","97.93","-999.000","-999.000","417.7","415.6","-999.0","-999.0","-999.0","-999.0","-999.0","-999.0"
"TWANOH_123W_47N","47.375","-123.008","02/04/2015","00:17","275.0","2","2.11","411.9","2","2.05","1018.3","10.6","99.38","-999.000","-999.000","275.6","412.7","-999.0","-999.0","-999.0","-999.0","-999.0","-999.0"
"TWANOH_123W_47N","47.375","-123.008","02/04/2015","03:17","280.6","2","1.97","427.2","2","1.91","1018.9","10.5","100.21","-999.000","-999.000","281.1","428.0","-999.0","-999.0","-999.0","-999.0","-999.0","-999.0"
"TWANOH_123W_47N","47.375","-123.008","02/04/2015","06:17","286.8","2","1.96","427.6","2","1.91","1019.3","10.2","100.46","-999.000","-999.000","287.4","428.4","-999.0","-999.0","-999.0","-999.0","-999.0","-999.0"
"TWANOH_123W_47N","47.375","-123.008","02/04/2015","09:17","279.1","2","1.95","427.5","2","1.91","1017.9","10.0","100.89","-999.000","-999.000","279.7","428.3","-999.0","-999.0","-999.0","-999.0","-999.0","-999.0"
"TWANOH_123W_47N","47.375","-123.008","02/04/2015","12:17","249.2","2","1.88","435.4","2","1.85","1016.9","9.7","101.66","-999.000","-999.000","249.7","436.2","-999.0","-999.0","-999.0","-999.0","-999.0","-999.0"
"TWANOH_123W_47N","47.375","-123.008","02/04/2015","15:17","208.5","2","1.84","440.6","2","1.82","1015.7","9.3","102.30","-999.000","-999.000","208.8","441.4","-999.0","-999.0","-999.0","-999.0","-999.0","-999.0"
"TWANOH_123W_47N","47.375","-123.008","02/04/2015","18:17","218.6","2","1.88","438.9","2","1.86","1015.4","9.1","102.66","-999.000","-999.000","219.0","439.7","-999.0","-999.0","-999.0","-999.0","-999.0","-999.0"
"TWANOH_123W_47N","47.375","-123.008","02/04/2015","21:17","202.6","2","2.04","422.3","2","2.00","1012.9","9.4","103.28","-999.000","-999.000","203.0","423.2","-999.0","-999.0","-999.0","-999.0","-999.0","-999.0"
"TWANOH_123W_47N","47.375","-123.008","02/05/2015","00:17","172.2","2","2.00","415.5","2","1.96","1011.0","10.0","104.75","-999.000","-999.000","172.6","416.3","-999.0","-999.0","-999.0","-999.0","-999.0","-999.0"
"TWANOH_123W_47N","47.375","-123.008","02/05/2015","03:17","163.8","2","1.98","416.9","2","1.94","1009.9","9.9","105.73","-999.000","-999.000","164.1","417.7","-999.0","-999.0","-999.0","-999.0","-999.0","-999.0"
"TWANOH_123W_47N","47.375","-123.008","02/05/2015","06:17","192.3","2","1.98","419.0","2","1.94","1008.6","9.8","105.75","-999.000","-999.000","192.7","419.8","-999.0","-999.0","-999.0","-999.0","-999.0","-999.0"
"TWANOH_123W_47N","47.375","-123.008","02/05/2015","09:17","207.9","2","1.98","425.2","2","1.94","1005.2","9.8","105.67","-999.000","-999.000","208.3","426.0","-999.0","-999.0","-999.0","-999.0","-999.0","-999.0"
"TWANOH_123W_47N","47.375","-123.008","02/05/2015","12:17","243.2","2","1.99","426.5","2","1.95","1001.9","9.7","105.73","-999.000","-999.000","243.7","427.3","-999.0","-999.0","-999.0","-999.0","-999.0","-999.0"
"TWANOH_123W_47N","47.375","-123.008","02/05/2015","15:17","181.3","2","1.99","427.8","2","1.96","999.6","9.7","105.59","-999.000","-999.000","181.7","428.6","-999.0","-999.0","-999.0","-999.0","-999.0","-999.0"
"TWANOH_123W_47N","47.375","-123.008","02/05/2015","18:17","215.9","2","2.13","418.5","2","2.07","1000.7","10.0","105.44","-999.000","-999.000","216.4","419.4","-999.0","-999.0","-999.0","-999.0","-999.0","-999.0"
"TWANOH_123W_47N","47.375","-123.008","02/05/2015","21:17","397.8","2","2.21","419.0","2","2.15","1000.1","10.7","104.29","-999.000","-999.000","398.7","419.9","-999.0","-999.0","-999.0","-999.0","-999.0","-999.0"
"TWANOH_123W_47N","47.375","-123.008","02/06/2015","00:17","518.7","2","2.24","416.5","2","2.17","998.2","11.3","102.86","-999.000","-999.000","519.8","417.4","-999.0","-999.0","-999.0","-999.0","-999.0","-999.0"
"TWANOH_123W_47N","47.375","-123.008","02/06/2015","03:17","582.6","2","2.29","414.6","2","2.22","996.0","11.7","101.50","-999.000","-999.000","584.0","415.5","-999.0","-999.0","-999.0","-999.0","-999.0","-999.0"
"TWANOH_123W_47N","47.375","-123.008","02/06/2015","06:17","601.7","2","2.38","412.1","2","2.31","994.5","12.0","100.44","-999.000","-999.000","603.2","413.1","-999.0","-999.0","-999.0","-999.0","-999.0","-999.0"
"TWANOH_123W_47N","47.375","-123.008","02/06/2015","09:17","644.2","2","2.39","413.8","2","2.31","994.1","12.3","99.49","-999.000","-999.000","645.8","414.7","-999.0","-999.0","-999.0","-999.0","-999.0","-999.0"
"TWANOH_123W_47N","47.375","-123.008","02/06/2015","12:17","754.8","2","2.46","414.2","2","2.39","992.5","12.4","98.10","-999.000","-999.000","756.7","415.2","-999.0","-999.0","-999.0","-999.0","-999.0","-999.0"
"TWANOH_123W_47N","47.375","-123.008","02/06/2015","15:17","828.9","2","2.44","412.8","2","2.38","991.4","12.3","96.50","-999.000","-999.000","830.9","413.8","-999.0","-999.0","-999.0","-999.0","-999.0","-999.0"
"TWANOH_123W_47N","47.375","-123.008","02/06/2015","18:17","820.8","2","2.47","415.4","2","2.40","992.7","12.2","95.77","-999.000","-999.000","822.8","416.4","-999.0","-999.0","-999.0","-999.0","-999.0","-999.0"
"TWANOH_123W_47N","47.375","-123.008","02/06/2015","21:17","768.5","2","2.46","411.9","2","2.40","994.2","12.2","95.44","-999.000","-999.000","770.4","412.9","-999.0","-999.0","-999.0","-999.0","-999.0","-999.0"
"TWANOH_123W_47N","47.375","-123.008","02/07/2015","00:17","776.8","2","2.56","408.7","2","2.48","995.7","12.3","95.05","-999.000","-999.000","778.8","409.8","-999.0","-999.0","-999.0","-999.0","-999.0","-999.0"
"TWANOH_123W_47N","47.375","-123.008","02/07/2015","03:17","676.6","2","2.48","412.8","2","2.40","996.6","12.4","95.09","-999.000","-999.000","678.3","413.8","-999.0","-999.0","-999.0","-999.0","-999.0","-999.0"
"TWANOH_123W_47N","47.375","-123.008","02/07/2015","06:17","710.9","2","2.46","413.4","2","2.39","996.9","12.3","95.24","-999.000","-999.000","712.6","414.4","-999.0","-999.0","-999.0","-999.0","-999.0","-999.0"
"TWANOH_123W_47N","47.375","-123.008","02/07/2015","09:17","715.4","2","2.39","421.0","2","2.34","994.6","12.1","95.36","-999.000","-999.000","717.1","422.0","-999.0","-999.0","-999.0","-999.0","-999.0","-999.0"
"TWANOH_123W_47N","47.375","-123.008","02/07/2015","12:17","711.4","2","2.37","427.8","2","2.32","993.3","11.8","95.24","-999.000","-999.000","713.1","428.8","-999.0","-999.0","-999.0","-999.0","-999.0","-999.0"
"TWANOH_123W_47N","47.375","-123.008","02/07/2015","15:17","623.2","2","2.35","423.8","2","2.31","993.1","11.6","95.40","-999.000","-999.000","624.7","424.8","-999.0","-999.0","-999.0","-999.0","-999.0","-999.0"
"TWANOH_123W_47N","47.375","-123.008","02/07/2015","18:17","562.2","2","2.47","411.1","2","2.40","995.5","11.7","95.90","-999.000","-999.000","563.6","412.1","-999.0","-999.0","-999.0","-999.0","-999.0","-999.0"
"TWANOH_123W_47N","47.375","-123.008","02/07/2015","21:17","606.8","2","2.52","407.3","2","2.44","1002.8","11.9","96.00","-999.000","-999.000","608.3","408.3","-999.0","-999.0","-999.0","-999.0","-999.0","-999.0"
"TWANOH_123W_47N","47.375","-123.008","02/08/2015","00:17","826.7","2","2.42","409.0","2","2.35","1005.1","12.1","95.27","-999.000","-999.000","828.7","410.0","-999.0","-999.0","-999.0","-999.0","-999.0","-999.0"
"TWANOH_123W_47N","47.375","-123.008","02/08/2015","03:17","1003.2","2","2.34","411.1","2","2.29","1006.8","11.9","94.10","-999.000","-999.000","1005.5","412.0","-999.0","-999.0","-999.0","-999.0","-999.0","-999.0"
"TWANOH_123W_47N","47.375","-123.008","02/08/2015","06:17","961.2","2","2.26","412.0","2","2.21","1009.1","11.7","93.64","-999.000","-999.000","963.3","412.9","-999.0","-999.0","-999.0","-999.0","-999.0","-999.0"
"TWANOH_123W_47N","47.375","-123.008","02/08/2015","09:17","891.4","2","2.25","414.3","2","2.20","1012.2","11.3","93.51","-999.000","-999.000","893.5","415.2","-999.0","-999.0","-999.0","-999.0","-999.0","-999.0"
"TWANOH_123W_47N","47.375","-123.008","02/08/2015","12:17","822.8","2","2.16","421.1","2","2.11","1012.9","11.1","93.49","-999.000","-999.000","824.6","422.0","-999.0","-999.0","-999.0","-999.0","-999.0","-999.0"
"TWANOH_123W_47N","47.375","-123.008","02/08/2015","15:17","792.0","2","2.10","425.3","2","2.07","1013.4","10.5","93.24","-999.000","-999.000","793.6","426.2","-999.0","-999.0","-999.0","-999.0","-999.0","-999.0"
"TWANOH_123W_47N","47.375","-123.008","02/08/2015","18:17","787.1","2","2.31","424.3","2","2.27","1013.1","10.5","93.31","-999.000","-999.000","788.9","425.3","-999.0","-999.0","-999.0","-999.0","-999.0","-999.0"
"TWANOH_123W_47N","47.375","-123.008","02/08/2015","21:17","732.9","2","2.38","415.3","2","2.33","1010.2","11.2","93.70","-999.000","-999.000","734.7","416.2","-999.0","-999.0","-999.0","-999.0","-999.0","-999.0"
"TWANOH_123W_47N","47.375","-123.008","02/09/2015","00:17","675.7","2","2.46","407.1","2","2.39","1004.8","11.9","94.39","-999.000","-999.000","677.4","408.1","-999.0","-999.0","-999.0","-999.0","-999.0","-999.0"
"TWANOH_123W_47N","47.375","-123.008","02/09/2015","03:17","535.8","2","2.29","417.1","2","2.15","1003.2","12.2","95.08","-999.000","-999.000","537.0","418.0","-999.0","-999.0","-999.0","-999.0","-999.0","-999.0"
"TWANOH_123W_47N","47.375","-123.008","02/09/2015","06:17","528.4","2","2.31","414.5","2","2.23","1004.4","11.8","95.57","-999.000","-999.000","529.6","415.4","-999.0","-999.0","-999.0","-999.0","-999.0","-999.0"
"TWANOH_123W_47N","47.375","-123.008","02/09/2015","09:17","557.6","2","2.29","421.2","2","2.22","1002.3","11.5","95.84","-999.000","-999.000","558.9","422.1","-999.0","-999.0","-999.0","-999.0","-999.0","-999.0"
"TWANOH_123W_47N","47.375","-123.008","02/09/2015","12:17","806.8","2","2.26","420.4","2","2.20","1000.7","11.3","95.69","-999.000","-999.000","808.7","421.3","-999.0","-999.0","-999.0","-999.0","-999.0","-999.0"
"TWANOH_123W_47N","47.375","-123.008","02/09/2015","15:17","751.2","2","2.22","423.6","2","2.18","1002.5","11.0","95.36","-999.000","-999.000","752.9","424.5","-999.0","-999.0","-999.0","-999.0","-999.0","-999.0"
"TWANOH_123W_47N","47.375","-123.008","02/09/2015","18:17","729.4","2","2.25","421.7","2","2.21","1005.1","11.0","95.27","-999.000","-999.000","731.1","422.7","-999.0","-999.0","-999.0","-999.0","-999.0","-999.0"
"TWANOH_123W_47N","47.375","-123.008","02/09/2015","21:17","791.9","2","2.42","415.7","2","2.35","1006.3","11.4","95.56","-999.000","-999.000","793.8","416.7","-999.0","-999.0","-999.0","-999.0","-999.0","-999.0"
"TWANOH_123W_47N","47.375","-123.008","02/10/2015","00:17","795.1","2","2.51","408.0","2","2.45","1009.1","12.1","95.52","-999.000","-999.000","797.1","409.0","-999.0","-999.0","-999.0","-999.0","-999.0","-999.0"
"TWANOH_123W_47N","47.375","-123.008","02/10/2015","03:17","790.5","2","2.19","414.0","2","2.12","1011.6","12.0","95.36","-999.000","-999.000","792.2","414.9","-999.0","-999.0","-999.0","-999.0","-999.0","-999.0"
"TWANOH_123W_47N","47.375","-123.008","02/10/2015","06:17","712.9","2","2.34","418.1","2","2.29","1013.9","11.9","95.58","-999.000","-999.000","714.6","419.1","-999.0","-999.0","-999.0","-999.0","-999.0","-999.0"
"TWANOH_123W_47N","47.375","-123.008","02/10/2015","09:17","755.2","2","2.37","413.1","2","2.30","1016.1","11.9","95.35","-999.000","-999.000","757.0","414.1","-999.0","-999.0","-999.0","-999.0","-999.0","-999.0"
"TWANOH_123W_47N","47.375","-123.008","02/10/2015","12:17","741.9","2","2.39","413.0","2","2.32","1019.0","11.8","95.13","-999.000","-999.000","743.7","414.0","-999.0","-999.0","-999.0","-999.0","-999.0","-999.0"
"TWANOH_123W_47N","47.375","-123.008","02/10/2015","15:17","753.9","2","2.28","412.0","2","2.21","1021.7","11.6","94.78","-999.000","-999.000","755.7","412.9","-999.0","-999.0","-999.0","-999.0","-999.0","-999.0"
"TWANOH_123W_47N","47.375","-123.008","02/10/2015","18:17","718.4","2","2.37","408.5","2","2.31","1023.9","11.2","94.79","-999.000","-999.000","720.1","409.4","-999.0","-999.0","-999.0","-999.0","-999.0","-999.0"
"TWANOH_123W_47N","47.375","-123.008","02/10/2015","21:17","755.2","2","2.38","406.5","2","2.27","1025.6","11.3","94.86","-999.000","-999.000","757.0","407.4","-999.0","-999.0","-999.0","-999.0","-999.0","-999.0"
"TWANOH_123W_47N","47.375","-123.008","02/11/2015","00:17","731.2","2","2.48","404.7","2","2.38","1024.8","11.9","94.90","-999.000","-999.000","733.0","405.7","-999.0","-999.0","-999.0","-999.0","-999.0","-999.0"
"TWANOH_123W_47N","47.375","-123.008","02/11/2015","03:17","717.9","2","2.12","414.4","2","2.02","1024.6","11.5","95.00","-999.000","-999.000","719.4","415.3","-999.0","-999.0","-999.0","-999.0","-999.0","-999.0"
"TWANOH_123W_47N","47.375","-123.008","02/11/2015","06:17","685.0","2","2.02","421.6","2","1.97","1023.7","10.7","95.16","-999.000","-999.000","686.4","422.4","-999.0","-999.0","-999.0","-999.0","-999.0","-999.0"
"TWANOH_123W_47N","47.375","-123.008","02/11/2015","09:17","576.6","2","1.97","424.5","2","1.93","1023.7","10.3","95.58","-999.000","-999.000","577.8","425.3","-999.0","-999.0","-999.0","-999.0","-999.0","-999.0"
"TWANOH_123W_47N","47.375","-123.008","02/11/2015","12:17","581.1","2","1.85","428.2","2","1.82","1022.9","9.9","95.94","-999.000","-999.000","582.1","429.0","-999.0","-999.0","-999.0","-999.0","-999.0","-999.0"
"TWANOH_123W_47N","47.375","-123.008","02/11/2015","15:17","572.7","2","1.81","431.9","2","1.79","1021.8","9.5","96.21","-999.000","-999.000","573.8","432.6","-999.0","-999.0","-999.0","-999.0","-999.0","-999.0"
"TWANOH_123W_47N","47.375","-123.008","02/11/2015","18:17","604.5","2","2.07","430.7","2","2.04","1022.0","9.4","96.49","-999.000","-999.000","605.8","431.6","-999.0","-999.0","-999.0","-999.0","-999.0","-999.0"
"TWANOH_123W_47N","47.375","-123.008","02/11/2015","21:17","577.4","2","2.19","428.6","2","2.14","1021.0","10.3","96.88","-999.000","-999.000","578.7","429.5","-999.0","-999.0","-999.0","-999.0","-999.0","-999.0"
"TWANOH_123W_47N","47.375","-123.008","02/12/2015","00:17","521.8","2","2.31","433.1","2","2.24","1021.6","11.6","97.35","-999.000","-999.000","523.0","434.1","-999.0","-999.0","-999.0","-999.0","-999.0","-999.0"
"TWANOH_123W_47N","47.375","-123.008","02/12/2015","03:17","555.5","2","1.95","425.7","2","1.84","1021.4","11.7","97.50","-999.000","-999.000","556.5","426.5","-999.0","-999.0","-999.0","-999.0","-999.0","-999.0"
"TWANOH_123W_47N","47.375","-123.008","02/12/2015","06:17","532.7","2","2.18","429.5","2","2.11","1022.1","11.3","97.77","-999.000","-999.000","533.8","430.4","-999.0","-999.0","-999.0","-999.0","-999.0","-999.0"
"TWANOH_123W_47N","47.375","-123.008","02/12/2015","09:17","592.6","2","2.17","434.4","2","2.11","1022.5","11.2","97.83","-999.000","-999.000","593.9","435.3","-999.0","-999.0","-999.0","-999.0","-999.0","-999.0"
"TWANOH_123W_47N","47.375","-123.008","02/12/2015","12:17","547.9","2","2.13","439.1","2","2.08","1022.2","11.0","97.93","-999.000","-999.000","549.1","440.0","-999.0","-999.0","-999.0","-999.0","-999.0","-999.0"
"TWANOH_123W_47N","47.375","-123.008","02/12/2015","15:17","545.9","2","2.12","431.7","2","2.07","1022.2","10.8","98.08","-999.000","-999.000","547.1","432.6","-999.0","-999.0","-999.0","-999.0","-999.0","-999.0"
"TWANOH_123W_47N","47.375","-123.008","02/12/2015","18:17","519.2","2","2.29","431.0","2","2.24","1023.3","10.8","98.25","-999.000","-999.000","520.4","431.9","-999.0","-999.0","-999.0","-999.0","-999.0","-999.0"
"TWANOH_123W_47N","47.375","-123.008","02/12/2015","21:17","630.6","2","2.33","415.3","2","2.27","1023.0","11.9","98.02","-999.000","-999.000","632.1","416.3","-999.0","-999.0","-999.0","-999.0","-999.0","-999.0"
"TWANOH_123W_47N","47.375","-123.008","02/13/2015","00:17","667.4","2","2.19","407.2","2","2.10","1024.0","13.0","97.74","-999.000","-999.000","668.9","408.1","-999.0","-999.0","-999.0","-999.0","-999.0","-999.0"
"TWANOH_123W_47N","47.375","-123.008","02/13/2015","03:17","685.5","2","2.21","410.1","2","2.08","1023.6","13.0","97.44","-999.000","-999.000","687.0","410.9","-999.0","-999.0","-999.0","-999.0","-999.0","-999.0"
"TWANOH_123W_47N","47.375","-123.008","02/13/2015","06:17","686.1","2","2.34","423.9","2","2.23","1024.4","12.4","97.15","-999.000","-999.000","687.7","424.8","-999.0","-999.0","-999.0","-999.0","-999.0","-999.0"
"TWANOH_123W_47N","47.375","-123.008","02/13/2015","09:17","653.8","2","2.20","435.5","2","2.12","1024.0","11.7","96.92","-999.000","-999.000","655.3","436.4","-999.0","-999.0","-999.0","-999.0","-999.0","-999.0"
"TWANOH_123W_47N","47.375","-123.008","02/13/2015","12:17","658.4","2","2.08","439.2","2","2.02","1022.2","11.0","96.79","-999.000","-999.000","659.8","440.1","-999.0","-999.0","-999.0","-999.0","-999.0","-999.0"
"TWANOH_123W_47N","47.375","-123.008","02/13/2015","15:17","653.1","2","2.01","439.3","2","1.97","1021.2","10.5","96.67","-999.000","-999.000","654.4","440.1","-999.0","-999.0","-999.0","-999.0","-999.0","-999.0"
"TWANOH_123W_47N","47.375","-123.008","02/13/2015","18:17","624.2","2","2.12","441.4","2","2.09","1022.0","10.4","96.73","-999.000","-999.000","625.5","442.3","-999.0","-999.0","-999.0","-999.0","-999.0","-999.0"
"TWANOH_123W_47N","47.375","-123.008","02/13/2015","21:17","595.7","2","2.28","432.8","2","2.23","1019.2","10.9","96.96","-999.000","-999.000","597.0","433.8","-999.0","-999.0","-999.0","-999.0","-999.0","-999.0"
"TWANOH_123W_47N","47.375","-123.008","02/14/2015","00:17","566.5","2","2.44","425.9","2","2.37","1018.6","12.7","97.27","-999.000","-999.000","567.9","426.9","-999.0","-999.0","-999.0","-999.0","-999.0","-999.0"
"TWANOH_123W_47N","47.375","-123.008","02/14/2015","03:17","610.0","2","2.09","415.8","2","1.94","1020.9","12.9","97.42","-999.000","-999.000","611.3","416.6","-999.0","-999.0","-999.0","-999.0","-999.0","-999.0"
"TWANOH_123W_47N","47.375","-123.008","02/14/2015","06:17","708.9","2","2.28","426.0","2","2.21","1022.5","12.5","97.09","-999.000","-999.000","710.5","427.0","-999.0","-999.0","-999.0","-999.0","-999.0","-999.0"
"TWANOH_123W_47N","47.375","-123.008","02/14/2015","09:17","649.6","2","2.22","433.6","2","2.17","1023.7","12.1","96.91","-999.000","-999.000","651.1","434.5","-999.0","-999.0","-999.0","-999.0","-999.0","-999.0"
"TWANOH_123W_47N","47.375","-123.008","02/14/2015","12:17","633.4","2","2.22","444.1","2","2.17","1024.8","11.7","96.95","-999.000","-999.000","634.8","445.1","-999.0","-999.0","-999.0","-999.0","-999.0","-999.0"
"TWANOH_123W_47N","47.375","-123.008","02/14/2015","15:17","575.6","2","2.22","445.5","2","2.16","1026.4","11.6","97.12","-999.000","-999.000","576.8","446.4","-999.0","-999.0","-999.0","-999.0","-999.0","-999.0"
"TWANOH_123W_47N","47.375","-123.008","02/14/2015","18:17","571.3","2","2.35","427.1","2","2.29","1028.1","11.7","97.27","-999.000","-999.000","572.6","428.1","-999.0","-999.0","-999.0","-999.0","-999.0","-999.0"
"TWANOH_123W_47N","47.375","-123.008","02/14/2015","21:17","432.5","2","2.45","420.8","2","2.37","1028.1","12.4","98.04","-999.000","-999.000","433.6","421.8","-999.0","-999.0","-999.0","-999.0","-999.0","-999.0"
"TWANOH_123W_47N","47.375","-123.008","02/15/2015","00:17","414.5","2","2.16","417.3","2","2.05","1028.0","14.4","98.56","-999.000","-999.000","415.4","418.2","-999.0","-999.0","-999.0","-999.0","-999.0","-999.0"
"TWANOH_123W_47N","47.375","-123.008","02/15/2015","03:17","429.1","2","2.27","412.6","2","2.14","1029.3","13.7","98.85","-999.000","-999.000","430.1","413.5","-999.0","-999.0","-999.0","-999.0","-999.0","-999.0"
"TWANOH_123W_47N","47.375","-123.008","02/15/2015","06:17","376.7","2","2.15","420.1","2","2.06","1030.3","12.7","99.17","-999.000","-999.000","377.6","421.0","-999.0","-999.0","-999.0","-999.0","-999.0","-999.0"
"TWANOH_123W_47N","47.375","-123.008","02/15/2015","09:17","390.8","2","1.94","425.9","2","1.88","1030.9","11.3","99.53","-999.000","-999.000","391.5","426.7","-999.0","-999.0","-999.0","-999.0","-999.0","-999.0"
"TWANOH_123W_47N","47.375","-123.008","02/15/2015","12:17","377.5","2","1.71","426.3","2","1.67","1030.7","10.1","99.75","-999.000","-999.000","378.2","427.0","-999.0","-999.0","-999.0","-999.0","-999.0","-999.0"
"TWANOH_123W_47N","47.375","-123.008","02/15/2015","15:17","397.5","2","1.80","420.4","2","1.76","1030.7","9.6","99.73","-999.000","-999.000","398.2","421.1","-999.0","-999.0","-999.0","-999.0","-999.0","-999.0"
"TWANOH_123W_47N","47.375","-123.008","02/15/2015","18:17","332.3","2","2.10","417.5","2","2.08","1029.6","9.3","100.25","-999.000","-999.000","333.0","418.4","-999.0","-999.0","-999.0","-999.0","-999.0","-999.0"
"TWANOH_123W_47N","47.375","-123.008","02/15/2015","21:17","270.6","2","2.11","411.2","2","2.07","1027.5","10.0","101.11","-999.000","-999.000","271.2","412.1","-999.0","-999.0","-999.0","-999.0","-999.0","-999.0"
"TWANOH_123W_47N","47.375","-123.008","02/16/2015","00:17","178.4","2","2.24","410.3","2","2.16","1026.0","12.7","102.59","-999.000","-999.000","178.8","411.2","-999.0","-999.0","-999.0","-999.0","-999.0","-999.0"
"TWANOH_123W_47N","47.375","-123.008","02/16/2015","03:17","223.0","2","1.68","416.1","2","1.53","1026.1","12.2","102.70","-999.000","-999.000","223.4","416.7","-999.0","-999.0","-999.0","-999.0","-999.0","-999.0"
"TWANOH_123W_47N","47.375","-123.008","02/16/2015","06:17","232.7","2","1.91","421.3","2","1.82","1026.1","10.8","102.81","-999.000","-999.000","233.2","422.1","-999.0","-999.0","-999.0","-999.0","-999.0","-999.0"
"TWANOH_123W_47N","47.375","-123.008","02/16/2015","09:17","266.5","2","1.72","426.4","2","1.67","1025.9","9.7","102.87","-999.000","-999.000","267.0","427.1","-999.0","-999.0","-999.0","-999.0","-999.0","-999.0"
"TWANOH_123W_47N","47.375","-123.008","02/16/2015","12:17","312.7","2","1.56","430.3","2","1.52","1025.9","8.7","102.71","-999.000","-999.000","313.2","431.0","-999.0","-999.0","-999.0","-999.0","-999.0","-999.0"
"TWANOH_123W_47N","47.375","-123.008","02/16/2015","15:17","405.3","2","1.57","431.1","2","1.56","1025.9","8.2","102.23","-999.000","-999.000","406.0","431.8","-999.0","-999.0","-999.0","-999.0","-999.0","-999.0"
"TWANOH_123W_47N","47.375","-123.008","02/16/2015","18:17","340.4","2","1.97","431.0","2","1.96","1025.9","8.3","102.13","-999.000","-999.000","341.1","431.8","-999.0","-999.0","-999.0","-999.0","-999.0","-999.0"
"TWANOH_123W_47N","47.375","-123.008","02/16/2015","21:17","307.9","2","1.97","409.3","2","1.93","1024.3","9.8","102.33","-999.000","-999.000","308.5","410.1","-999.0","-999.0","-999.0","-999.0","-999.0","-999.0"
"TWANOH_123W_47N","47.375","-123.008","02/17/2015","00:17","195.9","2","2.05","407.1","2","1.97","1023.3","12.3","103.22","-999.000","-999.000","196.3","407.9","-999.0","-999.0","-999.0","-999.0","-999.0","-999.0"
"TWANOH_123W_47N","47.375","-123.008","02/17/2015","03:17","233.2","2","2.11","410.5","2","1.92","1023.0","12.1","103.14","-999.000","-999.000","233.7","411.2","-999.0","-999.0","-999.0","-999.0","-999.0","-999.0"
"TWANOH_123W_47N","47.375","-123.008","02/17/2015","06:17","252.6","2","1.98","415.7","2","1.81","1023.7","10.8","102.93","-999.000","-999.000","253.1","416.4","-999.0","-999.0","-999.0","-999.0","-999.0","-999.0"
"TWANOH_123W_47N","47.375","-123.008","02/17/2015","09:17","357.8","2","2.06","414.3","2","1.90","1022.8","10.2","102.55","-999.000","-999.000","358.5","415.1","-999.0","-999.0","-999.0","-999.0","-999.0","-999.0"
"TWANOH_123W_47N","47.375","-123.008","02/17/2015","12:17","324.8","2","1.96","413.8","2","1.79","1021.9","9.8","102.40","-999.000","-999.000","325.5","414.6","-999.0","-999.0","-999.0","-999.0","-999.0","-999.0"
"TWANOH_123W_47N","47.375","-123.008","02/17/2015","15:17","344.6","2","1.78","416.3","2","1.65","1021.7","9.2","102.15","-999.000","-999.000","345.2","417.0","-999.0","-999.0","-999.0","-999.0","-999.0","-999.0"
"TWANOH_123W_47N","47.375","-123.008","02/17/2015","18:17","369.4","2","2.10","415.4","2","2.02","1021.7","9.0","101.91","-999.000","-999.000","370.2","416.2","-999.0","-999.0","-999.0","-999.0","-999.0","-999.0"
"TWANOH_123W_47N","47.375","-123.008","02/17/2015","21:17","296.7","2","2.03","409.8","2","1.98","1019.7","10.3","102.27","-999.000","-999.000","297.3","410.6","-999.0","-999.0","-999.0","-999.0","-999.0","-999.0"
"TWANOH_123W_47N","47.375","-123.008","02/18/2015","00:17","294.8","2","2.14","411.2","2","2.04","1018.8","12.9","102.56","-999.000","-999.000","295.5","412.1","-999.0","-999.0","-999.0","-999.0","-999.0","-999.0"
"TWANOH_123W_47N","47.375","-123.008","02/18/2015","03:17","265.9","2","1.61","418.4","2","1.49","1019.0","12.6","102.61","-999.000","-999.000","266.3","419.0","-999.0","-999.0","-999.0","-999.0","-999.0","-999.0"
"TWANOH_123W_47N","47.375","-123.008","02/18/2015","06:17","288.8","2","1.70","421.2","2","1.61","1020.2","10.7","102.42","-999.000","-999.000","289.3","421.8","-999.0","-999.0","-999.0","-999.0","-999.0","-999.0"
"TWANOH_123W_47N","47.375","-123.008","02/18/2015","09:17","285.9","2","1.59","431.2","2","1.53","1020.5","9.3","102.41","-999.000","-999.000","286.4","431.9","-999.0","-999.0","-999.0","-999.0","-999.0","-999.0"
"TWANOH_123W_47N","47.375","-123.008","02/18/2015","12:17","271.2","2","1.50","435.4","2","1.45","1020.5","8.3","102.54","-999.000","-999.000","271.6","436.0","-999.0","-999.0","-999.0","-999.0","-999.0","-999.0"
"TWANOH_123W_47N","47.375","-123.008","02/18/2015","15:17","257.9","2","1.64","444.9","2","1.61","1021.8","7.9","102.73","-999.000","-999.000","258.3","445.6","-999.0","-999.0","-999.0","-999.0","-999.0","-999.0"
"TWANOH_123W_47N","47.375","-123.008","02/18/2015","18:17","290.7","2","1.91","424.0","2","1.84","1023.3","8.8","102.52","-999.000","-999.000","291.3","424.8","-999.0","-999.0","-999.0","-999.0","-999.0","-999.0"
"TWANOH_123W_47N","47.375","-123.008","02/18/2015","21:17","277.8","2","2.09","414.4","2","2.03","1023.2","9.9","102.68","-999.000","-999.000","278.4","415.3","-999.0","-999.0","-999.0","-999.0","-999.0","-999.0"
"TWANOH_123W_47N","47.375","-123.008","02/19/2015","00:17","301.7","2","2.17","409.6","2","2.12","1022.8","10.9","102.69","-999.000","-999.000","302.4","410.5","-999.0","-999.0","-999.0","-999.0","-999.0","-999.0"
"TWANOH_123W_47N","47.375","-123.008","02/19/2015","03:17","302.5","2","2.13","411.3","2","1.96","1023.8","11.1","102.40","-999.000","-999.000","303.1","412.1","-999.0","-999.0","-999.0","-999.0","-999.0","-999.0"
"TWANOH_123W_47N","47.375","-123.008","02/19/2015","06:17","346.0","2","1.94","416.1","2","1.86","1024.6","10.6","101.98","-999.000","-999.000","346.6","416.9","-999.0","-999.0","-999.0","-999.0","-999.0","-999.0"
"TWANOH_123W_47N","47.375","-123.008","02/19/2015","09:17","356.3","2","1.88","429.9","2","1.82","1024.8","9.9","101.69","-999.000","-999.000","356.9","430.7","-999.0","-999.0","-999.0","-999.0","-999.0","-999.0"
"TWANOH_123W_47N","47.375","-123.008","02/19/2015","12:17","319.1","2","1.81","431.5","2","1.76","1024.6","9.7","101.58","-999.000","-999.000","319.6","432.3","-999.0","-999.0","-999.0","-999.0","-999.0","-999.0"
"TWANOH_123W_47N","47.375","-123.008","02/19/2015","15:17","322.2","2","1.82","432.3","2","1.77","1024.5","9.5","101.54","-999.000","-999.000","322.8","433.0","-999.0","-999.0","-999.0","-999.0","-999.0","-999.0"
"TWANOH_123W_47N","47.375","-123.008","02/19/2015","18:17","347.7","2","2.05","431.3","2","1.99","1024.9","9.8","101.32","-999.000","-999.000","348.4","432.2","-999.0","-999.0","-999.0","-999.0","-999.0","-999.0"
"TWANOH_123W_47N","47.375","-123.008","02/19/2015","21:17","340.2","2","2.14","420.8","2","2.07","1023.3","10.4","101.30","-999.000","-999.000","340.9","421.7","-999.0","-999.0","-999.0","-999.0","-999.0","-999.0"
"TWANOH_123W_47N","47.375","-123.008","02/20/2015","00:17","331.2","2","2.19","405.4","2","2.12","1022.0","11.7","101.40","-999.000","-999.000","331.9","406.3","-999.0","-999.0","-999.0","-999.0","-999.0","-999.0"
"TWANOH_123W_47N","47.375","-123.008","02/20/2015","03:17","329.2","2","1.95","412.9","2","1.78","1022.8","12.0","101.33","-999.000","-999.000","329.9","413.7","-999.0","-999.0","-999.0","-999.0","-999.0","-999.0"
"TWANOH_123W_47N","47.375","-123.008","02/20/2015","06:17","367.7","2","2.16","415.6","2","2.06","1024.1","11.6","101.11","-999.000","-999.000","368.5","416.5","-999.0","-999.0","-999.0","-999.0","-999.0","-999.0"
"TWANOH_123W_47N","47.375","-123.008","02/20/2015","09:17","367.8","2","2.05","423.1","2","1.96","1024.6","11.2","100.96","-999.000","-999.000","368.5","423.9","-999.0","-999.0","-999.0","-999.0","-999.0","-999.0"
"TWANOH_123W_47N","47.375","-123.008","02/20/2015","12:17","400.8","2","1.99","429.0","2","1.92","1024.8","10.8","100.70","-999.000","-999.000","401.6","429.9","-999.0","-999.0","-999.0","-999.0","-999.0","-999.0"
"TWANOH_123W_47N","47.375","-123.008","02/20/2015","15:17","351.2","2","1.96","433.2","2","1.90","1024.8","10.3","100.75","-999.000","-999.000","351.9","434.0","-999.0","-999.0","-999.0","-999.0","-999.0","-999.0"
"TWANOH_123W_47N","47.375","-123.008","02/20/2015","18:17","398.3","2","2.25","425.1","2","2.20","1025.3","10.5","100.52","-999.000","-999.000","399.2","426.0","-999.0","-999.0","-999.0","-999.0","-999.0","-999.0"
"TWANOH_123W_47N","47.375","-123.008","02/20/2015","21:17","406.4","2","2.31","412.5","2","2.25","1024.5","11.6","100.47","-999.000","-999.000","407.4","413.4","-999.0","-999.0","-999.0","-999.0","-999.0","-999.0"
"TWANOH_123W_47N","47.375","-123.008","02/21/2015","00:17","375.4","2","2.15","407.6","2","1.98","1023.8","12.3","100.51","-999.000","-999.000","376.2","408.4","-999.0","-999.0","-999.0","-999.0","-999.0","-999.0"
"TWANOH_123W_47N","47.375","-123.008","02/21/2015","03:17","362.7","2","2.18","413.2","2","2.06","1023.8","12.0","100.58","-999.000","-999.000","363.5","414.0","-999.0","-999.0","-999.0","-999.0","-999.0","-999.0"
"TWANOH_123W_47N","47.375","-123.008","02/21/2015","06:17","386.3","2","2.06","416.9","2","1.97","1024.3","11.2","100.37","-999.000","-999.000","387.1","417.7","-999.0","-999.0","-999.0","-999.0","-999.0","-999.0"
"TWANOH_123W_47N","47.375","-123.008","02/21/2015","09:17","401.9","2","2.01","422.7","2","1.94","1024.8","10.5","100.26","-999.000","-999.000","402.8","423.5","-999.0","-999.0","-999.0","-999.0","-999.0","-999.0"
"TWANOH_123W_47N","47.375","-123.008","02/21/2015","12:17","373.2","2","1.95","419.2","2","1.88","1024.5","10.2","100.31","-999.000","-999.000","373.9","420.0","-999.0","-999.0","-999.0","-999.0","-999.0","-999.0"
"TWANOH_123W_47N","47.375","-123.008","02/21/2015","15:17","341.3","2","1.74","420.8","2","1.68","1025.3","9.3","100.31","-999.000","-999.000","341.9","421.5","-999.0","-999.0","-999.0","-999.0","-999.0","-999.0"
"TWANOH_123W_47N","47.375","-123.008","02/21/2015","18:17","365.6","2","2.05","418.3","2","2.03","1026.8","9.0","100.30","-999.000","-999.000","366.4","419.2","-999.0","-999.0","-999.0","-999.0","-999.0","-999.0"
"TWANOH_123W_47N","47.375","-123.008","02/21/2015","21:17","442.5","2","2.06","409.1","2","2.01","1026.7","9.7","100.08","-999.000","-999.000","443.4","410.0","-999.0","-999.0","-999.0","-999.0","-999.0","-999.0"
"TWANOH_123W_47N","47.375","-123.008","02/22/2015","00:17","384.8","2","2.20","408.7","2","2.13","1026.2","11.7","100.16","-999.000","-999.000","385.7","409.5","-999.0","-999.0","-999.0","-999.0","-999.0","-999.0"
"TWANOH_123W_47N","47.375","-123.008","02/22/2015","03:17","368.2","2","1.99","411.5","2","1.65","1027.3","12.0","100.20","-999.000","-999.000","368.9","412.1","-999.0","-999.0","-999.0","-999.0","-999.0","-999.0"
"TWANOH_123W_47N","47.375","-123.008","02/22/2015","06:17","392.8","2","1.79","416.9","2","1.63","1030.0","10.6","100.02","-999.000","-999.000","393.5","417.6","-999.0","-999.0","-999.0","-999.0","-999.0","-999.0"
"TWANOH_123W_47N","47.375","-123.008","02/22/2015","09:17","475.1","2","1.60","425.9","2","1.50","1031.5","9.6","99.67","-999.000","-999.000","475.9","426.5","-999.0","-999.0","-999.0","-999.0","-999.0","-999.0"
"TWANOH_123W_47N","47.375","-123.008","02/22/2015","12:17","496.6","2","1.46","424.5","2","1.38","1031.1","8.6","99.22","-999.000","-999.000","497.3","425.1","-999.0","-999.0","-999.0","-999.0","-999.0","-999.0"
"TWANOH_123W_47N","47.375","-123.008","02/22/2015","15:17","447.4","2","1.41","430.2","2","1.36","1031.2","7.6","98.93","-999.000","-999.000","448.0","430.8","-999.0","-999.0","-999.0","-999.0","-999.0","-999.0"
"TWANOH_123W_47N","47.375","-123.008","02/22/2015","18:17","449.1","2","1.87","428.4","2","1.85","1030.4","7.4","98.98","-999.000","-999.000","449.9","429.2","-999.0","-999.0","-999.0","-999.0","-999.0","-999.0"
"TWANOH_123W_47N","47.375","-123.008","02/22/2015","21:17","498.1","2","1.80","411.0","2","1.76","1028.9","8.5","98.92","-999.000","-999.000","499.0","411.7","-999.0","-999.0","-999.0","-999.0","-999.0","-999.0"
"TWANOH_123W_47N","47.375","-123.008","02/23/2015","00:17","428.0","2","2.11","410.5","2","2.06","1028.1","10.6","99.09","-999.000","-999.000","428.9","411.4","-999.0","-999.0","-999.0","-999.0","-999.0","-999.0"
"TWANOH_123W_47N","47.375","-123.008","02/23/2015","03:17","377.0","2","1.59","415.8","2","1.47","1028.4","10.6","99.33","-999.000","-999.000","377.6","416.4","-999.0","-999.0","-999.0","-999.0","-999.0","-999.0"
"TWANOH_123W_47N","47.375","-123.008","02/23/2015","06:17","405.1","2","1.54","416.6","2","1.41","1028.7","9.0","99.31","-999.000","-999.000","405.7","417.2","-999.0","-999.0","-999.0","-999.0","-999.0","-999.0"
"TWANOH_123W_47N","47.375","-123.008","02/23/2015","09:17","455.8","2","1.53","420.2","2","1.43","1029.2","8.2","99.08","-999.000","-999.000","456.5","420.8","-999.0","-999.0","-999.0","-999.0","-999.0","-999.0"
"TWANOH_123W_47N","47.375","-123.008","02/23/2015","12:17","483.2","2","1.46","424.2","2","1.39","1029.6","7.3","98.87","-999.000","-999.000","483.9","424.8","-999.0","-999.0","-999.0","-999.0","-999.0","-999.0"
"TWANOH_123W_47N","47.375","-123.008","02/23/2015","15:17","451.2","2","1.36","427.2","2","1.32","1029.7","6.6","98.66","-999.000","-999.000","451.9","427.8","-999.0","-999.0","-999.0","-999.0","-999.0","-999.0"
"TWANOH_123W_47N","47.375","-123.008","02/23/2015","18:17","446.0","2","1.79","429.3","2","1.77","1030.7","6.5","98.70","-999.000","-999.000","446.8","430.1","-999.0","-999.0","-999.0","-999.0","-999.0","-999.0"
"TWANOH_123W_47N","47.375","-123.008","02/23/2015","21:17","492.4","2","1.65","417.7","2","1.62","1030.0","7.8","98.70","-999.000","-999.000","493.2","418.4","-999.0","-999.0","-999.0","-999.0","-999.0","-999.0"
"TWANOH_123W_47N","47.375","-123.008","02/24/2015","00:17","456.4","2","1.76","414.6","2","1.68","1028.3","11.3","98.99","-999.000","-999.000","457.2","415.3","-999.0","-999.0","-999.0","-999.0","-999.0","-999.0"
"TWANOH_123W_47N","47.375","-123.008","02/24/2015","03:17","427.1","2","1.72","421.5","2","1.58","1028.1","11.5","99.17","-999.000","-999.000","427.8","422.2","-999.0","-999.0","-999.0","-999.0","-999.0","-999.0"
"TWANOH_123W_47N","47.375","-123.008","02/24/2015","06:17","396.1","2","1.55","421.8","2","1.46","1029.1","9.6","99.37","-999.000","-999.000","396.7","422.4","-999.0","-999.0","-999.0","-999.0","-999.0","-999.0"
"TWANOH_123W_47N","47.375","-123.008","02/24/2015","09:17","431.5","2","1.48","426.9","2","1.43","1029.7","8.2","99.30","-999.000","-999.000","432.1","427.5","-999.0","-999.0","-999.0","-999.0","-999.0","-999.0"
"TWANOH_123W_47N","47.375","-123.008","02/24/2015","12:17","424.8","2","1.37","435.6","2","1.34","1028.8","7.3","99.26","-999.000","-999.000","425.4","436.2","-999.0","-999.0","-999.0","-999.0","-999.0","-999.0"
"TWANOH_123W_47N","47.375","-123.008","02/24/2015","15:17","393.4","2","1.40","435.7","2","1.38","1028.0","6.8","99.31","-999.000","-999.000","393.9","436.3","-999.0","-999.0","-999.0","-999.0","-999.0","-999.0"
"TWANOH_123W_47N","47.375","-123.008","02/24/2015","18:17","365.8","2","1.52","441.3","2","1.52","1029.2","6.9","99.60","-999.000","-999.000","366.4","442.0","-999.0","-999.0","-999.0","-999.0","-999.0","-999.0"
"TWANOH_123W_47N","47.375","-123.008","02/24/2015","21:17","389.5","2","1.70","420.6","2","1.67","1027.6","7.6","99.81","-999.000","-999.000","390.2","421.3","-999.0","-999.0","-999.0","-999.0","-999.0","-999.0"
"TWANOH_123W_47N","47.375","-123.008","02/25/2015","00:17","427.4","2","1.88","413.1","2","1.82","1026.8","10.3","99.85","-999.000","-999.000","428.2","413.9","-999.0","-999.0","-999.0","-999.0","-999.0","-999.0"
"TWANOH_123W_47N","47.375","-123.008","02/25/2015","03:17","329.2","2","1.76","422.6","2","1.60","1027.5","10.5","100.24","-999.000","-999.000","329.7","423.3","-999.0","-999.0","-999.0","-999.0","-999.0","-999.0"
"TWANOH_123W_47N","47.375","-123.008","02/25/2015","06:17","329.2","2","1.62","431.2","2","1.56","1028.5","9.2","100.48","-999.000","-999.000","329.8","431.9","-999.0","-999.0","-999.0","-999.0","-999.0","-999.0"
"TWANOH_123W_47N","47.375","-123.008","02/25/2015","09:17","339.6","2","1.57","432.0","2","1.52","1029.2","8.4","100.55","-999.000","-999.000","340.2","432.6","-999.0","-999.0","-999.0","-999.0","-999.0","-999.0"
"TWANOH_123W_47N","47.375","-123.008","02/25/2015","12:17","389.8","2","1.60","446.4","2","1.56","1030.0","8.0","100.50","-999.000","-999.000","390.4","447.1","-999.0","-999.0","-999.0","-999.0","-999.0","-999.0"
"TWANOH_123W_47N","47.375","-123.008","02/25/2015","15:17","345.9","2","1.61","450.0","2","1.58","1029.6","7.9","100.56","-999.000","-999.000","346.5","450.7","-999.0","-999.0","-999.0","-999.0","-999.0","-999.0"
"TWANOH_123W_47N","47.375","-123.008","02/25/2015","18:17","309.5","2","1.74","428.2","2","1.70","1029.1","8.3","100.82","-999.000","-999.000","310.1","428.9","-999.0","-999.0","-999.0","-999.0","-999.0","-999.0"
"TWANOH_123W_47N","47.375","-123.008","02/25/2015","21:17","293.8","2","1.86","418.4","2","1.79","1027.7","9.3","101.23","-999.000","-999.000","294.4","419.2","-999.0","-999.0","-999.0","-999.0","-999.0","-999.0"
"TWANOH_123W_47N","47.375","-123.008","02/26/2015","00:17","311.2","2","1.97","410.9","2","1.88","1026.4","10.1","101.35","-999.000","-999.000","311.8","411.6","-999.0","-999.0","-999.0","-999.0","-999.0","-999.0"
"TWANOH_123W_47N","47.375","-123.008","02/26/2015","03:17","295.0","2","1.98","415.8","2","1.89","1025.2","10.3","101.58","-999.000","-999.000","295.6","416.5","-999.0","-999.0","-999.0","-999.0","-999.0","-999.0"
"TWANOH_123W_47N","47.375","-123.008","02/26/2015","06:17","281.8","2","1.94","423.3","2","1.86","1024.5","10.0","101.95","-999.000","-999.000","282.3","424.1","-999.0","-999.0","-999.0","-999.0","-999.0","-999.0"
"TWANOH_123W_47N","47.375","-123.008","02/26/2015","09:17","270.0","2","1.91","427.0","2","1.85","1023.8","9.7","102.30","-999.000","-999.000","270.5","427.8","-999.0","-999.0","-999.0","-999.0","-999.0","-999.0"
"TWANOH_123W_47N","47.375","-123.008","02/26/2015","12:17","301.6","2","1.90","433.7","2","1.84","1022.9","9.6","102.35","-999.000","-999.000","302.2","434.5","-999.0","-999.0","-999.0","-999.0","-999.0","-999.0"
"TWANOH_123W_47N","47.375","-123.008","02/26/2015","15:17","307.6","2","1.86","436.2","2","1.81","1021.3","9.4","102.35","-999.000","-999.000","308.1","437.0","-999.0","-999.0","-999.0","-999.0","-999.0","-999.0"
"TWANOH_123W_47N","47.375","-123.008","02/26/2015","18:17","255.6","2","2.04","430.2","2","1.99","1020.5","9.5","102.92","-999.000","-999.000","256.1","431.1","-999.0","-999.0","-999.0","-999.0","-999.0","-999.0"
"TWANOH_123W_47N","47.375","-123.008","02/26/2015","21:17","233.0","2","2.09","416.6","2","2.04","1017.8","10.4","103.58","-999.000","-999.000","233.5","417.5","-999.0","-999.0","-999.0","-999.0","-999.0","-999.0"
"TWANOH_123W_47N","47.375","-123.008","02/27/2015","00:17","245.7","2","2.04","413.2","2","1.95","1015.3","11.2","103.69","-999.000","-999.000","246.2","414.0","-999.0","-999.0","-999.0","-999.0","-999.0","-999.0"
"TWANOH_123W_47N","47.375","-123.008","02/27/2015","03:17","228.3","2","2.08","426.1","2","1.99","1012.7","11.1","104.06","-999.000","-999.000","228.8","426.9","-999.0","-999.0","-999.0","-999.0","-999.0","-999.0"
"TWANOH_123W_47N","47.375","-123.008","02/27/2015","06:17","213.2","2","2.07","424.5","2","2.00","1009.9","10.8","104.59","-999.000","-999.000","213.6","425.4","-999.0","-999.0","-999.0","-999.0","-999.0","-999.0"
"TWANOH_123W_47N","47.375","-123.008","02/27/2015","09:17","200.1","2","2.04","426.4","2","1.98","1007.6","10.5","105.20","-999.000","-999.000","200.5","427.3","-999.0","-999.0","-999.0","-999.0","-999.0","-999.0"
"TWANOH_123W_47N","47.375","-123.008","02/27/2015","12:17","223.6","2","1.94","414.2","2","1.90","1005.9","10.1","104.98","-999.000","-999.000","224.0","415.0","-999.0","-999.0","-999.0","-999.0","-999.0","-999.0"
"TWANOH_123W_47N","47.375","-123.008","02/27/2015","15:17","241.6","2","1.92","414.6","2","1.88","1005.6","9.7","104.54","-999.000","-999.000","242.0","415.3","-999.0","-999.0","-999.0","-999.0","-999.0","-999.0"
"TWANOH_123W_47N","47.375","-123.008","02/27/2015","18:17","242.1","2","1.96","412.0","2","1.93","1006.9","9.6","104.47","-999.000","-999.000","242.6","412.8","-999.0","-999.0","-999.0","-999.0","-999.0","-999.0"
"TWANOH_123W_47N","47.375","-123.008","02/27/2015","21:17","196.4","2","2.04","409.7","2","1.99","1007.2","9.7","104.91","-999.000","-999.000","196.8","410.6","-999.0","-999.0","-999.0","-999.0","-999.0","-999.0"
"TWANOH_123W_47N","47.375","-123.008","02/28/2015","00:17","270.1","2","1.99","409.1","2","1.92","1008.4","9.8","104.16","-999.000","-999.000","270.7","409.9","-999.0","-999.0","-999.0","-999.0","-999.0","-999.0"
"TWANOH_123W_47N","47.375","-123.008","02/28/2015","03:17","338.6","2","2.09","410.8","2","1.96","1009.9","9.8","103.16","-999.000","-999.000","339.3","411.6","-999.0","-999.0","-999.0","-999.0","-999.0","-999.0"
"TWANOH_123W_47N","47.375","-123.008","02/28/2015","06:17","305.6","2","2.10","412.4","2","1.93","1011.5","10.2","102.78","-999.000","-999.000","306.2","413.2","-999.0","-999.0","-999.0","-999.0","-999.0","-999.0"
"TWANOH_123W_47N","47.375","-123.008","02/28/2015","09:17","200.3","2","2.08","412.9","2","1.87","1013.9","9.9","103.29","-999.000","-999.000","200.8","413.7","-999.0","-999.0","-999.0","-999.0","-999.0","-999.0"
"TWANOH_123W_47N","47.375","-123.008","02/28/2015","12:17","211.9","2","2.03","413.8","2","1.79","1016.3","9.8","103.23","-999.000","-999.000","212.3","414.6","-999.0","-999.0","-999.0","-999.0","-999.0","-999.0"
"TWANOH_123W_47N","47.375","-123.008","02/28/2015","15:17","209.6","2","1.99","413.9","2","1.73","1019.2","9.6","103.20","-999.000","-999.000","210.0","414.6","-999.0","-999.0","-999.0","-999.0","-999.0","-999.0"
"TWANOH_123W_47N","47.375","-123.008","02/28/2015","18:17","207.0","2","2.14","410.6","2","1.85","1021.2","9.6","103.17","-999.000","-999.000","207.4","411.4","-999.0","-999.0","-999.0","-999.0","-999.0","-999.0"
"TWANOH_123W_47N","47.375","-123.008","02/28/2015","21:17","146.6","2","2.12","410.1","2","2.06","1021.6","10.2","104.37","-999.000","-999.000","146.9","410.9","-999.0","-999.0","-999.0","-999.0","-999.0","-999.0"
"TWANOH_123W_47N","47.375","-123.008","03/01/2015","00:17","149.4","2","2.20","409.5","2","2.12","1021.2","12.0","105.03","-999.000","-999.000","149.7","410.4","-999.0","-999.0","-999.0","-999.0","-999.0","-999.0"
"TWANOH_123W_47N","47.375","-123.008","03/01/2015","03:17","174.5","2","1.18","418.6","2","1.10","1022.8","11.7","104.95","-999.000","-999.000","174.7","419.0","-999.0","-999.0","-999.0","-999.0","-999.0","-999.0"
"TWANOH_123W_47N","47.375","-123.008","03/01/2015","06:17","166.4","2","1.41","423.0","2","1.33","1024.0","9.1","104.79","-999.000","-999.000","166.7","423.6","-999.0","-999.0","-999.0","-999.0","-999.0","-999.0"
"TWANOH_123W_47N","47.375","-123.008","03/01/2015","09:17","169.8","2","1.38","424.8","2","1.31","1024.6","7.6","105.24","-999.000","-999.000","170.0","425.3","-999.0","-999.0","-999.0","-999.0","-999.0","-999.0"
"TWANOH_123W_47N","47.375","-123.008","03/01/2015","12:17","144.9","2","1.34","432.2","2","1.29","1023.8","6.7","105.77","-999.000","-999.000","145.1","432.8","-999.0","-999.0","-999.0","-999.0","-999.0","-999.0"
"TWANOH_123W_47N","47.375","-123.008","03/01/2015","15:17","155.5","2","1.37","441.9","2","1.35","1023.8","6.3","105.57","-999.000","-999.000","155.7","442.5","-999.0","-999.0","-999.0","-999.0","-999.0","-999.0"
"TWANOH_123W_47N","47.375","-123.008","03/01/2015","18:17","174.0","2","1.72","439.3","2","1.72","1023.0","6.6","105.64","-999.000","-999.000","174.3","440.0","-999.0","-999.0","-999.0","-999.0","-999.0","-999.0"
"TWANOH_123W_47N","47.375","-123.008","03/01/2015","21:17","141.7","2","1.73","418.6","2","1.70","1019.0","7.8","106.22","-999.000","-999.000","142.0","419.3","-999.0","-999.0","-999.0","-999.0","-999.0","-999.0"
"TWANOH_123W_47N","47.375","-123.008","03/02/2015","00:17","125.4","2","2.01","408.3","2","1.96","1016.0","10.1","107.39","-999.000","-999.000","125.6","409.1","-999.0","-999.0","-999.0","-999.0","-999.0","-999.0"
"TWANOH_123W_47N","47.375","-123.008","03/02/2015","03:17","145.2","2","1.67","411.3","2","1.54","1014.9","10.3","107.33","-999.000","-999.000","145.4","411.9","-999.0","-999.0","-999.0","-999.0","-999.0","-999.0"
"TWANOH_123W_47N","47.375","-123.008","03/02/2015","06:17","165.6","2","1.69","419.5","2","1.62","1015.0","9.7","107.05","-999.000","-999.000","165.9","420.2","-999.0","-999.0","-999.0","-999.0","-999.0","-999.0"
"TWANOH_123W_47N","47.375","-123.008","03/02/2015","09:17","143.7","2","1.72","415.7","2","1.66","1014.9","8.8","107.35","-999.000","-999.000","143.9","416.4","-999.0","-999.0","-999.0","-999.0","-999.0","-999.0"
"TWANOH_123W_47N","47.375","-123.008","03/02/2015","12:17","133.7","2","1.74","413.0","2","1.68","1015.0","8.4","108.01","-999.000","-999.000","133.9","413.7","-999.0","-999.0","-999.0","-999.0","-999.0","-999.0"
"TWANOH_123W_47N","47.375","-123.008","03/02/2015","15:17","148.1","2","1.74","415.1","2","1.67","1015.8","8.3","107.68","-999.000","-999.000","148.4","415.8","-999.0","-999.0","-999.0","-999.0","-999.0","-999.0"
"TWANOH_123W_47N","47.375","-123.008","03/02/2015","18:17","150.6","2","1.97","410.2","2","1.90","1017.0","8.2","107.28","-999.000","-999.000","150.9","411.0","-999.0","-999.0","-999.0","-999.0","-999.0","-999.0"
"TWANOH_123W_47N","47.375","-123.008","03/02/2015","21:17","123.2","2","1.88","409.7","2","1.83","1015.6","9.1","108.06","-999.000","-999.000","123.4","410.4","-999.0","-999.0","-999.0","-999.0","-999.0","-999.0"
"TWANOH_123W_47N","47.375","-123.008","03/03/2015","00:17","130.7","2","1.99","408.8","2","1.92","1016.2","10.8","108.70","-999.000","-999.000","131.0","409.6","-999.0","-999.0","-999.0","-999.0","-999.0","-999.0"
"TWANOH_123W_47N","47.375","-123.008","03/03/2015","03:17","151.0","2","1.47","411.5","2","1.22","1017.9","10.7","107.91","-999.000","-999.000","151.2","412.0","-999.0","-999.0","-999.0","-999.0","-999.0","-999.0"
"TWANOH_123W_47N","47.375","-123.008","03/03/2015","06:17","170.1","2","1.52","418.8","2","1.40","1020.0","9.4","107.19","-999.000","-999.000","170.4","419.4","-999.0","-999.0","-999.0","-999.0","-999.0","-999.0"
"TWANOH_123W_47N","47.375","-123.008","03/03/2015","09:17","185.4","2","1.40","425.3","2","1.34","1021.7","8.0","106.98","-999.000","-999.000","185.7","425.9","-999.0","-999.0","-999.0","-999.0","-999.0","-999.0"
"TWANOH_123W_47N","47.375","-123.008","03/03/2015","12:17","178.6","2","1.32","427.4","2","1.27","1023.0","7.1","107.02","-999.000","-999.000","178.8","427.9","-999.0","-999.0","-999.0","-999.0","-999.0","-999.0"
"TWANOH_123W_47N","47.375","-123.008","03/03/2015","15:17","183.1","2","1.28","428.3","2","1.25","1023.7","6.0","106.63","-999.000","-999.000","183.3","428.8","-999.0","-999.0","-999.0","-999.0","-999.0","-999.0"
"TWANOH_123W_47N","47.375","-123.008","03/03/2015","18:17","178.4","2","1.75","425.2","2","1.75","1024.9","5.8","106.39","-999.000","-999.000","178.7","426.0","-999.0","-999.0","-999.0","-999.0","-999.0","-999.0"
"TWANOH_123W_47N","47.375","-123.008","03/03/2015","21:17","160.7","2","1.56","412.3","2","1.53","1023.6","7.0","106.74","-999.000","-999.000","161.0","413.0","-999.0","-999.0","-999.0","-999.0","-999.0","-999.0"
"TWANOH_123W_47N","47.375","-123.008","03/04/2015","00:17","143.9","2","1.69","409.8","2","1.62","1022.5","10.8","107.47","-999.000","-999.000","144.1","410.5","-999.0","-999.0","-999.0","-999.0","-999.0","-999.0"
"TWANOH_123W_47N","47.375","-123.008","03/04/2015","03:17","141.4","2","1.44","415.2","2","1.33","1023.3","11.4","107.32","-999.000","-999.000","141.6","415.7","-999.0","-999.0","-999.0","-999.0","-999.0","-999.0"
"TWANOH_123W_47N","47.375","-123.008","03/04/2015","06:17","136.5","2","1.27","418.9","2","1.17","1024.6","8.8","107.04","-999.000","-999.000","136.6","419.4","-999.0","-999.0","-999.0","-999.0","-999.0","-999.0"
"TWANOH_123W_47N","47.375","-123.008","03/04/2015","09:17","127.7","2","1.22","425.7","2","1.17","1025.3","6.9","107.21","-999.000","-999.000","127.8","426.2","-999.0","-999.0","-999.0","-999.0","-999.0","-999.0"
"TWANOH_123W_47N","47.375","-123.008","03/04/2015","12:17","102.8","2","1.24","430.5","2","1.20","1025.3","5.8","108.22","-999.000","-999.000","102.9","431.0","-999.0","-999.0","-999.0","-999.0","-999.0","-999.0"
"TWANOH_123W_47N","47.375","-123.008","03/04/2015","15:17","108.5","2","1.30","433.2","2","1.29","1026.1","5.1","108.59","-999.000","-999.000","108.6","433.8","-999.0","-999.0","-999.0","-999.0","-999.0","-999.0"
"TWANOH_123W_47N","47.375","-123.008","03/04/2015","18:17","119.8","2","1.80","427.6","2","1.82","1026.8","5.4","108.60","-999.000","-999.000","120.0","428.4","-999.0","-999.0","-999.0","-999.0","-999.0","-999.0"
"TWANOH_123W_47N","47.375","-123.008","03/04/2015","21:17","118.8","2","1.45","415.9","2","1.42","1025.5","6.5","109.01","-999.000","-999.000","118.9","416.5","-999.0","-999.0","-999.0","-999.0","-999.0","-999.0"
"TWANOH_123W_47N","47.375","-123.008","03/05/2015","00:17","107.6","2","1.60","413.1","2","1.53","1024.4","10.5","110.02","-999.000","-999.000","107.8","413.7","-999.0","-999.0","-999.0","-999.0","-999.0","-999.0"
"TWANOH_123W_47N","47.375","-123.008","03/05/2015","03:17","110.4","2","1.67","416.8","2","1.56","1025.1","10.7","110.13","-999.000","-999.000","110.6","417.5","-999.0","-999.0","-999.0","-999.0","-999.0","-999.0"
"TWANOH_123W_47N","47.375","-123.008","03/05/2015","06:17","116.3","2","1.40","420.2","2","1.32","1026.4","8.9","109.79","-999.000","-999.000","116.5","420.7","-999.0","-999.0","-999.0","-999.0","-999.0","-999.0"
"TWANOH_123W_47N","47.375","-123.008","03/05/2015","09:17","118.9","2","1.43","428.6","2","1.38","1026.4","7.7","109.66","-999.000","-999.000","119.0","429.2","-999.0","-999.0","-999.0","-999.0","-999.0","-999.0"
"TWANOH_123W_47N","47.375","-123.008","03/05/2015","12:17","89.8","2","1.38","428.6","2","1.35","1026.3","6.8","110.70","-999.000","-999.000","89.9","429.2","-999.0","-999.0","-999.0","-999.0","-999.0","-999.0"
"TWANOH_123W_47N","47.375","-123.008","03/05/2015","15:17","91.6","2","1.38","433.9","2","1.36","1027.7","6.3","111.60","-999.000","-999.000","91.7","434.5","-999.0","-999.0","-999.0","-999.0","-999.0","-999.0"
"TWANOH_123W_47N","47.375","-123.008","03/05/2015","18:17","107.3","2","1.73","428.3","2","1.72","1029.1","6.5","111.13","-999.000","-999.000","107.5","429.1","-999.0","-999.0","-999.0","-999.0","-999.0","-999.0"
"TWANOH_123W_47N","47.375","-123.008","03/05/2015","21:17","120.2","2","1.57","414.8","2","1.53","1028.1","7.7","110.75","-999.000","-999.000","120.3","415.4","-999.0","-999.0","-999.0","-999.0","-999.0","-999.0"
"TWANOH_123W_47N","47.375","-123.008","03/06/2015","00:17","85.4","2","1.64","409.8","2","1.57","1027.5","10.6","111.90","-999.000","-999.000","85.6","410.5","-999.0","-999.0","-999.0","-999.0","-999.0","-999.0"
"TWANOH_123W_47N","47.375","-123.008","03/06/2015","03:17","93.3","2","1.62","418.6","2","1.51","1028.3","10.7","112.21","-999.000","-999.000","93.4","419.2","-999.0","-999.0","-999.0","-999.0","-999.0","-999.0"
"TWANOH_123W_47N","47.375","-123.008","03/06/2015","06:17","111.6","2","1.53","421.2","2","1.46","1029.3","8.8","111.37","-999.000","-999.000","111.8","421.9","-999.0","-999.0","-999.0","-999.0","-999.0","-999.0"
"TWANOH_123W_47N","47.375","-123.008","03/06/2015","09:17","107.8","2","1.49","423.7","2","1.43","1029.2","7.8","110.90","-999.000","-999.000","107.9","424.3","-999.0","-999.0","-999.0","-999.0","-999.0","-999.0"
"TWANOH_123W_47N","47.375","-123.008","03/06/2015","12:17","94.0","2","1.43","429.9","2","1.39","1029.1","7.0","111.31","-999.000","-999.000","94.1","430.5","-999.0","-999.0","-999.0","-999.0","-999.0","-999.0"
"TWANOH_123W_47N","47.375","-123.008","03/06/2015","15:17","83.4","2","1.43","433.6","2","1.42","1029.7","6.5","111.78","-999.000","-999.000","83.5","434.3","-999.0","-999.0","-999.0","-999.0","-999.0","-999.0"
"TWANOH_123W_47N","47.375","-123.008","03/06/2015","18:17","99.2","2","1.75","427.9","2","1.75","1030.8","6.6","111.40","-999.000","-999.000","99.3","428.7","-999.0","-999.0","-999.0","-999.0","-999.0","-999.0"
"TWANOH_123W_47N","47.375","-123.008","03/06/2015","21:17","119.1","2","1.61","415.1","2","1.57","1029.2","7.9","110.78","-999.000","-999.000","119.3","415.8","-999.0","-999.0","-999.0","-999.0","-999.0","-999.0"
"TWANOH_123W_47N","47.375","-123.008","03/07/2015","00:17","102.0","2","1.64","414.9","2","1.56","1027.1","11.3","111.47","-999.000","-999.000","102.2","415.5","-999.0","-999.0","-999.0","-999.0","-999.0","-999.0"
"TWANOH_123W_47N","47.375","-123.008","03/07/2015","03:17","94.5","2","2.04","417.3","2","1.95","1027.3","11.9","111.99","-999.000","-999.000","94.7","418.1","-999.0","-999.0","-999.0","-999.0","-999.0","-999.0"
"TWANOH_123W_47N","47.375","-123.008","03/07/2015","06:17","100.9","2","1.45","422.0","2","1.39","1028.1","10.3","111.62","-999.000","-999.000","101.1","422.5","-999.0","-999.0","-999.0","-999.0","-999.0","-999.0"
"TWANOH_123W_47N","47.375","-123.008","03/07/2015","09:17","106.3","2","1.56","426.2","2","1.51","1028.1","9.0","111.10","-999.000","-999.000","106.5","426.8","-999.0","-999.0","-999.0","-999.0","-999.0","-999.0"
"TWANOH_123W_47N","47.375","-123.008","03/07/2015","12:17","94.6","2","1.50","432.3","2","1.47","1027.7","8.1","111.41","-999.000","-999.000","94.7","433.0","-999.0","-999.0","-999.0","-999.0","-999.0","-999.0"
"TWANOH_123W_47N","47.375","-123.008","03/07/2015","15:17","80.1","2","1.44","436.2","2","1.43","1027.7","7.4","111.92","-999.000","-999.000","80.2","436.8","-999.0","-999.0","-999.0","-999.0","-999.0","-999.0"
"TWANOH_123W_47N","47.375","-123.008","03/07/2015","18:17","87.6","2","1.77","433.2","2","1.76","1027.9","7.3","112.31","-999.000","-999.000","87.7","434.0","-999.0","-999.0","-999.0","-999.0","-999.0","-999.0"
"TWANOH_123W_47N","47.375","-123.008","03/07/2015","21:17","109.0","2","1.71","415.6","2","1.67","1025.9","8.1","111.87","-999.000","-999.000","109.2","416.3","-999.0","-999.0","-999.0","-999.0","-999.0","-999.0"
"TWANOH_123W_47N","47.375","-123.008","03/08/2015","00:17","99.2","2","1.74","410.3","2","1.67","1023.7","10.6","112.83","-999.000","-999.000","99.4","410.9","-999.0","-999.0","-999.0","-999.0","-999.0","-999.0"
"TWANOH_123W_47N","47.375","-123.008","03/08/2015","03:17","82.2","2","2.05","421.6","2","1.97","1023.6","11.8","114.41","-999.000","-999.000","82.4","422.4","-999.0","-999.0","-999.0","-999.0","-999.0","-999.0"
"TWANOH_123W_47N","47.375","-123.008","03/08/2015","06:17","101.5","2","1.43","420.2","2","1.37","1024.5","10.2","113.81","-999.000","-999.000","101.7","420.7","-999.0","-999.0","-999.0","-999.0","-999.0","-999.0"
"TWANOH_123W_47N","47.375","-123.008","03/08/2015","09:17","114.5","2","1.62","424.1","2","1.57","1024.6","9.0","112.67","-999.000","-999.000","114.7","424.7","-999.0","-999.0","-999.0","-999.0","-999.0","-999.0"
"TWANOH_123W_47N","47.375","-123.008","03/08/2015","12:17","93.8","2","1.58","430.5","2","1.55","1024.0","8.3","113.33","-999.000","-999.000","93.9","431.2","-999.0","-999.0","-999.0","-999.0","-999.0","-999.0"
"TWANOH_123W_47N","47.375","-123.008","03/08/2015","15:17","81.2","2","1.50","434.6","2","1.49","1024.0","7.9","114.54","-999.000","-999.000","81.3","435.3","-999.0","-999.0","-999.0","-999.0","-999.0","-999.0"
"TWANOH_123W_47N","47.375","-123.008","03/08/2015","18:17","98.2","2","1.89","432.1","2","1.88","1023.7","7.8","114.07","-999.000","-999.000","98.4","432.9","-999.0","-999.0","-999.0","-999.0","-999.0","-999.0"
"TWANOH_123W_47N","47.375","-123.008","03/08/2015","21:17","111.6","2","1.79","412.2","2","1.75","1022.1","8.6","113.42","-999.000","-999.000","111.8","412.9","-999.0","-999.0","-999.0","-999.0","-999.0","-999.0"
"TWANOH_123W_47N","47.375","-123.008","03/09/2015","00:17","120.2","2","1.82","419.4","2","1.74","1019.4","11.2","112.90","-999.000","-999.000","120.4","420.1","-999.0","-999.0","-999.0","-999.0","-999.0","-999.0"
"TWANOH_123W_47N","47.375","-123.008","03/09/2015","03:17","93.0","2","2.08","421.5","2","2.00","1019.0","12.2","114.15","-999.000","-999.000","93.2","422.3","-999.0","-999.0","-999.0","-999.0","-999.0","-999.0"
"TWANOH_123W_47N","47.375","-123.008","03/09/2015","06:17","107.6","2","1.53","423.2","2","1.47","1019.4","10.8","113.62","-999.000","-999.000","107.8","423.9","-999.0","-999.0","-999.0","-999.0","-999.0","-999.0"
"TWANOH_123W_47N","47.375","-123.008","03/09/2015","09:17","110.6","2","1.72","432.6","2","1.68","1019.4","9.9","113.13","-999.000","-999.000","110.8","433.3","-999.0","-999.0","-999.0","-999.0","-999.0","-999.0"
"TWANOH_123W_47N","47.375","-123.008","03/09/2015","12:17","113.1","2","1.71","435.3","2","1.69","1019.3","9.4","112.77","-999.000","-999.000","113.2","436.0","-999.0","-999.0","-999.0","-999.0","-999.0","-999.0"
"TWANOH_123W_47N","47.375","-123.008","03/09/2015","15:17","98.8","2","1.59","427.0","2","1.59","1019.6","9.0","113.73","-999.000","-999.000","99.0","427.7","-999.0","-999.0","-999.0","-999.0","-999.0","-999.0"
"TWANOH_123W_47N","47.375","-123.008","03/09/2015","18:17","119.0","2","1.80","414.4","2","1.80","1020.5","8.7","112.52","-999.000","-999.000","119.2","415.1","-999.0","-999.0","-999.0","-999.0","-999.0","-999.0"
"TWANOH_123W_47N","47.375","-123.008","03/09/2015","21:17","132.3","2","2.00","404.2","2","1.95","1019.3","9.6","111.72","-999.000","-999.000","132.5","405.0","-999.0","-999.0","-999.0","-999.0","-999.0","-999.0"
"TWANOH_123W_47N","47.375","-123.008","03/10/2015","00:17","139.6","2","1.98","401.4","2","1.90","1018.2","12.0","110.96","-999.000","-999.000","139.9","402.1","-999.0","-999.0","-999.0","-999.0","-999.0","-999.0"
"TWANOH_123W_47N","47.375","-123.008","03/10/2015","03:17","105.2","2","1.95","406.7","2","1.81","1017.0","12.3","111.92","-999.000","-999.000","105.4","407.4","-999.0","-999.0","-999.0","-999.0","-999.0","-999.0"
"TWANOH_123W_47N","47.375","-123.008","03/10/2015","06:17","112.9","2","1.92","411.7","2","1.80","1017.1","10.7","111.54","-999.000","-999.000","113.1","412.4","-999.0","-999.0","-999.0","-999.0","-999.0","-999.0"
"TWANOH_123W_47N","47.375","-123.008","03/10/2015","09:17","126.2","2","1.74","421.0","2","1.69","1016.2","9.8","110.71","-999.000","-999.000","126.4","421.7","-999.0","-999.0","-999.0","-999.0","-999.0","-999.0"
"TWANOH_123W_47N","47.375","-123.008","03/10/2015","12:17","116.2","2","1.70","417.9","2","1.67","1014.4","9.2","110.36","-999.000","-999.000","116.4","418.6","-999.0","-999.0","-999.0","-999.0","-999.0","-999.0"
"TWANOH_123W_47N","47.375","-123.008","03/10/2015","15:17","101.9","2","1.76","417.8","2","1.74","1013.7","9.0","110.64","-999.000","-999.000","102.0","418.5","-999.0","-999.0","-999.0","-999.0","-999.0","-999.0"
"TWANOH_123W_47N","47.375","-123.008","03/10/2015","18:17","113.3","2","1.90","414.4","2","1.87","1012.0","9.2","110.15","-999.000","-999.000","113.5","415.2","-999.0","-999.0","-999.0","-999.0","-999.0","-999.0"
"TWANOH_123W_47N","47.375","-123.008","03/10/2015","21:17","148.9","2","2.12","408.4","2","2.06","1009.1","10.5","109.09","-999.000","-999.000","149.2","409.3","-999.0","-999.0","-999.0","-999.0","-999.0","-999.0"
"TWANOH_123W_47N","47.375","-123.008","03/11/2015","00:17","128.6","2","2.08","404.9","2","1.99","1008.3","12.0","109.08","-999.000","-999.000","128.9","405.7","-999.0","-999.0","-999.0","-999.0","-999.0","-999.0"
"TWANOH_123W_47N","47.375","-123.008","03/11/2015","03:17","116.3","2","2.11","410.3","2","2.01","1009.2","12.1","109.59","-999.000","-999.000","116.5","411.1","-999.0","-999.0","-999.0","-999.0","-999.0","-999.0"
"TWANOH_123W_47N","47.375","-123.008","03/11/2015","06:17","129.3","2","2.19","408.9","2","2.07","1012.2","12.1","109.96","-999.000","-999.000","129.6","409.8","-999.0","-999.0","-999.0","-999.0","-999.0","-999.0"
"TWANOH_123W_47N","47.375","-123.008","03/11/2015","09:17","140.4","2","2.22","425.0","2","2.13","1011.4","11.8","109.44","-999.000","-999.000","140.7","425.9","-999.0","-999.0","-999.0","-999.0","-999.0","-999.0"
"TWANOH_123W_47N","47.375","-123.008","03/11/2015","12:17","147.6","2","2.20","420.8","2","2.13","1011.8","11.5","108.92","-999.000","-999.000","147.9","421.7","-999.0","-999.0","-999.0","-999.0","-999.0","-999.0"
"TWANOH_123W_47N","47.375","-123.008","03/11/2015","15:17","131.2","2","2.19","433.7","2","2.13","1012.6","11.4","108.65","-999.000","-999.000","131.5","434.7","-999.0","-999.0","-999.0","-999.0","-999.0","-999.0"
"TWANOH_123W_47N","47.375","-123.008","03/11/2015","18:17","137.9","2","2.24","422.6","2","2.19","1013.8","11.4","108.61","-999.000","-999.000","138.2","423.5","-999.0","-999.0","-999.0","-999.0","-999.0","-999.0"
"TWANOH_123W_47N","47.375","-123.008","03/11/2015","21:17","171.1","2","2.34","422.5","2","2.28","1014.7","11.7","107.93","-999.000","-999.000","171.5","423.5","-999.0","-999.0","-999.0","-999.0","-999.0","-999.0"
"TWANOH_123W_47N","47.375","-123.008","03/12/2015","00:17","169.1","2","2.31","415.8","2","2.26","1015.5","11.8","107.37","-999.000","-999.000","169.5","416.7","-999.0","-999.0","-999.0","-999.0","-999.0","-999.0"
"TWANOH_123W_47N","47.375","-123.008","03/12/2015","03:17","137.7","2","2.32","413.8","2","2.26","1016.6","11.9","107.46","-999.000","-999.000","138.0","414.8","-999.0","-999.0","-999.0","-999.0","-999.0","-999.0"
"TWANOH_123W_47N","47.375","-123.008","03/12/2015","06:17","132.6","2","2.36","412.0","2","2.30","1019.6","12.0","107.41","-999.000","-999.000","132.9","413.0","-999.0","-999.0","-999.0","-999.0","-999.0","-999.0"
"TWANOH_123W_47N","47.375","-123.008","03/12/2015","09:17","198.3","2","2.38","412.5","2","2.32","1022.4","12.1","106.70","-999.000","-999.000","198.8","413.4","-999.0","-999.0","-999.0","-999.0","-999.0","-999.0"
"TWANOH_123W_47N","47.375","-123.008","03/12/2015","12:17","172.9","2","2.34","414.7","2","2.29","1024.6","12.0","106.27","-999.000","-999.000","173.3","415.6","-999.0","-999.0","-999.0","-999.0","-999.0","-999.0"
"TWANOH_123W_47N","47.375","-123.008","03/12/2015","15:17","141.9","2","2.37","413.2","2","2.32","1026.8","12.0","106.16","-999.000","-999.000","142.2","414.1","-999.0","-999.0","-999.0","-999.0","-999.0","-999.0"
"TWANOH_123W_47N","47.375","-123.008","03/12/2015","18:17","140.9","2","2.53","408.8","2","2.44","1029.2","12.1","106.18","-999.000","-999.000","141.2","409.8","-999.0","-999.0","-999.0","-999.0","-999.0","-999.0"
"TWANOH_123W_47N","47.375","-123.008","03/12/2015","21:17","216.2","2","2.50","405.7","2","2.42","1029.3","12.7","105.40","-999.000","-999.000","216.8","406.7","-999.0","-999.0","-999.0","-999.0","-999.0","-999.0"
"TWANOH_123W_47N","47.375","-123.008","03/13/2015","00:17","267.5","2","2.31","406.5","2","2.20","1027.9","14.2","104.61","-999.000","-999.000","268.2","407.4","-999.0","-999.0","-999.0","-999.0","-999.0","-999.0"
"TWANOH_123W_47N","47.375","-123.008","03/13/2015","03:17","195.2","2","2.37","421.0","2","2.14","1027.2","14.1","104.36","-999.000","-999.000","195.7","421.9","-999.0","-999.0","-999.0","-999.0","-999.0","-999.0"
"TWANOH_123W_47N","47.375","-123.008","03/13/2015","06:17","170.3","2","2.00","424.8","2","1.94","1027.3","12.5","104.35","-999.000","-999.000","170.7","425.7","-999.0","-999.0","-999.0","-999.0","-999.0","-999.0"
"TWANOH_123W_47N","47.375","-123.008","03/13/2015","09:17","168.6","2","2.08","424.4","2","2.02","1025.2","11.8","104.28","-999.000","-999.000","168.9","425.3","-999.0","-999.0","-999.0","-999.0","-999.0","-999.0"
"TWANOH_123W_47N","47.375","-123.008","03/13/2015","12:17","168.0","2","2.10","433.3","2","2.04","1023.0","11.3","104.20","-999.000","-999.000","168.3","434.2","-999.0","-999.0","-999.0","-999.0","-999.0","-999.0"
"TWANOH_123W_47N","47.375","-123.008","03/13/2015","15:17","163.5","2","2.09","424.5","2","2.04","1021.2","10.9","104.25","-999.000","-999.000","163.9","425.4","-999.0","-999.0","-999.0","-999.0","-999.0","-999.0"
"TWANOH_123W_47N","47.375","-123.008","03/13/2015","18:17","161.8","2","2.42","425.1","2","2.37","1019.6","11.1","104.12","-999.000","-999.000","162.2","426.2","-999.0","-999.0","-999.0","-999.0","-999.0","-999.0"
"TWANOH_123W_47N","47.375","-123.008","03/13/2015","21:17","194.0","2","2.47","411.5","2","2.41","1016.9","12.0","103.81","-999.000","-999.000","194.5","412.4","-999.0","-999.0","-999.0","-999.0","-999.0","-999.0"
"TWANOH_123W_47N","47.375","-123.008","03/14/2015","00:17","237.5","2","2.45","404.0","2","2.37","1014.6","13.1","103.30","-999.000","-999.000","238.1","405.0","-999.0","-999.0","-999.0","-999.0","-999.0","-999.0"
"TWANOH_123W_47N","47.375","-123.008","03/14/2015","03:17","204.1","2","2.40","408.5","2","2.27","1013.8","13.3","103.24","-999.000","-999.000","204.6","409.4","-999.0","-999.0","-999.0","-999.0","-999.0","-999.0"
"TWANOH_123W_47N","47.375","-123.008","03/14/2015","06:17","193.2","2","2.38","413.6","2","2.30","1013.7","13.4","103.40","-999.000","-999.000","193.6","414.6","-999.0","-999.0","-999.0","-999.0","-999.0","-999.0"
"TWANOH_123W_47N","47.375","-123.008","03/14/2015","09:17","177.1","2","2.31","412.1","2","2.26","1012.2","12.8","103.45","-999.000","-999.000","177.5","413.0","-999.0","-999.0","-999.0","-999.0","-999.0","-999.0"
"TWANOH_123W_47N","47.375","-123.008","03/14/2015","12:17","236.0","2","2.31","414.6","2","2.26","1008.8","12.3","103.31","-999.000","-999.000","236.6","415.6","-999.0","-999.0","-999.0","-999.0","-999.0","-999.0"
"TWANOH_123W_47N","47.375","-123.008","03/14/2015","15:17","249.2","2","2.33","415.3","2","2.29","1007.8","12.1","103.21","-999.000","-999.000","249.8","416.3","-999.0","-999.0","-999.0","-999.0","-999.0","-999.0"
"TWANOH_123W_47N","47.375","-123.008","03/14/2015","18:17","257.2","2","2.57","408.2","2","2.50","1009.5","12.3","103.00","-999.000","-999.000","257.9","409.2","-999.0","-999.0","-999.0","-999.0","-999.0","-999.0"
"TWANOH_123W_47N","47.375","-123.008","03/14/2015","21:17","308.2","2","2.73","404.7","2","2.61","1011.9","12.8","103.32","-999.000","-999.000","309.1","405.8","-999.0","-999.0","-999.0","-999.0","-999.0","-999.0"
"TWANOH_123W_47N","47.375","-123.008","03/15/2015","00:17","353.8","2","2.81","404.2","2","2.65","1012.6","13.3","103.08","-999.000","-999.000","354.8","405.3","-999.0","-999.0","-999.0","-999.0","-999.0","-999.0"
"TWANOH_123W_47N","47.375","-123.008","03/15/2015","03:17","381.8","2","2.41","412.9","2","2.28","1014.2","13.0","102.41","-999.000","-999.000","382.8","413.9","-999.0","-999.0","-999.0","-999.0","-999.0","-999.0"
"TWANOH_123W_47N","47.375","-123.008","03/15/2015","06:17","276.1","2","2.36","415.8","2","2.23","1014.1","12.5","102.26","-999.000","-999.000","276.8","416.8","-999.0","-999.0","-999.0","-999.0","-999.0","-999.0"
"TWANOH_123W_47N","47.375","-123.008","03/15/2015","09:17","219.6","2","2.21","416.4","2","2.13","1012.2","12.0","102.43","-999.000","-999.000","220.1","417.3","-999.0","-999.0","-999.0","-999.0","-999.0","-999.0"
"TWANOH_123W_47N","47.375","-123.008","03/15/2015","12:17","206.9","2","2.15","418.8","2","2.09","1009.4","11.5","102.21","-999.000","-999.000","207.3","419.7","-999.0","-999.0","-999.0","-999.0","-999.0","-999.0"
"TWANOH_123W_47N","47.375","-123.008","03/15/2015","15:17","216.2","2","2.08","412.0","2","2.03","1008.3","11.1","101.99","-999.000","-999.000","216.6","412.8","-999.0","-999.0","-999.0","-999.0","-999.0","-999.0"
"TWANOH_123W_47N","47.375","-123.008","03/15/2015","18:17","205.6","2","2.03","410.5","2","2.00","1006.7","10.8","101.98","-999.000","-999.000","206.0","411.3","-999.0","-999.0","-999.0","-999.0","-999.0","-999.0"
"TWANOH_123W_47N","47.375","-123.008","03/15/2015","21:17","201.6","2","1.96","411.3","2","1.93","1004.3","10.4","101.81","-999.000","-999.000","202.0","412.1","-999.0","-999.0","-999.0","-999.0","-999.0","-999.0"
"TWANOH_123W_47N","47.375","-123.008","03/16/2015","00:17","197.3","2","2.02","412.3","2","2.00","1004.0","10.3","101.72","-999.000","-999.000","197.7","413.2","-999.0","-999.0","-999.0","-999.0","-999.0","-999.0"
"TWANOH_123W_47N","47.375","-123.008","03/16/2015","03:17","219.9","2","2.06","412.1","2","2.03","1010.8","10.4","101.45","-999.000","-999.000","220.4","412.9","-999.0","-999.0","-999.0","-999.0","-999.0","-999.0"
"TWANOH_123W_47N","47.375","-123.008","03/16/2015","06:17","294.8","2","1.91","415.6","2","1.89","1018.5","10.2","100.90","-999.000","-999.000","295.4","416.4","-999.0","-999.0","-999.0","-999.0","-999.0","-999.0"
"TWANOH_123W_47N","47.375","-123.008","03/16/2015","09:17","349.3","2","1.92","416.1","2","1.89","1021.8","10.0","100.23","-999.000","-999.000","349.9","416.8","-999.0","-999.0","-999.0","-999.0","-999.0","-999.0"
"TWANOH_123W_47N","47.375","-123.008","03/16/2015","12:17","341.6","2","1.93","416.4","2","1.90","1022.9","9.8","99.74","-999.000","-999.000","342.3","417.2","-999.0","-999.0","-999.0","-999.0","-999.0","-999.0"
"TWANOH_123W_47N","47.375","-123.008","03/16/2015","15:17","361.4","2","1.89","420.4","2","1.87","1024.5","9.5","99.24","-999.000","-999.000","362.1","421.2","-999.0","-999.0","-999.0","-999.0","-999.0","-999.0"
"TWANOH_123W_47N","47.375","-123.008","03/16/2015","18:17","345.3","2","2.21","412.2","2","2.17","1023.9","9.8","99.21","-999.000","-999.000","346.1","413.1","-999.0","-999.0","-999.0","-999.0","-999.0","-999.0"
"TWANOH_123W_47N","47.375","-123.008","03/16/2015","21:17","320.3","2","2.20","407.0","2","2.14","1022.0","11.2","99.50","-999.000","-999.000","321.0","407.9","-999.0","-999.0","-999.0","-999.0","-999.0","-999.0"
"TWANOH_123W_47N","47.375","-123.008","03/17/2015","00:17","339.7","2","2.07","405.8","2","1.97","1019.6","13.5","99.77","-999.000","-999.000","340.4","406.6","-999.0","-999.0","-999.0","-999.0","-999.0","-999.0"
"TWANOH_123W_47N","47.375","-123.008","03/17/2015","03:17","307.3","2","2.05","412.8","2","1.89","1018.9","13.5","99.85","-999.000","-999.000","307.9","413.6","-999.0","-999.0","-999.0","-999.0","-999.0","-999.0"
"TWANOH_123W_47N","47.375","-123.008","03/17/2015","06:17","279.0","2","2.06","418.4","2","1.98","1018.5","11.7","100.00","-999.000","-999.000","279.6","419.2","-999.0","-999.0","-999.0","-999.0","-999.0","-999.0"
"TWANOH_123W_47N","47.375","-123.008","03/17/2015","09:17","258.8","2","1.88","423.7","2","1.83","1017.3","10.6","100.40","-999.000","-999.000","259.3","424.5","-999.0","-999.0","-999.0","-999.0","-999.0","-999.0"
"TWANOH_123W_47N","47.375","-123.008","03/17/2015","12:17","255.5","2","1.76","428.8","2","1.73","1016.9","9.7","100.84","-999.000","-999.000","256.0","429.6","-999.0","-999.0","-999.0","-999.0","-999.0","-999.0"
"TWANOH_123W_47N","47.375","-123.008","03/17/2015","15:17","271.4","2","1.82","437.7","2","1.80","1017.7","9.2","101.03","-999.000","-999.000","271.9","438.5","-999.0","-999.0","-999.0","-999.0","-999.0","-999.0"
"TWANOH_123W_47N","47.375","-123.008","03/17/2015","18:17","287.1","2","2.15","425.2","2","2.11","1018.5","9.5","101.19","-999.000","-999.000","287.7","426.1","-999.0","-999.0","-999.0","-999.0","-999.0","-999.0"
"TWANOH_123W_47N","47.375","-123.008","03/17/2015","21:17","257.3","2","2.25","407.6","2","2.20","1018.6","10.9","101.65","-999.000","-999.000","257.9","408.5","-999.0","-999.0","-999.0","-999.0","-999.0","-999.0"
"TWANOH_123W_47N","47.375","-123.008","03/18/2015","00:17","246.1","2","2.28","405.3","2","2.21","1019.0","11.9","102.31","-999.000","-999.000","246.7","406.2","-999.0","-999.0","-999.0","-999.0","-999.0","-999.0"
"TWANOH_123W_47N","47.375","-123.008","03/18/2015","03:17","262.5","2","2.03","408.7","2","1.88","1020.2","12.3","102.60","-999.000","-999.000","263.0","409.4","-999.0","-999.0","-999.0","-999.0","-999.0","-999.0"
"TWANOH_123W_47N","47.375","-123.008","03/18/2015","06:17","319.3","2","2.25","410.4","2","2.11","1022.2","11.8","102.33","-999.000","-999.000","320.0","411.3","-999.0","-999.0","-999.0","-999.0","-999.0","-999.0"
"TWANOH_123W_47N","47.375","-123.008","03/18/2015","09:17","286.8","2","2.03","420.6","2","1.94","1023.6","11.2","102.19","-999.000","-999.000","287.4","421.4","-999.0","-999.0","-999.0","-999.0","-999.0","-999.0"
"TWANOH_123W_47N","47.375","-123.008","03/18/2015","12:17","299.8","2","1.89","427.0","2","1.82","1023.8","10.3","101.96","-999.000","-999.000","300.4","427.8","-999.0","-999.0","-999.0","-999.0","-999.0","-999.0"
"TWANOH_123W_47N","47.375","-123.008","03/18/2015","15:17","298.3","2","1.89","441.9","2","1.85","1025.5","9.7","101.63","-999.000","-999.000","298.9","442.7","-999.0","-999.0","-999.0","-999.0","-999.0","-999.0"
"TWANOH_123W_47N","47.375","-123.008","03/18/2015","18:17","294.1","2","2.23","433.8","2","2.18","1025.9","10.2","101.53","-999.000","-999.000","294.7","434.8","-999.0","-999.0","-999.0","-999.0","-999.0","-999.0"
"TWANOH_123W_47N","47.375","-123.008","03/18/2015","21:17","241.8","2","2.24","409.6","2","2.17","1024.2","11.5","102.10","-999.000","-999.000","242.4","410.5","-999.0","-999.0","-999.0","-999.0","-999.0","-999.0"
"TWANOH_123W_47N","47.375","-123.008","03/19/2015","00:17","244.0","2","2.10","408.3","2","1.99","1022.9","13.8","102.61","-999.000","-999.000","244.5","409.1","-999.0","-999.0","-999.0","-999.0","-999.0","-999.0"
"TWANOH_123W_47N","47.375","-123.008","03/19/2015","03:17","247.7","2","2.48","418.7","2","2.35","1022.4","14.5","102.66","-999.000","-999.000","248.3","419.7","-999.0","-999.0","-999.0","-999.0","-999.0","-999.0"
"TWANOH_123W_47N","47.375","-123.008","03/19/2015","06:17","252.8","2","1.90","421.7","2","1.78","1022.6","12.5","102.63","-999.000","-999.000","253.3","422.4","-999.0","-999.0","-999.0","-999.0","-999.0","-999.0"
"TWANOH_123W_47N","47.375","-123.008","03/19/2015","09:17","244.8","2","1.92","433.9","2","1.86","1021.5","11.3","102.87","-999.000","-999.000","245.3","434.7","-999.0","-999.0","-999.0","-999.0","-999.0","-999.0"
"TWANOH_123W_47N","47.375","-123.008","03/19/2015","12:17","229.1","2","1.93","443.0","2","1.89","1020.3","10.6","102.82","-999.000","-999.000","229.5","443.8","-999.0","-999.0","-999.0","-999.0","-999.0","-999.0"
"TWANOH_123W_47N","47.375","-123.008","03/19/2015","15:17","232.0","2","1.95","444.7","2","1.90","1019.7","10.2","102.69","-999.000","-999.000","232.4","445.5","-999.0","-999.0","-999.0","-999.0","-999.0","-999.0"
"TWANOH_123W_47N","47.375","-123.008","03/19/2015","18:17","268.9","2","2.28","430.9","2","2.22","1018.9","10.5","102.40","-999.000","-999.000","269.5","431.9","-999.0","-999.0","-999.0","-999.0","-999.0","-999.0"
"TWANOH_123W_47N","47.375","-123.008","03/19/2015","21:17","236.6","2","2.34","407.1","2","2.27","1018.0","12.2","102.64","-999.000","-999.000","237.1","408.0","-999.0","-999.0","-999.0","-999.0","-999.0","-999.0"
"TWANOH_123W_47N","47.375","-123.008","03/20/2015","00:17","229.5","2","2.13","412.0","2","2.00","1017.4","12.9","103.05","-999.000","-999.000","230.0","412.8","-999.0","-999.0","-999.0","-999.0","-999.0","-999.0"
"TWANOH_123W_47N","47.375","-123.008","03/20/2015","03:17","230.2","2","2.36","411.4","2","2.23","1016.4","12.8","103.34","-999.000","-999.000","230.7","412.3","-999.0","-999.0","-999.0","-999.0","-999.0","-999.0"
"TWANOH_123W_47N","47.375","-123.008","03/20/2015","06:17","274.7","2","2.31","420.1","2","2.23","1016.2","12.4","103.28","-999.000","-999.000","275.4","421.0","-999.0","-999.0","-999.0","-999.0","-999.0","-999.0"
"TWANOH_123W_47N","47.375","-123.008","03/20/2015","09:17","284.7","2","2.27","420.6","2","2.20","1014.9","12.0","103.10","-999.000","-999.000","285.4","421.5","-999.0","-999.0","-999.0","-999.0","-999.0","-999.0"
"TWANOH_123W_47N","47.375","-123.008","03/20/2015","12:17","243.7","2","2.14","429.5","2","2.09","1014.0","11.5","103.04","-999.000","-999.000","244.2","430.4","-999.0","-999.0","-999.0","-999.0","-999.0","-999.0"
"TWANOH_123W_47N","47.375","-123.008","03/20/2015","15:17","254.2","2","2.20","436.7","2","2.15","1013.1","11.1","103.00","-999.000","-999.000","254.7","437.7","-999.0","-999.0","-999.0","-999.0","-999.0","-999.0"
"TWANOH_123W_47N","47.375","-123.008","03/20/2015","18:17","270.9","2","2.38","433.6","2","2.32","1012.7","11.3","102.81","-999.000","-999.000","271.6","434.6","-999.0","-999.0","-999.0","-999.0","-999.0","-999.0"
"TWANOH_123W_47N","47.375","-123.008","03/20/2015","21:17","275.6","2","2.32","417.4","2","2.27","1012.2","11.8","102.79","-999.000","-999.000","276.3","418.3","-999.0","-999.0","-999.0","-999.0","-999.0","-999.0"
"TWANOH_123W_47N","47.375","-123.008","03/21/2015","00:17","222.4","2","2.29","413.4","2","2.24","1011.2","11.8","102.70","-999.000","-999.000","222.9","414.3","-999.0","-999.0","-999.0","-999.0","-999.0","-999.0"
"TWANOH_123W_47N","47.375","-123.008","03/21/2015","03:17","220.3","2","2.27","419.9","2","2.23","1011.2","11.7","102.88","-999.000","-999.000","220.8","420.8","-999.0","-999.0","-999.0","-999.0","-999.0","-999.0"
"TWANOH_123W_47N","47.375","-123.008","03/21/2015","06:17","260.7","2","2.35","417.7","2","2.29","1010.8","11.7","102.80","-999.000","-999.000","261.3","418.7","-999.0","-999.0","-999.0","-999.0","-999.0","-999.0"
"TWANOH_123W_47N","47.375","-123.008","03/21/2015","09:17","300.3","2","2.40","417.4","2","2.33","1011.6","11.9","102.49","-999.000","-999.000","301.0","418.4","-999.0","-999.0","-999.0","-999.0","-999.0","-999.0"
"TWANOH_123W_47N","47.375","-123.008","03/21/2015","12:17","406.4","2","2.32","412.1","2","2.26","1012.1","11.9","101.62","-999.000","-999.000","407.4","413.1","-999.0","-999.0","-999.0","-999.0","-999.0","-999.0"
"TWANOH_123W_47N","47.375","-123.008","03/21/2015","15:17","624.4","2","2.25","411.8","2","2.19","1014.2","11.6","99.91","-999.000","-999.000","625.8","412.7","-999.0","-999.0","-999.0","-999.0","-999.0","-999.0"
"TWANOH_123W_47N","47.375","-123.008","03/21/2015","18:17","645.4","2","2.40","409.1","2","2.34","1017.4","11.5","98.85","-999.000","-999.000","647.0","410.0","-999.0","-999.0","-999.0","-999.0","-999.0","-999.0"
"TWANOH_123W_47N","47.375","-123.008","03/21/2015","21:17","720.9","2","2.51","407.4","2","2.37","1018.5","11.7","97.69","-999.000","-999.000","722.7","408.4","-999.0","-999.0","-999.0","-999.0","-999.0","-999.0"
"TWANOH_123W_47N","47.375","-123.008","03/22/2015","00:17","598.1","2","2.52","407.1","2","2.45","1018.3","12.3","97.34","-999.000","-999.000","599.6","408.1","-999.0","-999.0","-999.0","-999.0","-999.0","-999.0"
"TWANOH_123W_47N","47.375","-123.008","03/22/2015","03:17","683.9","2","2.26","414.2","2","2.10","1018.5","12.7","96.62","-999.000","-999.000","685.4","415.1","-999.0","-999.0","-999.0","-999.0","-999.0","-999.0"
"TWANOH_123W_47N","47.375","-123.008","03/22/2015","06:17","623.4","2","1.87","418.6","2","1.77","1019.0","11.4","96.42","-999.000","-999.000","624.5","419.4","-999.0","-999.0","-999.0","-999.0","-999.0","-999.0"
"TWANOH_123W_47N","47.375","-123.008","03/22/2015","09:17","383.1","2","1.84","430.3","2","1.78","1017.7","10.4","97.06","-999.000","-999.000","383.8","431.1","-999.0","-999.0","-999.0","-999.0","-999.0","-999.0"
"TWANOH_123W_47N","47.375","-123.008","03/22/2015","12:17","311.7","2","1.69","428.6","2","1.64","1015.9","9.9","97.83","-999.000","-999.000","312.2","429.3","-999.0","-999.0","-999.0","-999.0","-999.0","-999.0"
"TWANOH_123W_47N","47.375","-123.008","03/22/2015","15:17","298.9","2","1.80","429.9","2","1.75","1015.1","9.3","98.48","-999.000","-999.000","299.5","430.7","-999.0","-999.0","-999.0","-999.0","-999.0","-999.0"
"TWANOH_123W_47N","47.375","-123.008","03/22/2015","18:17","320.5","2","2.13","422.5","2","2.06","1015.3","9.8","98.80","-999.000","-999.000","321.2","423.3","-999.0","-999.0","-999.0","-999.0","-999.0","-999.0"
"TWANOH_123W_47N","47.375","-123.008","03/22/2015","21:17","333.6","2","2.33","414.6","2","2.24","1014.9","10.8","99.12","-999.000","-999.000","334.4","415.5","-999.0","-999.0","-999.0","-999.0","-999.0","-999.0"
"TWANOH_123W_47N","47.375","-123.008","03/23/2015","00:17","300.5","2","2.31","407.4","2","2.21","1013.6","11.3","99.66","-999.000","-999.000","301.2","408.3","-999.0","-999.0","-999.0","-999.0","-999.0","-999.0"
"TWANOH_123W_47N","47.375","-123.008","03/23/2015","03:17","269.4","2","2.19","413.6","2","2.08","1014.2","11.3","100.26","-999.000","-999.000","269.9","414.4","-999.0","-999.0","-999.0","-999.0","-999.0","-999.0"
"TWANOH_123W_47N","47.375","-123.008","03/23/2015","06:17","289.6","2","2.00","417.1","2","1.92","1014.5","10.4","100.39","-999.000","-999.000","290.2","417.9","-999.0","-999.0","-999.0","-999.0","-999.0","-999.0"
"TWANOH_123W_47N","47.375","-123.008","03/23/2015","09:17","304.7","2","1.85","424.0","2","1.78","1014.5","9.6","100.43","-999.000","-999.000","305.2","424.8","-999.0","-999.0","-999.0","-999.0","-999.0","-999.0"
"TWANOH_123W_47N","47.375","-123.008","03/23/2015","12:17","300.5","2","1.83","429.3","2","1.80","1013.0","9.2","100.51","-999.000","-999.000","301.0","430.1","-999.0","-999.0","-999.0","-999.0","-999.0","-999.0"
"TWANOH_123W_47N","47.375","-123.008","03/23/2015","15:17","279.6","2","1.82","436.0","2","1.79","1012.7","9.1","100.59","-999.000","-999.000","280.1","436.8","-999.0","-999.0","-999.0","-999.0","-999.0","-999.0"
"TWANOH_123W_47N","47.375","-123.008","03/23/2015","18:17","299.1","2","1.99","426.4","2","1.97","1014.5","9.2","100.62","-999.000","-999.000","299.7","427.3","-999.0","-999.0","-999.0","-999.0","-999.0","-999.0"
"TWANOH_123W_47N","47.375","-123.008","03/23/2015","21:17","298.3","2","2.07","412.6","2","2.04","1014.7","9.8","100.64","-999.000","-999.000","298.9","413.4","-999.0","-999.0","-999.0","-999.0","-999.0","-999.0"
"TWANOH_123W_47N","47.375","-123.008","03/24/2015","00:17","346.6","2","2.19","409.5","2","2.13","1014.1","10.3","101.01","-999.000","-999.000","347.4","410.4","-999.0","-999.0","-999.0","-999.0","-999.0","-999.0"
"TWANOH_123W_47N","47.375","-123.008","03/24/2015","03:17","414.3","2","2.04","413.2","2","1.98","1013.3","10.3","100.57","-999.000","-999.000","415.1","414.1","-999.0","-999.0","-999.0","-999.0","-999.0","-999.0"
"TWANOH_123W_47N","47.375","-123.008","03/24/2015","06:17","405.3","2","1.94","417.4","2","1.89","1012.5","10.0","100.29","-999.000","-999.000","406.1","418.2","-999.0","-999.0","-999.0","-999.0","-999.0","-999.0"
"TWANOH_123W_47N","47.375","-123.008","03/24/2015","09:17","417.1","2","1.90","420.9","2","1.86","1013.3","9.6","99.92","-999.000","-999.000","417.9","421.7","-999.0","-999.0","-999.0","-999.0","-999.0","-999.0"
"TWANOH_123W_47N","47.375","-123.008","03/24/2015","12:17","422.2","2","1.84","422.0","2","1.80","1015.8","9.4","99.57","-999.000","-999.000","422.9","422.8","-999.0","-999.0","-999.0","-999.0","-999.0","-999.0"
"TWANOH_123W_47N","47.375","-123.008","03/24/2015","15:17","402.8","2","1.83","421.6","2","1.81","1018.9","8.6","99.50","-999.000","-999.000","403.5","422.3","-999.0","-999.0","-999.0","-999.0","-999.0","-999.0"
"TWANOH_123W_47N","47.375","-123.008","03/24/2015","18:17","325.5","2","2.02","410.3","2","1.98","1020.5","8.9","100.39","-999.000","-999.000","326.1","411.1","-999.0","-999.0","-999.0","-999.0","-999.0","-999.0"
"TWANOH_123W_47N","47.375","-123.008","03/24/2015","21:17","381.2","2","2.07","408.8","2","2.02","1021.4","10.1","100.76","-999.000","-999.000","382.0","409.6","-999.0","-999.0","-999.0","-999.0","-999.0","-999.0"
"TWANOH_123W_47N","47.375","-123.008","03/25/2015","00:17","436.9","2","2.25","407.9","2","2.18","1022.2","11.1","100.36","-999.000","-999.000","437.9","408.8","-999.0","-999.0","-999.0","-999.0","-999.0","-999.0"
"TWANOH_123W_47N","47.375","-123.008","03/25/2015","03:17","483.8","2","2.34","410.3","2","2.21","1023.2","11.2","99.85","-999.000","-999.000","484.9","411.2","-999.0","-999.0","-999.0","-999.0","-999.0","-999.0"
"TWANOH_123W_47N","47.375","-123.008","03/25/2015","06:17","475.5","2","2.37","417.4","2","2.17","1023.7","11.0","99.73","-999.000","-999.000","476.7","418.3","-999.0","-999.0","-999.0","-999.0","-999.0","-999.0"
"TWANOH_123W_47N","47.375","-123.008","03/25/2015","09:17","427.2","2","1.89","420.6","2","1.82","1022.9","10.4","99.52","-999.000","-999.000","428.0","421.4","-999.0","-999.0","-999.0","-999.0","-999.0","-999.0"
"TWANOH_123W_47N","47.375","-123.008","03/25/2015","12:17","297.3","2","1.91","420.7","2","1.86","1022.4","10.1","99.87","-999.000","-999.000","297.8","421.5","-999.0","-999.0","-999.0","-999.0","-999.0","-999.0"
"TWANOH_123W_47N","47.375","-123.008","03/25/2015","15:17","261.3","2","1.97","417.4","2","1.93","1022.0","10.1","100.36","-999.000","-999.000","261.9","418.2","-999.0","-999.0","-999.0","-999.0","-999.0","-999.0"
"TWANOH_123W_47N","47.375","-123.008","03/25/2015","18:17","268.3","2","2.10","416.6","2","2.05","1022.3","10.3","100.66","-999.000","-999.000","268.9","417.5","-999.0","-999.0","-999.0","-999.0","-999.0","-999.0"
"TWANOH_123W_47N","47.375","-123.008","03/25/2015","21:17","360.7","2","2.25","411.4","2","2.18","1022.5","11.2","100.65","-999.000","-999.000","361.5","412.3","-999.0","-999.0","-999.0","-999.0","-999.0","-999.0"
"TWANOH_123W_47N","47.375","-123.008","03/26/2015","00:17","322.3","2","2.12","408.6","2","2.03","1023.8","12.6","100.86","-999.000","-999.000","323.0","409.4","-999.0","-999.0","-999.0","-999.0","-999.0","-999.0"
"TWANOH_123W_47N","47.375","-123.008","03/26/2015","03:17","354.8","2","2.11","411.9","2","2.01","1024.1","13.0","101.13","-999.000","-999.000","355.5","412.8","-999.0","-999.0","-999.0","-999.0","-999.0","-999.0"
"TWANOH_123W_47N","47.375","-123.008","03/26/2015","06:17","539.8","2","2.14","412.8","2","2.04","1025.3","12.9","100.26","-999.000","-999.000","540.9","413.7","-999.0","-999.0","-999.0","-999.0","-999.0","-999.0"
"TWANOH_123W_47N","47.375","-123.008","03/26/2015","09:17","504.8","2","2.51","415.1","2","2.41","1025.5","12.8","99.99","-999.000","-999.000","506.0","416.1","-999.0","-999.0","-999.0","-999.0","-999.0","-999.0"
"TWANOH_123W_47N","47.375","-123.008","03/26/2015","12:17","500.7","2","2.52","414.9","2","2.42","1024.8","12.7","99.81","-999.000","-999.000","502.0","415.9","-999.0","-999.0","-999.0","-999.0","-999.0","-999.0"
"TWANOH_123W_47N","47.375","-123.008","03/26/2015","15:17","398.2","2","2.42","427.0","2","2.36","1024.2","12.2","100.15","-999.000","-999.000","399.2","428.0","-999.0","-999.0","-999.0","-999.0","-999.0","-999.0"
"TWANOH_123W_47N","47.375","-123.008","03/26/2015","18:17","335.0","2","2.58","418.3","2","2.51","1024.1","12.2","101.02","-999.000","-999.000","335.9","419.4","-999.0","-999.0","-999.0","-999.0","-999.0","-999.0"
"TWANOH_123W_47N","47.375","-123.008","03/26/2015","21:17","358.8","2","2.36","409.0","2","2.26","1022.2","13.4","101.52","-999.000","-999.000","359.7","409.9","-999.0","-999.0","-999.0","-999.0","-999.0","-999.0"
"TWANOH_123W_47N","47.375","-123.008","03/27/2015","00:17","430.1","2","2.42","410.7","2","2.24","1020.1","16.8","101.82","-999.000","-999.000","431.2","411.6","-999.0","-999.0","-999.0","-999.0","-999.0","-999.0"
"TWANOH_123W_47N","47.375","-123.008","03/27/2015","03:17","347.7","2","2.96","420.3","2","2.80","1019.5","17.4","102.12","-999.000","-999.000","348.7","421.4","-999.0","-999.0","-999.0","-999.0","-999.0","-999.0"
"TWANOH_123W_47N","47.375","-123.008","03/27/2015","06:17","268.6","2","2.20","433.7","2","2.12","1019.7","15.1","103.14","-999.000","-999.000","269.2","434.6","-999.0","-999.0","-999.0","-999.0","-999.0","-999.0"
"TWANOH_123W_47N","47.375","-123.008","03/27/2015","09:17","286.5","2","2.06","440.2","2","1.98","1018.2","14.0","103.31","-999.000","-999.000","287.1","441.1","-999.0","-999.0","-999.0","-999.0","-999.0","-999.0"
"TWANOH_123W_47N","47.375","-123.008","03/27/2015","12:17","275.0","2","2.11","441.2","2","2.07","1016.6","13.0","103.36","-999.000","-999.000","275.6","442.1","-999.0","-999.0","-999.0","-999.0","-999.0","-999.0"
"TWANOH_123W_47N","47.375","-123.008","03/27/2015","15:17","285.4","2","2.21","446.6","2","2.17","1016.3","12.2","103.30","-999.000","-999.000","286.0","447.6","-999.0","-999.0","-999.0","-999.0","-999.0","-999.0"
"TWANOH_123W_47N","47.375","-123.008","03/27/2015","18:17","348.8","2","2.65","441.4","2","2.60","1016.1","12.3","102.96","-999.000","-999.000","349.7","442.6","-999.0","-999.0","-999.0","-999.0","-999.0","-999.0"
"TWANOH_123W_47N","47.375","-123.008","03/27/2015","21:17","301.8","2","2.75","408.6","2","2.66","1014.7","13.5","103.49","-999.000","-999.000","302.7","409.7","-999.0","-999.0","-999.0","-999.0","-999.0","-999.0"
"TWANOH_123W_47N","47.375","-123.008","03/28/2015","00:17","439.1","2","2.50","407.3","2","2.40","1014.3","14.3","103.25","-999.000","-999.000","440.2","408.2","-999.0","-999.0","-999.0","-999.0","-999.0","-999.0"
"TWANOH_123W_47N","47.375","-123.008","03/28/2015","03:17","425.3","2","2.34","410.0","2","2.28","1013.7","14.0","102.79","-999.000","-999.000","426.3","410.9","-999.0","-999.0","-999.0","-999.0","-999.0","-999.0"
"TWANOH_123W_47N","47.375","-123.008","03/28/2015","06:17","722.7","2","2.39","411.3","2","2.33","1015.5","13.2","100.42","-999.000","-999.000","724.4","412.3","-999.0","-999.0","-999.0","-999.0","-999.0","-999.0"
"TWANOH_123W_47N","47.375","-123.008","03/28/2015","09:17","1489.8","2","2.29","413.0","2","2.24","1017.0","12.5","96.14","-999.000","-999.000","1493.2","413.9","-999.0","-999.0","-999.0","-999.0","-999.0","-999.0"
"TWANOH_123W_47N","47.375","-123.008","03/28/2015","12:17","805.3","2","2.31","411.0","2","2.22","1018.6","12.0","95.24","-999.000","-999.000","807.1","411.9","-999.0","-999.0","-999.0","-999.0","-999.0","-999.0"
"TWANOH_123W_47N","47.375","-123.008","03/28/2015","15:17","974.1","2","2.30","411.5","2","2.23","1023.3","11.6","93.89","-999.000","-999.000","976.4","412.5","-999.0","-999.0","-999.0","-999.0","-999.0","-999.0"
"TWANOH_123W_47N","47.375","-123.008","03/28/2015","18:17","868.0","2","2.48","407.8","2","2.31","1026.4","11.8","93.52","-999.000","-999.000","870.1","408.7","-999.0","-999.0","-999.0","-999.0","-999.0","-999.0"
"TWANOH_123W_47N","47.375","-123.008","03/28/2015","21:17","633.7","2","2.64","404.8","2","2.56","1026.1","12.6","94.42","-999.000","-999.000","635.4","405.9","-999.0","-999.0","-999.0","-999.0","-999.0","-999.0"
"TWANOH_123W_47N","47.375","-123.008","03/29/2015","00:17","607.5","2","2.68","406.8","2","2.41","1026.4","13.4","95.15","-999.000","-999.000","609.1","407.8","-999.0","-999.0","-999.0","-999.0","-999.0","-999.0"
"TWANOH_123W_47N","47.375","-123.008","03/29/2015","03:17","732.9","2","2.35","411.2","2","2.18","1026.4","13.2","94.91","-999.000","-999.000","734.6","412.1","-999.0","-999.0","-999.0","-999.0","-999.0","-999.0"
"TWANOH_123W_47N","47.375","-123.008","03/29/2015","06:17","662.2","2","2.35","413.3","2","2.18","1026.5","12.8","95.15","-999.000","-999.000","663.8","414.2","-999.0","-999.0","-999.0","-999.0","-999.0","-999.0"
"TWANOH_123W_47N","47.375","-123.008","03/29/2015","09:17","589.0","2","2.30","418.4","2","2.17","1025.3","12.5","95.51","-999.000","-999.000","590.4","419.3","-999.0","-999.0","-999.0","-999.0","-999.0","-999.0"
"TWANOH_123W_47N","47.375","-123.008","03/29/2015","12:17","386.8","2","2.21","423.9","2","2.11","1024.0","12.1","96.58","-999.000","-999.000","387.7","424.8","-999.0","-999.0","-999.0","-999.0","-999.0","-999.0"
"TWANOH_123W_47N","47.375","-123.008","03/29/2015","15:17","337.6","2","2.30","424.3","2","2.16","1023.8","11.8","97.50","-999.000","-999.000","338.4","425.2","-999.0","-999.0","-999.0","-999.0","-999.0","-999.0"
"TWANOH_123W_47N","47.375","-123.008","03/29/2015","18:17","327.9","2","2.46","414.3","2","2.25","1023.8","12.2","98.49","-999.000","-999.000","328.7","415.2","-999.0","-999.0","-999.0","-999.0","-999.0","-999.0"
"TWANOH_123W_47N","47.375","-123.008","03/29/2015","21:17","337.4","2","2.69","406.6","2","2.60","1022.4","13.0","99.60","-999.000","-999.000","338.3","407.6","-999.0","-999.0","-999.0","-999.0","-999.0","-999.0"
"TWANOH_123W_47N","47.375","-123.008","03/30/2015","00:17","342.2","2","2.55","405.3","2","2.45","1021.8","13.7","100.50","-999.000","-999.000","343.0","406.3","-999.0","-999.0","-999.0","-999.0","-999.0","-999.0"
"TWANOH_123W_47N","47.375","-123.008","03/30/2015","03:17","478.3","2","2.57","410.6","2","2.48","1020.5","13.5","100.62","-999.000","-999.000","479.5","411.6","-999.0","-999.0","-999.0","-999.0","-999.0","-999.0"
"TWANOH_123W_47N","47.375","-123.008","03/30/2015","06:17","464.7","2","2.61","413.0","2","2.52","1020.3","13.4","100.69","-999.000","-999.000","465.9","414.0","-999.0","-999.0","-999.0","-999.0","-999.0","-999.0"
"TWANOH_123W_47N","47.375","-123.008","03/30/2015","09:17","399.1","2","2.58","414.2","2","2.50","1018.9","13.2","101.18","-999.000","-999.000","400.1","415.3","-999.0","-999.0","-999.0","-999.0","-999.0","-999.0"
"TWANOH_123W_47N","47.375","-123.008","03/30/2015","12:17","414.9","2","2.55","415.0","2","2.48","1018.2","13.1","101.28","-999.000","-999.000","416.0","416.0","-999.0","-999.0","-999.0","-999.0","-999.0","-999.0"
"TWANOH_123W_47N","47.375","-123.008","03/30/2015","15:17","488.3","2","2.65","414.7","2","2.55","1017.9","12.9","100.98","-999.000","-999.000","489.6","415.7","-999.0","-999.0","-999.0","-999.0","-999.0","-999.0"
"TWANOH_123W_47N","47.375","-123.008","03/30/2015","18:17","385.9","2","2.82","408.7","2","2.66","1017.0","13.1","101.53","-999.000","-999.000","387.0","409.8","-999.0","-999.0","-999.0","-999.0","-999.0","-999.0"
"TWANOH_123W_47N","47.375","-123.008","03/30/2015","21:17","400.8","2","2.89","408.0","2","2.80","1014.6","13.9","102.22","-999.000","-999.000","402.0","409.1","-999.0","-999.0","-999.0","-999.0","-999.0","-999.0"
"TWANOH_123W_47N","47.375","-123.008","03/31/2015","00:17","373.8","2","2.83","405.3","2","2.71","1011.4","15.4","103.13","-999.000","-999.000","374.8","406.4","-999.0","-999.0","-999.0","-999.0","-999.0","-999.0"
"TWANOH_123W_47N","47.375","-123.008","03/31/2015","03:17","333.5","2","2.26","407.8","2","2.00","1010.8","15.6","103.84","-999.000","-999.000","334.2","408.6","-999.0","-999.0","-999.0","-999.0","-999.0","-999.0"
"TWANOH_123W_47N","47.375","-123.008","03/31/2015","06:17","307.8","2","2.41","416.2","2","2.30","1009.9","14.5","104.23","-999.000","-999.000","308.5","417.1","-999.0","-999.0","-999.0","-999.0","-999.0","-999.0"
"TWANOH_123W_47N","47.375","-123.008","03/31/2015","09:17","332.4","2","2.20","412.4","2","2.12","1009.6","13.4","104.79","-999.000","-999.000","333.1","413.2","-999.0","-999.0","-999.0","-999.0","-999.0","-999.0"
"TWANOH_123W_47N","47.375","-123.008","03/31/2015","12:17","346.3","2","2.10","413.2","2","2.04","1012.6","12.1","104.59","-999.000","-999.000","347.0","414.1","-999.0","-999.0","-999.0","-999.0","-999.0","-999.0"
"TWANOH_123W_47N","47.375","-123.008","03/31/2015","15:17","379.0","2","2.17","414.0","2","2.07","1015.9","11.3","104.09","-999.000","-999.000","379.8","414.9","-999.0","-999.0","-999.0","-999.0","-999.0","-999.0"
"TWANOH_123W_47N","47.375","-123.008","03/31/2015","18:17","336.1","2","2.53","408.9","2","2.32","1017.5","11.2","104.26","-999.000","-999.000","337.0","409.8","-999.0","-999.0","-999.0","-999.0","-999.0","-999.0"
"TWANOH_123W_47N","47.375","-123.008","03/31/2015","21:17","335.0","2","2.70","408.1","2","2.40","1017.7","12.2","104.67","-999.000","-999.000","335.9","409.0","-999.0","-999.0","-999.0","-999.0","-999.0","-999.0"
"TWANOH_123W_47N","47.375","-123.008","04/01/2015","00:17","312.5","2","2.67","407.7","2","2.33","1018.8","12.4","105.16","-999.000","-999.000","313.3","408.7","-999.0","-999.0","-999.0","-999.0","-999.0","-999.0"
"TWANOH_123W_47N","47.375","-123.008","04/01/2015","03:17","373.8","2","2.09","410.9","2","1.92","1020.7","12.1","104.91","-999.000","-999.000","374.6","411.7","-999.0","-999.0","-999.0","-999.0","-999.0","-999.0"
"TWANOH_123W_47N","47.375","-123.008","04/01/2015","06:17","356.9","2","1.77","417.2","2","1.67","1022.4","11.1","104.45","-999.000","-999.000","357.5","417.9","-999.0","-999.0","-999.0","-999.0","-999.0","-999.0"
"TWANOH_123W_47N","47.375","-123.008","04/01/2015","09:17","443.7","2","1.65","419.7","2","1.57","1023.2","10.2","103.65","-999.000","-999.000","444.5","420.3","-999.0","-999.0","-999.0","-999.0","-999.0","-999.0"
"TWANOH_123W_47N","47.375","-123.008","04/01/2015","12:17","357.2","2","1.58","422.1","2","1.51","1024.0","9.2","103.44","-999.000","-999.000","357.8","422.7","-999.0","-999.0","-999.0","-999.0","-999.0","-999.0"
"TWANOH_123W_47N","47.375","-123.008","04/01/2015","15:17","269.9","2","1.89","421.3","2","1.85","1025.1","8.5","102.84","-999.000","-999.000","270.4","422.1","-999.0","-999.0","-999.0","-999.0","-999.0","-999.0"
"TWANOH_123W_47N","47.375","-123.008","04/01/2015","18:17","282.2","2","2.09","409.9","2","2.02","1025.2","9.0","102.41","-999.000","-999.000","282.8","410.7","-999.0","-999.0","-999.0","-999.0","-999.0","-999.0"
"TWANOH_123W_47N","47.375","-123.008","04/01/2015","21:17","303.8","2","2.26","407.0","2","2.21","1023.6","10.9","102.21","-999.000","-999.000","304.4","408.0","-999.0","-999.0","-999.0","-999.0","-999.0","-999.0"
"TWANOH_123W_47N","47.375","-123.008","04/02/2015","00:17","292.2","2","2.05","406.5","2","1.96","1023.8","11.6","102.23","-999.000","-999.000","292.8","407.3","-999.0","-999.0","-999.0","-999.0","-999.0","-999.0"
"TWANOH_123W_47N","47.375","-123.008","04/02/2015","03:17","295.2","2","1.88","410.2","2","1.80","1025.5","10.7","101.83","-999.000","-999.000","295.8","411.0","-999.0","-999.0","-999.0","-999.0","-999.0","-999.0"
"TWANOH_123W_47N","47.375","-123.008","04/02/2015","06:17","387.4","2","1.80","415.8","2","1.74","1026.8","10.0","101.09","-999.000","-999.000","388.1","416.5","-999.0","-999.0","-999.0","-999.0","-999.0","-999.0"
"TWANOH_123W_47N","47.375","-123.008","04/02/2015","09:17","309.2","2","1.71","424.4","2","1.68","1027.5","9.5","100.84","-999.000","-999.000","309.8","425.1","-999.0","-999.0","-999.0","-999.0","-999.0","-999.0"
"TWANOH_123W_47N","47.375","-123.008","04/02/2015","12:17","294.3","2","1.72","421.4","2","1.69","1028.0","9.3","100.62","-999.000","-999.000","294.8","422.2","-999.0","-999.0","-999.0","-999.0","-999.0","-999.0"
"TWANOH_123W_47N","47.375","-123.008","04/02/2015","15:17","283.6","2","1.72","425.5","2","1.71","1029.3","8.9","100.56","-999.000","-999.000","284.1","426.2","-999.0","-999.0","-999.0","-999.0","-999.0","-999.0"
"TWANOH_123W_47N","47.375","-123.008","04/02/2015","18:17","286.7","2","2.13","412.0","2","2.09","1030.0","9.6","100.58","-999.000","-999.000","287.3","412.9","-999.0","-999.0","-999.0","-999.0","-999.0","-999.0"
"TWANOH_123W_47N","47.375","-123.008","04/02/2015","21:17","332.0","2","2.12","409.4","2","2.07","1028.7","10.8","100.50","-999.000","-999.000","332.7","410.2","-999.0","-999.0","-999.0","-999.0","-999.0","-999.0"
"TWANOH_123W_47N","47.375","-123.008","04/03/2015","00:17","292.4","2","2.12","403.8","2","2.04","1027.2","12.2","100.84","-999.000","-999.000","293.0","404.6","-999.0","-999.0","-999.0","-999.0","-999.0","-999.0"
"TWANOH_123W_47N","47.375","-123.008","04/03/2015","03:17","275.7","2","2.34","410.1","2","2.11","1026.5","12.5","101.14","-999.000","-999.000","276.3","411.0","-999.0","-999.0","-999.0","-999.0","-999.0","-999.0"
"TWANOH_123W_47N","47.375","-123.008","04/03/2015","06:17","295.3","2","2.12","415.1","2","1.98","1026.1","11.5","101.50","-999.000","-999.000","296.0","415.9","-999.0","-999.0","-999.0","-999.0","-999.0","-999.0"
"TWANOH_123W_47N","47.375","-123.008","04/03/2015","09:17","270.1","2","1.79","418.7","2","1.69","1024.9","10.7","101.56","-999.000","-999.000","270.6","419.4","-999.0","-999.0","-999.0","-999.0","-999.0","-999.0"
"TWANOH_123W_47N","47.375","-123.008","04/03/2015","12:17","241.5","2","1.65","423.9","2","1.57","1023.2","9.7","102.02","-999.000","-999.000","241.9","424.6","-999.0","-999.0","-999.0","-999.0","-999.0","-999.0"
"TWANOH_123W_47N","47.375","-123.008","04/03/2015","15:17","244.8","2","1.78","427.3","2","1.72","1022.2","8.9","102.24","-999.000","-999.000","245.2","428.0","-999.0","-999.0","-999.0","-999.0","-999.0","-999.0"
"TWANOH_123W_47N","47.375","-123.008","04/03/2015","18:17","267.8","2","1.82","418.4","2","1.79","1022.0","9.4","102.43","-999.000","-999.000","268.3","419.1","-999.0","-999.0","-999.0","-999.0","-999.0","-999.0"
"TWANOH_123W_47N","47.375","-123.008","04/03/2015","21:17","260.3","2","2.11","410.1","2","2.01","1021.4","9.7","103.27","-999.000","-999.000","260.9","410.9","-999.0","-999.0","-999.0","-999.0","-999.0","-999.0"
"TWANOH_123W_47N","47.375","-123.008","04/04/2015","00:17","269.8","2","2.30","409.0","2","2.23","1020.4","11.0","104.68","-999.000","-999.000","270.5","409.9","-999.0","-999.0","-999.0","-999.0","-999.0","-999.0"
"TWANOH_123W_47N","47.375","-123.008","04/04/2015","03:17","236.1","2","2.11","410.7","2","1.90","1020.4","11.7","105.49","-999.000","-999.000","236.6","411.5","-999.0","-999.0","-999.0","-999.0","-999.0","-999.0"
"TWANOH_123W_47N","47.375","-123.008","04/04/2015","06:17","310.2","2","1.79","416.4","2","1.65","1021.4","10.4","105.05","-999.000","-999.000","310.8","417.1","-999.0","-999.0","-999.0","-999.0","-999.0","-999.0"
"TWANOH_123W_47N","47.375","-123.008","04/04/2015","09:17","274.0","2","1.60","421.5","2","1.50","1020.9","9.2","105.01","-999.000","-999.000","274.4","422.1","-999.0","-999.0","-999.0","-999.0","-999.0","-999.0"
"TWANOH_123W_47N","47.375","-123.008","04/04/2015","12:17","231.6","2","1.54","427.1","2","1.48","1020.2","8.0","105.14","-999.000","-999.000","231.9","427.7","-999.0","-999.0","-999.0","-999.0","-999.0","-999.0"
"TWANOH_123W_47N","47.375","-123.008","04/04/2015","15:17","218.2","2","1.61","423.9","2","1.57","1020.4","7.7","105.55","-999.000","-999.000","218.6","424.6","-999.0","-999.0","-999.0","-999.0","-999.0","-999.0"
"TWANOH_123W_47N","47.375","-123.008","04/04/2015","18:17","263.2","2","2.03","419.0","2","1.99","1020.0","8.4","105.30","-999.000","-999.000","263.7","419.9","-999.0","-999.0","-999.0","-999.0","-999.0","-999.0"
"TWANOH_123W_47N","47.375","-123.008","04/04/2015","21:17","300.2","2","2.01","409.8","2","1.96","1017.7","9.8","104.57","-999.000","-999.000","300.9","410.6","-999.0","-999.0","-999.0","-999.0","-999.0","-999.0"
"TWANOH_123W_47N","47.375","-123.008","04/05/2015","00:17","288.6","2","2.21","408.9","2","2.13","1015.5","12.1","104.31","-999.000","-999.000","289.2","409.8","-999.0","-999.0","-999.0","-999.0","-999.0","-999.0"
"TWANOH_123W_47N","47.375","-123.008","04/05/2015","03:17","262.4","2","1.86","409.7","2","1.66","1014.3","12.3","104.16","-999.000","-999.000","262.9","410.4","-999.0","-999.0","-999.0","-999.0","-999.0","-999.0"
"TWANOH_123W_47N","47.375","-123.008","04/05/2015","06:17","292.5","2","1.88","416.5","2","1.73","1013.6","10.5","103.66","-999.000","-999.000","293.1","417.2","-999.0","-999.0","-999.0","-999.0","-999.0","-999.0"
"TWANOH_123W_47N","47.375","-123.008","04/05/2015","09:17","273.9","2","1.67","423.1","2","1.57","1012.2","9.1","103.42","-999.000","-999.000","274.4","423.7","-999.0","-999.0","-999.0","-999.0","-999.0","-999.0"
"TWANOH_123W_47N","47.375","-123.008","04/05/2015","12:17","252.2","2","1.50","426.1","2","1.43","1010.3","7.9","103.23","-999.000","-999.000","252.6","426.7","-999.0","-999.0","-999.0","-999.0","-999.0","-999.0"
"TWANOH_123W_47N","47.375","-123.008","04/05/2015","15:17","233.2","2","1.61","433.0","2","1.58","1009.2","7.4","103.20","-999.000","-999.000","233.6","433.6","-999.0","-999.0","-999.0","-999.0","-999.0","-999.0"
"TWANOH_123W_47N","47.375","-123.008","04/05/2015","18:17","322.6","2","1.98","419.7","2","1.97","1008.0","7.8","102.77","-999.000","-999.000","323.3","420.5","-999.0","-999.0","-999.0","-999.0","-999.0","-999.0"
"TWANOH_123W_47N","47.375","-123.008","04/05/2015","21:17","344.8","2","1.76","409.5","2","1.68","1005.7","10.0","102.55","-999.000","-999.000","345.4","410.2","-999.0","-999.0","-999.0","-999.0","-999.0","-999.0"
"TWANOH_123W_47N","47.375","-123.008","04/06/2015","00:17","257.6","2","2.01","406.4","2","1.88","1003.0","14.1","103.33","-999.000","-999.000","258.1","407.2","-999.0","-999.0","-999.0","-999.0","-999.0","-999.0"
"TWANOH_123W_47N","47.375","-123.008","04/06/2015","03:17","250.0","2","2.42","411.1","2","2.27","1002.8","14.3","103.45","-999.000","-999.000","250.6","412.1","-999.0","-999.0","-999.0","-999.0","-999.0","-999.0"
"TWANOH_123W_47N","47.375","-123.008","04/06/2015","06:17","259.5","2","1.95","414.1","2","1.81","1004.8","12.9","103.45","-999.000","-999.000","260.0","414.8","-999.0","-999.0","-999.0","-999.0","-999.0","-999.0"
"TWANOH_123W_47N","47.375","-123.008","04/06/2015","09:17","310.4","2","1.83","412.0","2","1.68","1006.0","11.7","103.07","-999.000","-999.000","311.0","412.7","-999.0","-999.0","-999.0","-999.0","-999.0","-999.0"
"TWANOH_123W_47N","47.375","-123.008","04/06/2015","12:17","273.2","2","1.98","415.6","2","1.87","1006.8","11.0","103.34","-999.000","-999.000","273.7","416.4","-999.0","-999.0","-999.0","-999.0","-999.0","-999.0"
"TWANOH_123W_47N","47.375","-123.008","04/06/2015","15:17","261.5","2","1.94","419.7","2","1.88","1008.4","10.3","103.57","-999.000","-999.000","262.0","420.5","-999.0","-999.0","-999.0","-999.0","-999.0","-999.0"
"TWANOH_123W_47N","47.375","-123.008","04/06/2015","18:17","272.9","2","2.26","411.3","2","2.15","1009.9","10.2","103.88","-999.000","-999.000","273.6","412.2","-999.0","-999.0","-999.0","-999.0","-999.0","-999.0"
"TWANOH_123W_47N","47.375","-123.008","04/06/2015","21:17","274.3","2","2.29","408.4","2","2.23","1009.6","11.1","103.81","-999.000","-999.000","274.9","409.3","-999.0","-999.0","-999.0","-999.0","-999.0","-999.0"
"TWANOH_123W_47N","47.375","-123.008","04/07/2015","00:17","250.4","2","2.36","408.6","2","2.28","1008.7","12.5","104.21","-999.000","-999.000","251.0","409.5","-999.0","-999.0","-999.0","-999.0","-999.0","-999.0"
"TWANOH_123W_47N","47.375","-123.008","04/07/2015","03:17","201.2","2","1.95","408.0","2","1.75","1008.8","13.2","104.50","-999.000","-999.000","201.6","408.8","-999.0","-999.0","-999.0","-999.0","-999.0","-999.0"
"TWANOH_123W_47N","47.375","-123.008","04/07/2015","06:17","227.8","2","2.07","412.6","2","1.93","1009.6","11.7","104.34","-999.000","-999.000","228.3","413.4","-999.0","-999.0","-999.0","-999.0","-999.0","-999.0"
"TWANOH_123W_47N","47.375","-123.008","04/07/2015","09:17","240.4","2","1.94","416.6","2","1.83","1009.0","11.0","104.21","-999.000","-999.000","240.9","417.4","-999.0","-999.0","-999.0","-999.0","-999.0","-999.0"
"TWANOH_123W_47N","47.375","-123.008","04/07/2015","12:17","226.9","2","2.17","412.8","2","2.02","1008.7","10.5","104.24","-999.000","-999.000","227.4","413.7","-999.0","-999.0","-999.0","-999.0","-999.0","-999.0"
"TWANOH_123W_47N","47.375","-123.008","04/07/2015","15:17","226.8","2","2.16","420.3","2","2.04","1009.6","10.6","104.44","-999.000","-999.000","227.2","421.1","-999.0","-999.0","-999.0","-999.0","-999.0","-999.0"
"TWANOH_123W_47N","47.375","-123.008","04/07/2015","18:17","261.6","2","2.38","413.4","2","2.26","1011.0","10.9","104.11","-999.000","-999.000","262.2","414.3","-999.0","-999.0","-999.0","-999.0","-999.0","-999.0"
"TWANOH_123W_47N","47.375","-123.008","04/07/2015","21:17","271.4","2","2.46","408.9","2","2.26","1011.2","11.9","103.71","-999.000","-999.000","272.0","409.8","-999.0","-999.0","-999.0","-999.0","-999.0","-999.0"
"TWANOH_123W_47N","47.375","-123.008","04/08/2015","00:17","259.8","2","2.58","407.2","2","2.49","1009.6","13.1","103.60","-999.000","-999.000","260.5","408.2","-999.0","-999.0","-999.0","-999.0","-999.0","-999.0"
"TWANOH_123W_47N","47.375","-123.008","04/08/2015","03:17","241.9","2","2.07","413.3","2","1.87","1010.8","13.5","103.63","-999.000","-999.000","242.4","414.0","-999.0","-999.0","-999.0","-999.0","-999.0","-999.0"
"TWANOH_123W_47N","47.375","-123.008","04/08/2015","06:17","239.9","2","2.05","420.6","2","1.91","1012.6","12.1","103.64","-999.000","-999.000","240.4","421.4","-999.0","-999.0","-999.0","-999.0","-999.0","-999.0"
"TWANOH_123W_47N","47.375","-123.008","04/08/2015","09:17","275.5","2","1.98","428.9","2","1.89","1013.9","11.0","103.42","-999.000","-999.000","276.0","429.7","-999.0","-999.0","-999.0","-999.0","-999.0","-999.0"
"TWANOH_123W_47N","47.375","-123.008","04/08/2015","12:17","246.2","2","1.86","437.4","2","1.79","1015.4","10.1","103.57","-999.000","-999.000","246.6","438.2","-999.0","-999.0","-999.0","-999.0","-999.0","-999.0"
"TWANOH_123W_47N","47.375","-123.008","04/08/2015","15:17","227.2","2","1.97","431.0","2","1.90","1017.3","9.8","104.28","-999.000","-999.000","227.6","431.8","-999.0","-999.0","-999.0","-999.0","-999.0","-999.0"
"TWANOH_123W_47N","47.375","-123.008","04/08/2015","18:17","243.7","2","2.31","423.1","2","2.25","1018.5","10.1","104.30","-999.000","-999.000","244.3","424.0","-999.0","-999.0","-999.0","-999.0","-999.0","-999.0"
"TWANOH_123W_47N","47.375","-123.008","04/08/2015","21:17","244.5","2","2.34","404.4","2","2.27","1018.2","12.4","104.44","-999.000","-999.000","245.0","405.4","-999.0","-999.0","-999.0","-999.0","-999.0","-999.0"
"TWANOH_123W_47N","47.375","-123.008","04/09/2015","00:17","285.5","2","2.23","404.5","2","2.11","1018.3","14.6","104.54","-999.000","-999.000","286.1","405.3","-999.0","-999.0","-999.0","-999.0","-999.0","-999.0"
"TWANOH_123W_47N","47.375","-123.008","04/09/2015","03:17","220.9","2","1.96","410.6","2","1.75","1019.0","14.3","104.94","-999.000","-999.000","221.4","411.3","-999.0","-999.0","-999.0","-999.0","-999.0","-999.0"
"TWANOH_123W_47N","47.375","-123.008","04/09/2015","06:17","231.3","2","2.00","416.1","2","1.85","1020.0","12.4","104.99","-999.000","-999.000","231.8","416.9","-999.0","-999.0","-999.0","-999.0","-999.0","-999.0"
"TWANOH_123W_47N","47.375","-123.008","04/09/2015","09:17","209.1","2","1.85","421.4","2","1.74","1020.6","11.0","104.91","-999.000","-999.000","209.5","422.1","-999.0","-999.0","-999.0","-999.0","-999.0","-999.0"
"TWANOH_123W_47N","47.375","-123.008","04/09/2015","12:17","225.0","2","1.76","420.0","2","1.70","1020.5","10.2","104.85","-999.000","-999.000","225.4","420.7","-999.0","-999.0","-999.0","-999.0","-999.0","-999.0"
"TWANOH_123W_47N","47.375","-123.008","04/09/2015","15:17","229.4","2","1.81","424.0","2","1.77","1020.6","9.8","104.99","-999.000","-999.000","229.8","424.8","-999.0","-999.0","-999.0","-999.0","-999.0","-999.0"
"TWANOH_123W_47N","47.375","-123.008","04/09/2015","18:17","231.7","2","2.23","413.6","2","2.17","1020.0","10.1","104.73","-999.000","-999.000","232.2","414.5","-999.0","-999.0","-999.0","-999.0","-999.0","-999.0"
"TWANOH_123W_47N","47.375","-123.008","04/09/2015","21:17","284.8","2","2.25","407.3","2","2.18","1017.4","11.7","104.21","-999.000","-999.000","285.4","408.1","-999.0","-999.0","-999.0","-999.0","-999.0","-999.0"
"TWANOH_123W_47N","47.375","-123.008","04/10/2015","00:17","318.9","2","2.28","407.7","2","2.12","1014.8","15.8","103.99","-999.000","-999.000","319.6","408.6","-999.0","-999.0","-999.0","-999.0","-999.0","-999.0"
"TWANOH_123W_47N","47.375","-123.008","04/10/2015","03:17","273.8","2","2.61","413.8","2","2.45","1014.1","16.1","104.03","-999.000","-999.000","274.5","414.8","-999.0","-999.0","-999.0","-999.0","-999.0","-999.0"
"TWANOH_123W_47N","47.375","-123.008","04/10/2015","06:17","239.4","2","1.98","420.2","2","1.76","1013.9","13.9","104.01","-999.000","-999.000","239.8","420.9","-999.0","-999.0","-999.0","-999.0","-999.0","-999.0"
"TWANOH_123W_47N","47.375","-123.008","04/10/2015","09:17","237.5","2","2.10","430.5","2","1.96","1013.5","12.3","104.14","-999.000","-999.000","238.0","431.4","-999.0","-999.0","-999.0","-999.0","-999.0","-999.0"
"TWANOH_123W_47N","47.375","-123.008","04/10/2015","12:17","250.3","2","1.93","439.8","2","1.83","1012.3","11.3","103.85","-999.000","-999.000","250.8","440.6","-999.0","-999.0","-999.0","-999.0","-999.0","-999.0"
"TWANOH_123W_47N","47.375","-123.008","04/10/2015","15:17","258.3","2","2.21","418.7","2","2.09","1011.9","10.3","103.61","-999.000","-999.000","258.9","419.6","-999.0","-999.0","-999.0","-999.0","-999.0","-999.0"
"TWANOH_123W_47N","47.375","-123.008","04/10/2015","18:17","278.0","2","2.49","410.4","2","2.32","1011.8","11.2","103.43","-999.000","-999.000","278.7","411.4","-999.0","-999.0","-999.0","-999.0","-999.0","-999.0"
"TWANOH_123W_47N","47.375","-123.008","04/10/2015","21:17","304.3","2","2.21","408.4","2","2.12","1011.4","12.1","104.14","-999.000","-999.000","305.0","409.2","-999.0","-999.0","-999.0","-999.0","-999.0","-999.0"
"TWANOH_123W_47N","47.375","-123.008","04/11/2015","00:17","314.4","2","2.25","407.0","2","2.18","1009.4","11.7","104.08","-999.000","-999.000","315.1","407.8","-999.0","-999.0","-999.0","-999.0","-999.0","-999.0"
"TWANOH_123W_47N","47.375","-123.008","04/11/2015","03:17","314.3","2","2.15","413.3","2","2.08","1007.7","11.4","104.30","-999.000","-999.000","315.0","414.2","-999.0","-999.0","-999.0","-999.0","-999.0","-999.0"
"TWANOH_123W_47N","47.375","-123.008","04/11/2015","06:17","277.8","2","2.09","413.5","2","2.04","1007.4","11.2","105.37","-999.000","-999.000","278.4","414.4","-999.0","-999.0","-999.0","-999.0","-999.0","-999.0"
"TWANOH_123W_47N","47.375","-123.008","04/11/2015","09:17","257.8","2","2.07","415.0","2","1.99","1009.4","10.7","106.17","-999.000","-999.000","258.3","415.9","-999.0","-999.0","-999.0","-999.0","-999.0","-999.0"
"TWANOH_123W_47N","47.375","-123.008","04/11/2015","12:17","274.9","2","1.88","418.5","2","1.80","1011.4","10.0","106.24","-999.000","-999.000","275.4","419.3","-999.0","-999.0","-999.0","-999.0","-999.0","-999.0"
"TWANOH_123W_47N","47.375","-123.008","04/11/2015","15:17","280.0","2","1.99","417.7","2","1.94","1013.0","9.5","105.89","-999.000","-999.000","280.6","418.5","-999.0","-999.0","-999.0","-999.0","-999.0","-999.0"
"TWANOH_123W_47N","47.375","-123.008","04/11/2015","18:17","293.3","2","2.25","411.4","2","2.11","1013.8","9.8","105.89","-999.000","-999.000","294.0","412.3","-999.0","-999.0","-999.0","-999.0","-999.0","-999.0"
"TWANOH_123W_47N","47.375","-123.008","04/11/2015","21:17","298.2","2","2.23","409.3","2","2.09","1014.5","10.4","105.93","-999.000","-999.000","298.9","410.2","-999.0","-999.0","-999.0","-999.0","-999.0","-999.0"
"TWANOH_123W_47N","47.375","-123.008","04/12/2015","00:17","345.7","2","2.36","408.6","2","2.16","1015.8","10.7","106.06","-999.000","-999.000","346.5","409.5","-999.0","-999.0","-999.0","-999.0","-999.0","-999.0"
"TWANOH_123W_47N","47.375","-123.008","04/12/2015","03:17","338.7","2","2.30","412.5","2","2.08","1017.1","10.9","105.80","-999.000","-999.000","339.4","413.4","-999.0","-999.0","-999.0","-999.0","-999.0","-999.0"
"TWANOH_123W_47N","47.375","-123.008","04/12/2015","06:17","388.1","2","1.81","415.0","2","1.71","1019.0","10.1","105.53","-999.000","-999.000","388.8","415.7","-999.0","-999.0","-999.0","-999.0","-999.0","-999.0"
"TWANOH_123W_47N","47.375","-123.008","04/12/2015","09:17","341.2","2","1.81","415.6","2","1.70","1021.1","9.7","105.03","-999.000","-999.000","341.8","416.3","-999.0","-999.0","-999.0","-999.0","-999.0","-999.0"
"TWANOH_123W_47N","47.375","-123.008","04/12/2015","12:17","291.0","2","1.79","415.9","2","1.71","1022.4","9.5","104.74","-999.000","-999.000","291.5","416.6","-999.0","-999.0","-999.0","-999.0","-999.0","-999.0"
"TWANOH_123W_47N","47.375","-123.008","04/12/2015","15:17","270.6","2","1.98","416.5","2","1.89","1023.0","9.1","104.51","-999.000","-999.000","271.1","417.3","-999.0","-999.0","-999.0","-999.0","-999.0","-999.0"
"TWANOH_123W_47N","47.375","-123.008","04/12/2015","18:17","329.6","2","2.16","411.6","2","2.03","1022.8","9.6","104.02","-999.000","-999.000","330.3","412.5","-999.0","-999.0","-999.0","-999.0","-999.0","-999.0"
"TWANOH_123W_47N","47.375","-123.008","04/12/2015","21:17","274.8","2","2.24","409.8","2","2.18","1021.6","10.8","104.05","-999.000","-999.000","275.4","410.7","-999.0","-999.0","-999.0","-999.0","-999.0","-999.0"
"TWANOH_123W_47N","47.375","-123.008","04/13/2015","00:17","349.3","2","2.41","407.8","2","2.34","1020.5","11.9","103.46","-999.000","-999.000","350.2","408.8","-999.0","-999.0","-999.0","-999.0","-999.0","-999.0"
"TWANOH_123W_47N","47.375","-123.008","04/13/2015","03:17","284.2","2","2.01","413.0","2","1.83","1018.5","12.1","103.37","-999.000","-999.000","284.8","413.8","-999.0","-999.0","-999.0","-999.0","-999.0","-999.0"
"TWANOH_123W_47N","47.375","-123.008","04/13/2015","06:17","345.9","2","1.87","419.7","2","1.73","1017.3","10.9","102.99","-999.000","-999.000","346.5","420.5","-999.0","-999.0","-999.0","-999.0","-999.0","-999.0"
"TWANOH_123W_47N","47.375","-123.008","04/13/2015","09:17","252.9","2","1.86","420.0","2","1.75","1014.6","10.0","103.23","-999.000","-999.000","253.4","420.8","-999.0","-999.0","-999.0","-999.0","-999.0","-999.0"
"TWANOH_123W_47N","47.375","-123.008","04/13/2015","12:17","242.4","2","1.89","430.8","2","1.80","1013.0","9.6","103.27","-999.000","-999.000","242.8","431.5","-999.0","-999.0","-999.0","-999.0","-999.0","-999.0"
"TWANOH_123W_47N","47.375","-123.008","04/13/2015","15:17","261.8","2","2.02","428.5","2","1.92","1012.5","9.5","103.20","-999.000","-999.000","262.3","429.3","-999.0","-999.0","-999.0","-999.0","-999.0","-999.0"
"TWANOH_123W_47N","47.375","-123.008","04/13/2015","18:17","244.1","2","2.07","414.5","2","2.02","1012.0","9.9","103.23","-999.000","-999.000","244.6","415.4","-999.0","-999.0","-999.0","-999.0","-999.0","-999.0"
"TWANOH_123W_47N","47.375","-123.008","04/13/2015","21:17","255.4","2","2.29","414.5","2","2.23","1010.4","10.3","103.16","-999.000","-999.000","255.9","415.5","-999.0","-999.0","-999.0","-999.0","-999.0","-999.0"
"TWANOH_123W_47N","47.375","-123.008","04/14/2015","00:17","332.7","2","2.16","410.0","2","2.01","1011.9","10.8","102.67","-999.000","-999.000","333.4","410.9","-999.0","-999.0","-999.0","-999.0","-999.0","-999.0"
"TWANOH_123W_47N","47.375","-123.008","04/14/2015","03:17","339.1","2","1.89","413.8","2","1.80","1014.2","10.3","102.23","-999.000","-999.000","339.8","414.6","-999.0","-999.0","-999.0","-999.0","-999.0","-999.0"
"TWANOH_123W_47N","47.375","-123.008","04/14/2015","06:17","331.2","2","1.75","417.5","2","1.69","1016.5","9.5","101.79","-999.000","-999.000","331.8","418.2","-999.0","-999.0","-999.0","-999.0","-999.0","-999.0"
"TWANOH_123W_47N","47.375","-123.008","04/14/2015","09:17","255.2","2","1.68","418.4","2","1.63","1016.9","8.9","101.77","-999.000","-999.000","255.6","419.1","-999.0","-999.0","-999.0","-999.0","-999.0","-999.0"
"TWANOH_123W_47N","47.375","-123.008","04/14/2015","12:17","265.7","2","1.55","423.9","2","1.51","1020.2","8.2","101.56","-999.000","-999.000","266.2","424.5","-999.0","-999.0","-999.0","-999.0","-999.0","-999.0"
"TWANOH_123W_47N","47.375","-123.008","04/14/2015","15:17","272.9","2","1.86","421.1","2","1.83","1023.3","7.7","101.28","-999.000","-999.000","273.4","421.9","-999.0","-999.0","-999.0","-999.0","-999.0","-999.0"
"TWANOH_123W_47N","47.375","-123.008","04/14/2015","18:17","320.3","2","1.96","415.9","2","1.91","1024.9","8.4","101.03","-999.000","-999.000","321.0","416.7","-999.0","-999.0","-999.0","-999.0","-999.0","-999.0"
"TWANOH_123W_47N","47.375","-123.008","04/14/2015","21:17","303.5","2","2.13","408.9","2","1.95","1026.0","9.9","100.91","-999.000","-999.000","304.2","409.7","-999.0","-999.0","-999.0","-999.0","-999.0","-999.0"
"TWANOH_123W_47N","47.375","-123.008","04/15/2015","00:17","313.0","2","2.18","408.8","2","2.11","1026.5","10.6","100.91","-999.000","-999.000","313.7","409.6","-999.0","-999.0","-999.0","-999.0","-999.0","-999.0"
"TWANOH_123W_47N","47.375","-123.008","04/15/2015","03:17","339.0","2","2.27","410.8","2","2.05","1028.7","11.9","100.77","-999.000","-999.000","339.8","411.6","-999.0","-999.0","-999.0","-999.0","-999.0","-999.0"
"TWANOH_123W_47N","47.375","-123.008","04/15/2015","06:17","347.9","2","1.85","418.3","2","1.71","1030.4","10.4","100.84","-999.000","-999.000","348.6","419.0","-999.0","-999.0","-999.0","-999.0","-999.0","-999.0"
"TWANOH_123W_47N","47.375","-123.008","04/15/2015","09:17","341.4","2","1.67","426.1","2","1.56","1031.4","9.2","100.95","-999.000","-999.000","341.9","426.8","-999.0","-999.0","-999.0","-999.0","-999.0","-999.0"
"TWANOH_123W_47N","47.375","-123.008","04/15/2015","12:17","278.8","2","1.65","430.3","2","1.58","1032.4","8.3","100.84","-999.000","-999.000","279.3","431.0","-999.0","-999.0","-999.0","-999.0","-999.0","-999.0"
"TWANOH_123W_47N","47.375","-123.008","04/15/2015","15:17","280.1","2","1.83","428.2","2","1.78","1034.6","8.1","100.67","-999.000","-999.000","280.6","429.0","-999.0","-999.0","-999.0","-999.0","-999.0","-999.0"
"TWANOH_123W_47N","47.375","-123.008","04/15/2015","18:17","324.1","2","2.03","415.5","2","1.97","1034.6","8.9","100.39","-999.000","-999.000","324.7","416.3","-999.0","-999.0","-999.0","-999.0","-999.0","-999.0"
"TWANOH_123W_47N","47.375","-123.008","04/15/2015","21:17","290.8","2","1.92","411.2","2","1.86","1033.0","10.3","100.68","-999.000","-999.000","291.4","411.9","-999.0","-999.0","-999.0","-999.0","-999.0","-999.0"
"TWANOH_123W_47N","47.375","-123.008","04/16/2015","00:17","288.2","2","2.10","408.6","2","1.99","1031.5","14.0","100.97","-999.000","-999.000","288.8","409.5","-999.0","-999.0","-999.0","-999.0","-999.0","-999.0"
"TWANOH_123W_47N","47.375","-123.008","04/16/2015","03:17","310.1","2","2.04","411.1","2","1.81","1031.1","13.5","100.85","-999.000","-999.000","310.8","411.8","-999.0","-999.0","-999.0","-999.0","-999.0","-999.0"
"TWANOH_123W_47N","47.375","-123.008","04/16/2015","06:17","311.8","2","2.08","419.1","2","1.88","1031.8","12.0","100.76","-999.000","-999.000","312.5","419.9","-999.0","-999.0","-999.0","-999.0","-999.0","-999.0"
"TWANOH_123W_47N","47.375","-123.008","04/16/2015","09:17","287.5","2","1.89","421.8","2","1.75","1030.5","10.5","100.84","-999.000","-999.000","288.1","422.6","-999.0","-999.0","-999.0","-999.0","-999.0","-999.0"
"TWANOH_123W_47N","47.375","-123.008","04/16/2015","12:17","279.8","2","1.78","433.6","2","1.67","1029.7","9.5","100.96","-999.000","-999.000","280.3","434.4","-999.0","-999.0","-999.0","-999.0","-999.0","-999.0"
"TWANOH_123W_47N","47.375","-123.008","04/16/2015","15:17","282.3","2","1.95","434.3","2","1.88","1030.0","8.9","100.95","-999.000","-999.000","282.9","435.2","-999.0","-999.0","-999.0","-999.0","-999.0","-999.0"
"TWANOH_123W_47N","47.375","-123.008","04/16/2015","18:17","318.9","2","2.12","422.4","2","2.07","1028.4","9.2","100.91","-999.000","-999.000","319.5","423.3","-999.0","-999.0","-999.0","-999.0","-999.0","-999.0"
"TWANOH_123W_47N","47.375","-123.008","04/16/2015","21:17","283.8","2","2.00","409.7","2","1.93","1025.6","10.9","101.34","-999.000","-999.000","284.4","410.5","-999.0","-999.0","-999.0","-999.0","-999.0","-999.0"
"TWANOH_123W_47N","47.375","-123.008","04/17/2015","00:17","292.4","2","2.05","411.0","2","1.91","1023.1","15.5","101.84","-999.000","-999.000","293.0","411.7","-999.0","-999.0","-999.0","-999.0","-999.0","-999.0"
"TWANOH_123W_47N","47.375","-123.008","04/17/2015","03:17","311.7","2","2.82","418.4","2","2.67","1022.4","17.2","101.71","-999.000","-999.000","312.5","419.5","-999.0","-999.0","-999.0","-999.0","-999.0","-999.0"
"TWANOH_123W_47N","47.375","-123.008","04/17/2015","06:17","362.9","2","2.42","430.7","2","2.28","1022.8","14.5","101.25","-999.000","-999.000","363.8","431.6","-999.0","-999.0","-999.0","-999.0","-999.0","-999.0"
"TWANOH_123W_47N","47.375","-123.008","04/17/2015","09:17","300.8","2","1.80","436.7","2","1.67","1022.8","12.8","101.47","-999.000","-999.000","301.3","437.4","-999.0","-999.0","-999.0","-999.0","-999.0","-999.0"
"TWANOH_123W_47N","47.375","-123.008","04/17/2015","12:17","282.2","2","1.80","443.2","2","1.70","1022.8","11.4","101.79","-999.000","-999.000","282.7","444.0","-999.0","-999.0","-999.0","-999.0","-999.0","-999.0"
"TWANOH_123W_47N","47.375","-123.008","04/17/2015","15:17","291.3","2","2.20","446.0","2","2.10","1024.2","10.5","101.74","-999.000","-999.000","291.9","446.9","-999.0","-999.0","-999.0","-999.0","-999.0","-999.0"
"TWANOH_123W_47N","47.375","-123.008","04/17/2015","18:17","352.2","2","2.40","426.5","2","2.28","1024.6","11.3","101.47","-999.000","-999.000","353.0","427.4","-999.0","-999.0","-999.0","-999.0","-999.0","-999.0"
"TWANOH_123W_47N","47.375","-123.008","04/17/2015","21:17","354.6","2","2.33","409.7","2","2.24","1023.2","12.9","101.66","-999.000","-999.000","355.4","410.7","-999.0","-999.0","-999.0","-999.0","-999.0","-999.0"
"TWANOH_123W_47N","47.375","-123.008","04/18/2015","00:17","311.8","2","2.47","406.4","2","2.29","1022.1","17.2","102.25","-999.000","-999.000","312.6","407.3","-999.0","-999.0","-999.0","-999.0","-999.0","-999.0"
"TWANOH_123W_47N","47.375","-123.008","04/18/2015","03:17","306.5","2","2.58","415.9","2","2.42","1023.6","17.5","102.39","-999.000","-999.000","307.3","416.9","-999.0","-999.0","-999.0","-999.0","-999.0","-999.0"
"TWANOH_123W_47N","47.375","-123.008","04/18/2015","06:17","304.5","2","2.12","420.5","2","1.92","1025.3","15.3","102.21","-999.000","-999.000","305.2","421.3","-999.0","-999.0","-999.0","-999.0","-999.0","-999.0"
"TWANOH_123W_47N","47.375","-123.008","04/18/2015","09:17","370.6","2","2.10","432.2","2","1.94","1026.3","13.4","101.88","-999.000","-999.000","371.4","433.0","-999.0","-999.0","-999.0","-999.0","-999.0","-999.0"
"TWANOH_123W_47N","47.375","-123.008","04/18/2015","12:17","294.8","2","2.05","431.6","2","1.93","1026.9","12.0","101.99","-999.000","-999.000","295.4","432.4","-999.0","-999.0","-999.0","-999.0","-999.0","-999.0"
"TWANOH_123W_47N","47.375","-123.008","04/18/2015","15:17","298.9","2","2.41","435.6","2","2.33","1027.9","11.2","102.07","-999.000","-999.000","299.6","436.6","-999.0","-999.0","-999.0","-999.0","-999.0","-999.0"
"TWANOH_123W_47N","47.375","-123.008","04/18/2015","18:17","358.7","2","2.56","412.5","2","2.44","1027.7","11.4","101.73","-999.000","-999.000","359.6","413.5","-999.0","-999.0","-999.0","-999.0","-999.0","-999.0"
"TWANOH_123W_47N","47.375","-123.008","04/18/2015","21:17","319.9","2","2.50","405.8","2","2.42","1025.6","13.1","102.25","-999.000","-999.000","320.7","406.8","-999.0","-999.0","-999.0","-999.0","-999.0","-999.0"
"TWANOH_123W_47N","47.375","-123.008","04/19/2015","00:17","306.9","2","2.47","406.8","2","2.29","1023.4","17.5","103.13","-999.000","-999.000","307.6","407.8","-999.0","-999.0","-999.0","-999.0","-999.0","-999.0"
"TWANOH_123W_47N","47.375","-123.008","04/19/2015","03:17","302.0","2","3.06","417.4","2","2.88","1022.7","18.4","103.43","-999.000","-999.000","302.9","418.6","-999.0","-999.0","-999.0","-999.0","-999.0","-999.0"
"TWANOH_123W_47N","47.375","-123.008","04/19/2015","06:17","295.5","2","2.14","423.0","2","2.00","1023.2","15.9","103.38","-999.000","-999.000","296.1","423.9","-999.0","-999.0","-999.0","-999.0","-999.0","-999.0"
"TWANOH_123W_47N","47.375","-123.008","04/19/2015","09:17","306.4","2","1.72","425.7","2","1.51","1023.0","13.9","103.52","-999.000","-999.000","306.9","426.3","-999.0","-999.0","-999.0","-999.0","-999.0","-999.0"
"TWANOH_123W_47N","47.375","-123.008","04/19/2015","12:17","273.1","2","1.95","434.3","2","1.81","1022.5","12.4","104.13","-999.000","-999.000","273.6","435.1","-999.0","-999.0","-999.0","-999.0","-999.0","-999.0"
"TWANOH_123W_47N","47.375","-123.008","04/19/2015","15:17","271.1","2","2.24","446.9","2","2.14","1022.8","11.3","104.61","-999.000","-999.000","271.8","447.8","-999.0","-999.0","-999.0","-999.0","-999.0","-999.0"
"TWANOH_123W_47N","47.375","-123.008","04/19/2015","18:17","323.0","2","2.62","424.5","2","2.49","1021.4","11.6","104.44","-999.000","-999.000","323.8","425.6","-999.0","-999.0","-999.0","-999.0","-999.0","-999.0"
"TWANOH_123W_47N","47.375","-123.008","04/19/2015","21:17","295.9","2","2.68","407.2","2","2.60","1018.3","13.3","104.95","-999.000","-999.000","296.7","408.2","-999.0","-999.0","-999.0","-999.0","-999.0","-999.0"
"TWANOH_123W_47N","47.375","-123.008","04/20/2015","00:17","271.4","2","2.42","409.7","2","2.28","1015.7","15.9","105.78","-999.000","-999.000","272.1","410.7","-999.0","-999.0","-999.0","-999.0","-999.0","-999.0"
"TWANOH_123W_47N","47.375","-123.008","04/20/2015","03:17","251.5","2","2.92","421.6","2","2.77","1014.8","17.5","106.56","-999.000","-999.000","252.2","422.8","-999.0","-999.0","-999.0","-999.0","-999.0","-999.0"
"TWANOH_123W_47N","47.375","-123.008","04/20/2015","06:17","273.3","2","1.83","425.7","2","1.62","1014.9","15.5","106.33","-999.000","-999.000","273.8","426.3","-999.0","-999.0","-999.0","-999.0","-999.0","-999.0"
"TWANOH_123W_47N","47.375","-123.008","04/20/2015","09:17","284.6","2","2.24","441.4","2","2.09","1014.3","13.9","105.94","-999.000","-999.000","285.3","442.4","-999.0","-999.0","-999.0","-999.0","-999.0","-999.0"
"TWANOH_123W_47N","47.375","-123.008","04/20/2015","12:17","265.8","2","2.14","449.7","2","2.01","1014.2","12.7","106.53","-999.000","-999.000","266.4","450.6","-999.0","-999.0","-999.0","-999.0","-999.0","-999.0"
"TWANOH_123W_47N","47.375","-123.008","04/20/2015","15:17","260.2","2","2.64","452.7","2","2.56","1014.3","12.0","106.87","-999.000","-999.000","260.8","453.9","-999.0","-999.0","-999.0","-999.0","-999.0","-999.0"
"TWANOH_123W_47N","47.375","-123.008","04/20/2015","18:17","282.8","2","2.81","432.5","2","2.73","1013.4","12.3","106.62","-999.000","-999.000","283.6","433.7","-999.0","-999.0","-999.0","-999.0","-999.0","-999.0"
"TWANOH_123W_47N","47.375","-123.008","04/20/2015","21:17","329.8","2","2.75","408.0","2","2.65","1011.3","14.1","106.24","-999.000","-999.000","330.7","409.0","-999.0","-999.0","-999.0","-999.0","-999.0","-999.0"
"TWANOH_123W_47N","47.375","-123.008","04/21/2015","00:17","319.0","2","2.61","405.3","2","2.41","1008.9","18.3","106.65","-999.000","-999.000","319.9","406.3","-999.0","-999.0","-999.0","-999.0","-999.0","-999.0"
"TWANOH_123W_47N","47.375","-123.008","04/21/2015","03:17","274.6","2","3.38","418.9","2","3.15","1008.8","20.2","107.09","-999.000","-999.000","275.5","420.2","-999.0","-999.0","-999.0","-999.0","-999.0","-999.0"
"TWANOH_123W_47N","47.375","-123.008","04/21/2015","06:17","275.0","2","2.45","419.2","2","2.27","1010.0","17.9","106.91","-999.000","-999.000","275.6","420.2","-999.0","-999.0","-999.0","-999.0","-999.0","-999.0"
"TWANOH_123W_47N","47.375","-123.008","04/21/2015","09:17","306.3","2","2.15","428.3","2","1.94","1010.8","16.0","106.55","-999.000","-999.000","306.9","429.2","-999.0","-999.0","-999.0","-999.0","-999.0","-999.0"
"TWANOH_123W_47N","47.375","-123.008","04/21/2015","12:17","294.9","2","2.26","432.7","2","2.11","1011.4","14.4","106.43","-999.000","-999.000","295.5","433.6","-999.0","-999.0","-999.0","-999.0","-999.0","-999.0"
"TWANOH_123W_47N","47.375","-123.008","04/21/2015","15:17","280.5","2","2.67","425.6","2","2.53","1012.6","13.3","106.55","-999.000","-999.000","281.3","426.7","-999.0","-999.0","-999.0","-999.0","-999.0","-999.0"
"TWANOH_123W_47N","47.375","-123.008","04/21/2015","18:17","322.5","2","2.97","413.4","2","2.82","1013.4","13.5","106.14","-999.000","-999.000","323.5","414.6","-999.0","-999.0","-999.0","-999.0","-999.0","-999.0"
"TWANOH_123W_47N","47.375","-123.008","04/21/2015","21:17","327.8","2","3.17","403.3","2","3.08","1013.4","15.1","105.79","-999.000","-999.000","328.8","404.6","-999.0","-999.0","-999.0","-999.0","-999.0","-999.0"
"TWANOH_123W_47N","47.375","-123.008","04/22/2015","00:17","296.1","2","2.45","405.6","2","2.12","1013.4","15.5","105.97","-999.000","-999.000","296.8","406.5","-999.0","-999.0","-999.0","-999.0","-999.0","-999.0"
"TWANOH_123W_47N","47.375","-123.008","04/22/2015","03:17","280.4","2","2.63","409.5","2","2.32","1015.1","14.6","106.23","-999.000","-999.000","281.1","410.4","-999.0","-999.0","-999.0","-999.0","-999.0","-999.0"
"TWANOH_123W_47N","47.375","-123.008","04/22/2015","06:17","278.0","2","2.06","413.9","2","1.97","1019.3","13.5","106.11","-999.000","-999.000","278.5","414.7","-999.0","-999.0","-999.0","-999.0","-999.0","-999.0"
"TWANOH_123W_47N","47.375","-123.008","04/22/2015","09:17","288.4","2","1.84","418.2","2","1.77","1020.0","12.0","105.70","-999.000","-999.000","288.9","419.0","-999.0","-999.0","-999.0","-999.0","-999.0","-999.0"
"TWANOH_123W_47N","47.375","-123.008","04/22/2015","12:17","411.6","2","1.60","424.9","2","1.53","1020.2","10.8","104.46","-999.000","-999.000","412.2","425.6","-999.0","-999.0","-999.0","-999.0","-999.0","-999.0"
"TWANOH_123W_47N","47.375","-123.008","04/22/2015","15:17","309.4","2","2.12","425.3","2","2.07","1021.7","10.2","104.29","-999.000","-999.000","310.1","426.2","-999.0","-999.0","-999.0","-999.0","-999.0","-999.0"
"TWANOH_123W_47N","47.375","-123.008","04/22/2015","18:17","303.4","2","2.32","414.5","2","2.19","1022.1","11.0","104.10","-999.000","-999.000","304.1","415.4","-999.0","-999.0","-999.0","-999.0","-999.0","-999.0"
"TWANOH_123W_47N","47.375","-123.008","04/22/2015","21:17","344.6","2","2.57","409.3","2","2.49","1020.4","12.7","103.68","-999.000","-999.000","345.5","410.3","-999.0","-999.0","-999.0","-999.0","-999.0","-999.0"
"TWANOH_123W_47N","47.375","-123.008","04/23/2015","00:17","335.0","2","2.83","405.5","2","2.69","1017.9","15.9","103.52","-999.000","-999.000","336.0","406.5","-999.0","-999.0","-999.0","-999.0","-999.0","-999.0"
"TWANOH_123W_47N","47.375","-123.008","04/23/2015","03:17","302.8","2","2.25","410.2","2","1.80","1016.9","15.1","103.78","-999.000","-999.000","303.5","410.9","-999.0","-999.0","-999.0","-999.0","-999.0","-999.0"
"TWANOH_123W_47N","47.375","-123.008","04/23/2015","06:17","283.4","2","2.21","415.8","2","1.91","1016.6","13.1","103.96","-999.000","-999.000","284.1","416.6","-999.0","-999.0","-999.0","-999.0","-999.0","-999.0"
"TWANOH_123W_47N","47.375","-123.008","04/23/2015","09:17","289.9","2","2.07","421.2","2","1.86","1015.7","12.0","103.95","-999.000","-999.000","290.5","422.0","-999.0","-999.0","-999.0","-999.0","-999.0","-999.0"
"TWANOH_123W_47N","47.375","-123.008","04/23/2015","12:17","324.7","2","2.12","414.8","2","1.92","1014.3","11.4","103.78","-999.000","-999.000","325.3","415.6","-999.0","-999.0","-999.0","-999.0","-999.0","-999.0"
"TWANOH_123W_47N","47.375","-123.008","04/23/2015","15:17","274.7","2","2.24","420.4","2","2.07","1013.1","11.3","104.19","-999.000","-999.000","275.3","421.2","-999.0","-999.0","-999.0","-999.0","-999.0","-999.0"
"TWANOH_123W_47N","47.375","-123.008","04/23/2015","18:17","271.2","2","2.21","415.6","2","2.11","1011.4","11.7","104.39","-999.000","-999.000","271.8","416.5","-999.0","-999.0","-999.0","-999.0","-999.0","-999.0"
"TWANOH_123W_47N","47.375","-123.008","04/23/2015","21:17","273.3","2","2.24","412.2","2","2.21","1009.6","11.6","104.32","-999.000","-999.000","273.9","413.1","-999.0","-999.0","-999.0","-999.0","-999.0","-999.0"
"TWANOH_123W_47N","47.375","-123.008","04/24/2015","00:17","294.0","2","2.68","408.1","2","2.63","1007.9","11.7","104.08","-999.000","-999.000","294.8","409.1","-999.0","-999.0","-999.0","-999.0","-999.0","-999.0"
"TWANOH_123W_47N","47.375","-123.008","04/24/2015","03:17","335.9","2","2.56","409.9","2","2.36","1007.5","12.0","103.66","-999.000","-999.000","336.8","410.8","-999.0","-999.0","-999.0","-999.0","-999.0","-999.0"
"TWANOH_123W_47N","47.375","-123.008","04/24/2015","06:17","285.4","2","1.97","414.4","2","1.91","1008.3","11.4","103.79","-999.000","-999.000","286.0","415.2","-999.0","-999.0","-999.0","-999.0","-999.0","-999.0"
"TWANOH_123W_47N","47.375","-123.008","04/24/2015","09:17","357.5","2","1.93","415.8","2","1.88","1007.6","10.7","103.00","-999.000","-999.000","358.2","416.6","-999.0","-999.0","-999.0","-999.0","-999.0","-999.0"
"TWANOH_123W_47N","47.375","-123.008","04/24/2015","12:17","316.9","2","1.92","417.2","2","1.89","1007.5","10.3","102.66","-999.000","-999.000","317.5","417.9","-999.0","-999.0","-999.0","-999.0","-999.0","-999.0"
"TWANOH_123W_47N","47.375","-123.008","04/24/2015","15:17","321.2","2","2.18","416.7","2","2.15","1008.4","10.2","102.32","-999.000","-999.000","321.9","417.6","-999.0","-999.0","-999.0","-999.0","-999.0","-999.0"
"TWANOH_123W_47N","47.375","-123.008","04/24/2015","18:17","318.4","2","2.27","410.7","2","2.21","1008.8","10.6","102.13","-999.000","-999.000","319.2","411.6","-999.0","-999.0","-999.0","-999.0","-999.0","-999.0"
"TWANOH_123W_47N","47.375","-123.008","04/24/2015","21:17","340.3","2","2.54","407.9","2","2.44","1008.6","11.3","101.85","-999.000","-999.000","341.2","408.9","-999.0","-999.0","-999.0","-999.0","-999.0","-999.0"
"TWANOH_123W_47N","47.375","-123.008","04/25/2015","00:17","338.8","2","2.64","407.5","2","2.57","1008.8","12.8","101.75","-999.000","-999.000","339.7","408.6","-999.0","-999.0","-999.0","-999.0","-999.0","-999.0"
"TWANOH_123W_47N","47.375","-123.008","04/25/2015","03:17","330.0","2","2.12","410.6","2","1.85","1009.6","13.5","101.77","-999.000","-999.000","330.7","411.3","-999.0","-999.0","-999.0","-999.0","-999.0","-999.0"
"TWANOH_123W_47N","47.375","-123.008","04/25/2015","06:17","287.9","2","2.12","415.7","2","1.96","1010.6","12.3","101.99","-999.000","-999.000","288.5","416.5","-999.0","-999.0","-999.0","-999.0","-999.0","-999.0"
"TWANOH_123W_47N","47.375","-123.008","04/25/2015","09:17","294.0","2","2.01","423.6","2","1.88","1011.8","11.2","102.04","-999.000","-999.000","294.6","424.4","-999.0","-999.0","-999.0","-999.0","-999.0","-999.0"
"TWANOH_123W_47N","47.375","-123.008","04/25/2015","12:17","302.4","2","1.92","420.3","2","1.83","1012.9","10.5","101.91","-999.000","-999.000","303.0","421.1","-999.0","-999.0","-999.0","-999.0","-999.0","-999.0"
"TWANOH_123W_47N","47.375","-123.008","04/25/2015","15:17","297.4","2","2.37","421.7","2","2.31","1014.3","10.0","101.81","-999.000","-999.000","298.1","422.7","-999.0","-999.0","-999.0","-999.0","-999.0","-999.0"
"TWANOH_123W_47N","47.375","-123.008","04/25/2015","18:17","294.5","2","2.43","414.3","2","2.29","1014.7","10.8","101.93","-999.000","-999.000","295.2","415.2","-999.0","-999.0","-999.0","-999.0","-999.0","-999.0"
"TWANOH_123W_47N","47.375","-123.008","04/25/2015","21:17","323.7","2","2.52","408.0","2","2.45","1014.5","12.2","101.90","-999.000","-999.000","324.5","409.0","-999.0","-999.0","-999.0","-999.0","-999.0","-999.0"
"TWANOH_123W_47N","47.375","-123.008","04/26/2015","00:17","337.5","2","2.68","407.8","2","2.54","1016.5","13.3","101.54","-999.000","-999.000","338.4","408.8","-999.0","-999.0","-999.0","-999.0","-999.0","-999.0"
"TWANOH_123W_47N","47.375","-123.008","04/26/2015","03:17","306.0","2","2.37","407.5","2","2.19","1017.1","13.9","101.61","-999.000","-999.000","306.7","408.4","-999.0","-999.0","-999.0","-999.0","-999.0","-999.0"
"TWANOH_123W_47N","47.375","-123.008","04/26/2015","06:17","295.7","2","2.14","416.5","2","1.97","1018.2","12.5","101.40","-999.000","-999.000","296.3","417.3","-999.0","-999.0","-999.0","-999.0","-999.0","-999.0"
"TWANOH_123W_47N","47.375","-123.008","04/26/2015","09:17","296.0","2","1.95","428.2","2","1.86","1019.2","11.2","101.32","-999.000","-999.000","296.6","429.0","-999.0","-999.0","-999.0","-999.0","-999.0","-999.0"
"TWANOH_123W_47N","47.375","-123.008","04/26/2015","12:17","294.8","2","1.88","434.5","2","1.81","1020.1","10.7","101.07","-999.000","-999.000","295.4","435.3","-999.0","-999.0","-999.0","-999.0","-999.0","-999.0"
"TWANOH_123W_47N","47.375","-123.008","04/26/2015","15:17","296.2","2","2.01","427.1","2","1.95","1021.7","10.4","100.89","-999.000","-999.000","296.8","428.0","-999.0","-999.0","-999.0","-999.0","-999.0","-999.0"
"TWANOH_123W_47N","47.375","-123.008","04/26/2015","18:17","366.5","2","2.50","413.0","2","2.39","1022.9","11.3","100.53","-999.000","-999.000","367.4","414.0","-999.0","-999.0","-999.0","-999.0","-999.0","-999.0"
"TWANOH_123W_47N","47.375","-123.008","04/26/2015","21:17","378.8","2","2.62","408.5","2","2.55","1022.8","12.8","100.24","-999.000","-999.000","379.8","409.6","-999.0","-999.0","-999.0","-999.0","-999.0","-999.0"
"TWANOH_123W_47N","47.375","-123.008","04/27/2015","00:17","341.7","2","2.57","405.8","2","2.35","1023.0","13.9","100.21","-999.000","-999.000","342.6","406.8","-999.0","-999.0","-999.0","-999.0","-999.0","-999.0"
"TWANOH_123W_47N","47.375","-123.008","04/27/2015","03:17","322.6","2","2.56","407.6","2","2.33","1023.2","13.7","100.45","-999.000","-999.000","323.4","408.6","-999.0","-999.0","-999.0","-999.0","-999.0","-999.0"
"TWANOH_123W_47N","47.375","-123.008","04/27/2015","06:17","380.8","2","2.46","412.8","2","2.31","1023.6","13.1","100.47","-999.000","-999.000","381.7","413.7","-999.0","-999.0","-999.0","-999.0","-999.0","-999.0"
"TWANOH_123W_47N","47.375","-123.008","04/27/2015","09:17","329.4","2","2.40","419.3","2","2.28","1024.0","12.6","100.52","-999.000","-999.000","330.2","420.3","-999.0","-999.0","-999.0","-999.0","-999.0","-999.0"
"TWANOH_123W_47N","47.375","-123.008","04/27/2015","12:17","378.3","2","2.46","421.2","2","2.35","1023.8","12.4","100.29","-999.000","-999.000","379.2","422.2","-999.0","-999.0","-999.0","-999.0","-999.0","-999.0"
"TWANOH_123W_47N","47.375","-123.008","04/27/2015","15:17","345.5","2","2.74","416.1","2","2.68","1024.0","12.5","100.26","-999.000","-999.000","346.4","417.2","-999.0","-999.0","-999.0","-999.0","-999.0","-999.0"
"TWANOH_123W_47N","47.375","-123.008","04/27/2015","18:17","320.4","2","2.71","410.0","2","2.64","1022.1","13.2","100.62","-999.000","-999.000","321.3","411.1","-999.0","-999.0","-999.0","-999.0","-999.0","-999.0"
"TWANOH_123W_47N","47.375","-123.008","04/27/2015","21:17","358.9","2","2.32","406.3","2","2.18","1018.8","15.2","101.01","-999.000","-999.000","359.8","407.2","-999.0","-999.0","-999.0","-999.0","-999.0","-999.0"
"TWANOH_123W_47N","47.375","-123.008","04/28/2015","00:17","388.6","2","2.82","416.1","2","2.55","1014.4","19.9","101.38","-999.000","-999.000","389.7","417.1","-999.0","-999.0","-999.0","-999.0","-999.0","-999.0"
"TWANOH_123W_47N","47.375","-123.008","04/28/2015","03:17","373.3","2","3.58","426.8","2","3.30","1012.1","21.4","101.48","-999.000","-999.000","374.6","428.2","-999.0","-999.0","-999.0","-999.0","-999.0","-999.0"
"TWANOH_123W_47N","47.375","-123.008","04/28/2015","06:17","387.3","2","2.46","443.7","2","2.31","1011.9","18.5","101.43","-999.000","-999.000","388.3","444.8","-999.0","-999.0","-999.0","-999.0","-999.0","-999.0"
"TWANOH_123W_47N","47.375","-123.008","04/28/2015","09:17","360.0","2","2.99","413.6","2","2.74","1012.5","17.0","101.28","-999.000","-999.000","361.1","414.7","-999.0","-999.0","-999.0","-999.0","-999.0","-999.0"
"TWANOH_123W_47N","47.375","-123.008","04/28/2015","12:17","381.4","2","2.85","412.6","2","2.69","1014.4","16.0","101.26","-999.000","-999.000","382.4","413.7","-999.0","-999.0","-999.0","-999.0","-999.0","-999.0"
"TWANOH_123W_47N","47.375","-123.008","04/28/2015","15:17","530.4","2","2.88","414.9","2","2.77","1016.6","15.2","100.43","-999.000","-999.000","531.9","416.1","-999.0","-999.0","-999.0","-999.0","-999.0","-999.0"
"TWANOH_123W_47N","47.375","-123.008","04/28/2015","18:17","563.3","2","3.28","408.6","2","2.95","1017.2","14.9","99.48","-999.000","-999.000","565.2","409.8","-999.0","-999.0","-999.0","-999.0","-999.0","-999.0"
"TWANOH_123W_47N","47.375","-123.008","04/28/2015","21:17","678.4","2","2.67","407.0","2","2.48","1019.3","14.6","98.46","-999.000","-999.000","680.2","408.0","-999.0","-999.0","-999.0","-999.0","-999.0","-999.0"
"TWANOH_123W_47N","47.375","-123.008","04/29/2015","00:17","482.3","2","2.73","408.0","2","2.55","1019.7","14.5","98.76","-999.000","-999.000","483.6","409.0","-999.0","-999.0","-999.0","-999.0","-999.0","-999.0"
"TWANOH_123W_47N","47.375","-123.008","04/29/2015","03:17","396.0","2","2.48","411.2","2","2.33","1020.5","14.1","99.25","-999.000","-999.000","397.0","412.2","-999.0","-999.0","-999.0","-999.0","-999.0","-999.0"
"TWANOH_123W_47N","47.375","-123.008","04/29/2015","06:17","348.4","2","2.39","418.8","2","2.26","1021.0","13.3","99.74","-999.000","-999.000","349.2","419.8","-999.0","-999.0","-999.0","-999.0","-999.0","-999.0"
"TWANOH_123W_47N","47.375","-123.008","04/29/2015","09:17","310.9","2","1.99","425.0","2","1.89","1021.7","12.1","100.15","-999.000","-999.000","311.5","425.8","-999.0","-999.0","-999.0","-999.0","-999.0","-999.0"
"TWANOH_123W_47N","47.375","-123.008","04/29/2015","12:17","292.6","2","1.84","428.6","2","1.77","1022.5","11.0","100.41","-999.000","-999.000","293.2","429.4","-999.0","-999.0","-999.0","-999.0","-999.0","-999.0"
"TWANOH_123W_47N","47.375","-123.008","04/29/2015","15:17","298.9","2","2.41","424.9","2","2.39","1024.1","10.5","100.64","-999.000","-999.000","299.6","425.9","-999.0","-999.0","-999.0","-999.0","-999.0","-999.0"
"TWANOH_123W_47N","47.375","-123.008","04/29/2015","18:17","373.9","2","2.64","408.1","2","2.50","1023.8","11.6","100.52","-999.000","-999.000","374.9","409.1","-999.0","-999.0","-999.0","-999.0","-999.0","-999.0"
"TWANOH_123W_47N","47.375","-123.008","04/29/2015","21:17","372.3","2","2.80","408.0","2","2.73","1023.2","13.1","100.77","-999.000","-999.000","373.3","409.1","-999.0","-999.0","-999.0","-999.0","-999.0","-999.0"
"TWANOH_123W_47N","47.375","-123.008","04/30/2015","00:17","447.0","2","2.95","408.0","2","2.87","1022.9","14.4","100.47","-999.000","-999.000","448.3","409.2","-999.0","-999.0","-999.0","-999.0","-999.0","-999.0"
"TWANOH_123W_47N","47.375","-123.008","04/30/2015","03:17","475.5","2","2.13","411.4","2","1.87","1023.2","14.9","100.04","-999.000","-999.000","476.6","412.2","-999.0","-999.0","-999.0","-999.0","-999.0","-999.0"
"TWANOH_123W_47N","47.375","-123.008","04/30/2015","06:17","504.5","2","2.30","415.7","2","2.20","1024.1","13.5","99.62","-999.000","-999.000","505.6","416.6","-999.0","-999.0","-999.0","-999.0","-999.0","-999.0"
"TWANOH_123W_47N","47.375","-123.008","04/30/2015","09:17","678.8","2","2.14","419.7","2","2.06","1025.1","12.6","98.35","-999.000","-999.000","680.3","420.6","-999.0","-999.0","-999.0","-999.0","-999.0","-999.0"
"TWANOH_123W_47N","47.375","-123.008","04/30/2015","12:17","492.6","2","1.98","427.7","2","1.92","1025.7","11.6","98.37","-999.000","-999.000","493.6","428.5","-999.0","-999.0","-999.0","-999.0","-999.0","-999.0"
"TWANOH_123W_47N","47.375","-123.008","04/30/2015","15:17","402.5","2","2.36","425.7","2","2.29","1026.5","11.4","98.74","-999.000","-999.000","403.4","426.7","-999.0","-999.0","-999.0","-999.0","-999.0","-999.0"
"TWANOH_123W_47N","47.375","-123.008","04/30/2015","18:17","388.1","2","2.65","416.8","2","2.44","1026.3","12.4","99.11","-999.000","-999.000","389.1","417.9","-999.0","-999.0","-999.0","-999.0","-999.0","-999.0"
"TWANOH_123W_47N","47.375","-123.008","04/30/2015","21:17","384.6","2","2.76","410.5","2","2.65","1023.8","14.3","99.61","-999.000","-999.000","385.7","411.6","-999.0","-999.0","-999.0","-999.0","-999.0","-999.0"
"TWANOH_123W_47N","47.375","-123.008","05/01/2015","00:17","376.0","2","2.89","406.7","2","2.72","1020.9","17.2","100.26","-999.000","-999.000","377.1","407.8","-999.0","-999.0","-999.0","-999.0","-999.0","-999.0"
"TWANOH_123W_47N","47.375","-123.008","05/01/2015","03:17","375.3","2","2.58","410.0","2","2.20","1019.4","17.6","100.46","-999.000","-999.000","376.3","410.9","-999.0","-999.0","-999.0","-999.0","-999.0","-999.0"
"TWANOH_123W_47N","47.375","-123.008","05/01/2015","06:17","372.5","2","2.88","418.0","2","2.60","1019.7","15.9","100.55","-999.000","-999.000","373.5","419.1","-999.0","-999.0","-999.0","-999.0","-999.0","-999.0"
"TWANOH_123W_47N","47.375","-123.008","05/01/2015","09:17","395.5","2","2.59","434.8","2","2.39","1018.8","14.4","100.56","-999.000","-999.000","396.6","435.8","-999.0","-999.0","-999.0","-999.0","-999.0","-999.0"
"TWANOH_123W_47N","47.375","-123.008","05/01/2015","12:17","369.2","2","2.33","437.1","2","2.18","1017.8","13.2","100.67","-999.000","-999.000","370.1","438.1","-999.0","-999.0","-999.0","-999.0","-999.0","-999.0"
"TWANOH_123W_47N","47.375","-123.008","05/01/2015","15:17","418.5","2","2.77","447.1","2","2.71","1018.2","12.4","100.65","-999.000","-999.000","419.7","448.4","-999.0","-999.0","-999.0","-999.0","-999.0","-999.0"
"TWANOH_123W_47N","47.375","-123.008","05/01/2015","18:17","449.4","2","2.86","411.6","2","2.80","1017.8","13.1","100.58","-999.000","-999.000","450.7","412.7","-999.0","-999.0","-999.0","-999.0","-999.0","-999.0"
"TWANOH_123W_47N","47.375","-123.008","05/01/2015","21:17","466.7","2","3.00","406.5","2","2.88","1016.1","15.9","100.49","-999.000","-999.000","468.1","407.7","-999.0","-999.0","-999.0","-999.0","-999.0","-999.0"
"TWANOH_123W_47N","47.375","-123.008","05/02/2015","00:17","395.6","2","2.69","403.9","2","2.46","1014.6","18.2","100.83","-999.000","-999.000","396.6","404.9","-999.0","-999.0","-999.0","-999.0","-999.0","-999.0"
"TWANOH_123W_47N","47.375","-123.008","05/02/2015","03:17","393.9","2","2.70","406.6","2","2.32","1014.7","17.8","101.07","-999.000","-999.000","395.0","407.6","-999.0","-999.0","-999.0","-999.0","-999.0","-999.0"
"TWANOH_123W_47N","47.375","-123.008","05/02/2015","06:17","413.0","2","2.80","414.5","2","2.55","1016.5","16.1","100.99","-999.000","-999.000","414.2","415.5","-999.0","-999.0","-999.0","-999.0","-999.0","-999.0"
"TWANOH_123W_47N","47.375","-123.008","05/02/2015","09:17","429.0","2","2.61","424.0","2","2.42","1016.7","14.8","100.88","-999.000","-999.000","430.1","425.0","-999.0","-999.0","-999.0","-999.0","-999.0","-999.0"
"TWANOH_123W_47N","47.375","-123.008","05/02/2015","12:17","404.9","2","2.51","429.5","2","2.35","1017.4","13.9","100.94","-999.000","-999.000","406.0","430.5","-999.0","-999.0","-999.0","-999.0","-999.0","-999.0"
"TWANOH_123W_47N","47.375","-123.008","05/02/2015","15:17","398.0","2","2.84","430.9","2","2.67","1018.5","13.2","100.75","-999.000","-999.000","399.1","432.1","-999.0","-999.0","-999.0","-999.0","-999.0","-999.0"
"TWANOH_123W_47N","47.375","-123.008","05/02/2015","18:17","474.6","2","3.10","411.5","2","2.71","1018.2","13.6","100.42","-999.000","-999.000","476.0","412.6","-999.0","-999.0","-999.0","-999.0","-999.0","-999.0"
"TWANOH_123W_47N","47.375","-123.008","05/02/2015","21:17","476.6","2","3.05","407.1","2","2.93","1016.5","15.6","100.49","-999.000","-999.000","478.0","408.3","-999.0","-999.0","-999.0","-999.0","-999.0","-999.0"
"TWANOH_123W_47N","47.375","-123.008","05/03/2015","00:17","452.9","2","2.94","404.6","2","2.70","1014.4","20.0","100.85","-999.000","-999.000","454.2","405.7","-999.0","-999.0","-999.0","-999.0","-999.0","-999.0"
"TWANOH_123W_47N","47.375","-123.008","05/03/2015","03:17","413.1","2","2.91","412.3","2","2.40","1014.3","20.4","101.07","-999.000","-999.000","414.3","413.3","-999.0","-999.0","-999.0","-999.0","-999.0","-999.0"
"TWANOH_123W_47N","47.375","-123.008","05/03/2015","06:17","424.4","2","2.95","419.2","2","2.33","1015.5","17.3","100.92","-999.000","-999.000","425.7","420.2","-999.0","-999.0","-999.0","-999.0","-999.0","-999.0"
"TWANOH_123W_47N","47.375","-123.008","05/03/2015","09:17","421.7","2","2.59","429.8","2","2.19","1015.5","14.9","100.94","-999.000","-999.000","422.7","430.7","-999.0","-999.0","-999.0","-999.0","-999.0","-999.0"
"TWANOH_123W_47N","47.375","-123.008","05/03/2015","12:17","441.5","2","2.17","443.8","2","1.93","1015.5","13.2","100.94","-999.000","-999.000","442.5","444.6","-999.0","-999.0","-999.0","-999.0","-999.0","-999.0"
"TWANOH_123W_47N","47.375","-123.008","05/03/2015","15:17","421.6","2","2.75","447.6","2","2.63","1016.2","12.0","101.00","-999.000","-999.000","422.7","448.8","-999.0","-999.0","-999.0","-999.0","-999.0","-999.0"
"TWANOH_123W_47N","47.375","-123.008","05/03/2015","18:17","452.3","2","3.04","413.0","2","2.78","1015.5","12.8","100.96","-999.000","-999.000","453.6","414.1","-999.0","-999.0","-999.0","-999.0","-999.0","-999.0"
"TWANOH_123W_47N","47.375","-123.008","05/03/2015","21:17","475.5","2","3.15","406.9","2","3.05","1013.4","15.1","101.16","-999.000","-999.000","477.0","408.2","-999.0","-999.0","-999.0","-999.0","-999.0","-999.0"
"TWANOH_123W_47N","47.375","-123.008","05/04/2015","00:17","604.1","2","2.76","404.4","2","2.55","1010.8","19.0","100.74","-999.000","-999.000","605.7","405.4","-999.0","-999.0","-999.0","-999.0","-999.0","-999.0"
"TWANOH_123W_47N","47.375","-123.008","05/04/2015","03:17","436.5","2","3.10","417.8","2","2.87","1010.7","20.5","101.25","-999.000","-999.000","437.9","419.0","-999.0","-999.0","-999.0","-999.0","-999.0","-999.0"
"TWANOH_123W_47N","47.375","-123.008","05/04/2015","06:17","453.3","2","2.08","420.9","2","1.75","1011.1","17.7","101.29","-999.000","-999.000","454.3","421.7","-999.0","-999.0","-999.0","-999.0","-999.0","-999.0"
"TWANOH_123W_47N","47.375","-123.008","05/04/2015","09:17","475.6","2","2.48","432.4","2","2.22","1011.1","15.3","101.20","-999.000","-999.000","476.8","433.3","-999.0","-999.0","-999.0","-999.0","-999.0","-999.0"
"TWANOH_123W_47N","47.375","-123.008","05/04/2015","12:17","582.4","2","2.22","422.7","2","2.17","1011.1","13.6","100.61","-999.000","-999.000","583.6","423.6","-999.0","-999.0","-999.0","-999.0","-999.0","-999.0"
"TWANOH_123W_47N","47.375","-123.008","05/04/2015","15:17","484.7","2","2.88","411.8","2","2.68","1011.5","13.1","100.78","-999.000","-999.000","486.1","412.9","-999.0","-999.0","-999.0","-999.0","-999.0","-999.0"
"TWANOH_123W_47N","47.375","-123.008","05/04/2015","18:17","408.1","2","3.09","409.6","2","2.71","1013.3","13.4","101.55","-999.000","-999.000","409.4","410.7","-999.0","-999.0","-999.0","-999.0","-999.0","-999.0"
"TWANOH_123W_47N","47.375","-123.008","05/04/2015","21:17","390.4","2","3.15","407.8","2","2.86","1013.5","13.4","102.11","-999.000","-999.000","391.6","409.0","-999.0","-999.0","-999.0","-999.0","-999.0","-999.0"
"TWANOH_123W_47N","47.375","-123.008","05/05/2015","00:17","453.4","2","3.14","407.8","2","2.80","1013.9","14.1","102.17","-999.000","-999.000","454.9","409.0","-999.0","-999.0","-999.0","-999.0","-999.0","-999.0"
"TWANOH_123W_47N","47.375","-123.008","05/05/2015","03:17","399.3","2","2.66","411.1","2","2.47","1013.5","14.3","102.43","-999.000","-999.000","400.4","412.1","-999.0","-999.0","-999.0","-999.0","-999.0","-999.0"
"TWANOH_123W_47N","47.375","-123.008","05/05/2015","06:17","418.6","2","2.52","412.7","2","2.43","1014.2","13.5","102.33","-999.000","-999.000","419.7","413.7","-999.0","-999.0","-999.0","-999.0","-999.0","-999.0"
"TWANOH_123W_47N","47.375","-123.008","05/05/2015","09:17","474.8","2","2.37","418.9","2","2.30","1014.5","12.8","101.96","-999.000","-999.000","476.0","419.8","-999.0","-999.0","-999.0","-999.0","-999.0","-999.0"
"TWANOH_123W_47N","47.375","-123.008","05/05/2015","12:17","438.6","2","2.18","417.8","2","2.14","1014.9","12.2","101.77","-999.000","-999.000","439.5","418.7","-999.0","-999.0","-999.0","-999.0","-999.0","-999.0"
"TWANOH_123W_47N","47.375","-123.008","05/05/2015","15:17","409.8","2","2.49","417.5","2","2.45","1015.9","11.8","101.72","-999.000","-999.000","410.8","418.6","-999.0","-999.0","-999.0","-999.0","-999.0","-999.0"
"TWANOH_123W_47N","47.375","-123.008","05/05/2015","18:17","450.1","2","2.84","410.9","2","2.56","1017.0","12.4","101.42","-999.000","-999.000","451.3","411.9","-999.0","-999.0","-999.0","-999.0","-999.0","-999.0"
"TWANOH_123W_47N","47.375","-123.008","05/05/2015","21:17","450.2","2","3.02","408.8","2","2.60","1017.0","13.2","101.20","-999.000","-999.000","451.6","409.9","-999.0","-999.0","-999.0","-999.0","-999.0","-999.0"
"TWANOH_123W_47N","47.375","-123.008","05/06/2015","00:17","453.6","2","3.15","408.6","2","2.71","1016.8","14.0","101.25","-999.000","-999.000","455.1","409.7","-999.0","-999.0","-999.0","-999.0","-999.0","-999.0"
"TWANOH_123W_47N","47.375","-123.008","05/06/2015","03:17","417.3","2","2.29","411.2","2","2.17","1018.5","13.9","101.30","-999.000","-999.000","418.3","412.1","-999.0","-999.0","-999.0","-999.0","-999.0","-999.0"
"TWANOH_123W_47N","47.375","-123.008","05/06/2015","06:17","420.6","2","2.07","418.9","2","1.99","1018.9","12.5","101.23","-999.000","-999.000","421.5","419.7","-999.0","-999.0","-999.0","-999.0","-999.0","-999.0"
"TWANOH_123W_47N","47.375","-123.008","05/06/2015","09:17","437.3","2","1.98","421.6","2","1.90","1019.3","11.4","100.99","-999.000","-999.000","438.1","422.4","-999.0","-999.0","-999.0","-999.0","-999.0","-999.0"
"TWANOH_123W_47N","47.375","-123.008","05/06/2015","12:17","423.7","2","1.87","428.5","2","1.81","1019.2","10.8","100.87","-999.000","-999.000","424.5","429.3","-999.0","-999.0","-999.0","-999.0","-999.0","-999.0"
"TWANOH_123W_47N","47.375","-123.008","05/06/2015","15:17","431.1","2","2.52","423.6","2","2.49","1020.5","10.5","100.77","-999.000","-999.000","432.2","424.7","-999.0","-999.0","-999.0","-999.0","-999.0","-999.0"
"TWANOH_123W_47N","47.375","-123.008","05/06/2015","18:17","431.9","2","2.61","413.5","2","2.41","1020.5","11.9","100.68","-999.000","-999.000","433.0","414.5","-999.0","-999.0","-999.0","-999.0","-999.0","-999.0"
"TWANOH_123W_47N","47.375","-123.008","05/06/2015","21:17","480.1","2","2.69","408.3","2","2.59","1019.2","13.7","100.49","-999.000","-999.000","481.3","409.4","-999.0","-999.0","-999.0","-999.0","-999.0","-999.0"
"TWANOH_123W_47N","47.375","-123.008","05/07/2015","00:17","549.5","2","2.55","404.4","2","2.39","1017.8","17.0","100.09","-999.000","-999.000","550.9","405.4","-999.0","-999.0","-999.0","-999.0","-999.0","-999.0"
"TWANOH_123W_47N","47.375","-123.008","05/07/2015","03:17","445.4","2","2.57","406.6","2","2.36","1018.0","17.6","100.17","-999.000","-999.000","446.6","407.5","-999.0","-999.0","-999.0","-999.0","-999.0","-999.0"
"TWANOH_123W_47N","47.375","-123.008","05/07/2015","06:17","477.8","2","1.87","416.6","2","1.65","1019.8","15.6","99.98","-999.000","-999.000","478.6","417.3","-999.0","-999.0","-999.0","-999.0","-999.0","-999.0"
"TWANOH_123W_47N","47.375","-123.008","05/07/2015","09:17","504.8","2","2.26","430.3","2","2.13","1019.8","13.8","99.63","-999.000","-999.000","505.9","431.2","-999.0","-999.0","-999.0","-999.0","-999.0","-999.0"
"TWANOH_123W_47N","47.375","-123.008","05/07/2015","12:17","440.3","2","2.22","444.3","2","2.13","1020.2","12.8","99.59","-999.000","-999.000","441.3","445.3","-999.0","-999.0","-999.0","-999.0","-999.0","-999.0"
"TWANOH_123W_47N","47.375","-123.008","05/07/2015","15:17","431.7","2","2.43","433.6","2","2.36","1020.9","12.1","99.65","-999.000","-999.000","432.7","434.6","-999.0","-999.0","-999.0","-999.0","-999.0","-999.0"
"TWANOH_123W_47N","47.375","-123.008","05/07/2015","18:17","482.4","2","2.92","417.3","2","2.75","1020.1","12.6","99.74","-999.000","-999.000","483.9","418.5","-999.0","-999.0","-999.0","-999.0","-999.0","-999.0"
"TWANOH_123W_47N","47.375","-123.008","05/07/2015","21:17","524.4","2","2.85","407.7","2","2.74","1017.8","14.7","99.65","-999.000","-999.000","525.9","408.8","-999.0","-999.0","-999.0","-999.0","-999.0","-999.0"
"TWANOH_123W_47N","47.375","-123.008","05/08/2015","00:17","565.4","2","2.70","405.0","2","2.48","1016.1","18.9","99.45","-999.000","-999.000","566.9","406.0","-999.0","-999.0","-999.0","-999.0","-999.0","-999.0"
"TWANOH_123W_47N","47.375","-123.008","05/08/2015","03:17","487.1","2","3.09","416.2","2","2.87","1015.9","20.8","99.51","-999.000","-999.000","488.6","417.4","-999.0","-999.0","-999.0","-999.0","-999.0","-999.0"
"TWANOH_123W_47N","47.375","-123.008","05/08/2015","06:17","503.3","2","2.39","422.0","2","2.06","1016.8","17.9","99.55","-999.000","-999.000","504.5","422.8","-999.0","-999.0","-999.0","-999.0","-999.0","-999.0"
"TWANOH_123W_47N","47.375","-123.008","05/08/2015","09:17","491.4","2","2.30","445.9","2","2.08","1016.9","15.6","99.51","-999.000","-999.000","492.5","446.8","-999.0","-999.0","-999.0","-999.0","-999.0","-999.0"
"TWANOH_123W_47N","47.375","-123.008","05/08/2015","12:17","506.8","2","2.25","450.7","2","2.09","1017.1","13.9","99.23","-999.000","-999.000","507.9","451.6","-999.0","-999.0","-999.0","-999.0","-999.0","-999.0"
"TWANOH_123W_47N","47.375","-123.008","05/08/2015","15:17","487.6","2","2.93","450.8","2","2.83","1017.4","12.6","99.18","-999.000","-999.000","489.0","452.1","-999.0","-999.0","-999.0","-999.0","-999.0","-999.0"
"TWANOH_123W_47N","47.375","-123.008","05/08/2015","18:17","538.3","2","3.13","416.4","2","3.03","1016.3","13.5","99.12","-999.000","-999.000","540.0","417.7","-999.0","-999.0","-999.0","-999.0","-999.0","-999.0"
"TWANOH_123W_47N","47.375","-123.008","05/08/2015","21:17","594.3","2","3.16","409.2","2","3.05","1014.7","15.7","98.83","-999.000","-999.000","596.1","410.4","-999.0","-999.0","-999.0","-999.0","-999.0","-999.0"
"TWANOH_123W_47N","47.375","-123.008","05/09/2015","00:17","567.6","2","2.98","406.2","2","2.75","1013.4","19.8","98.77","-999.000","-999.000","569.2","407.3","-999.0","-999.0","-999.0","-999.0","-999.0","-999.0"
"TWANOH_123W_47N","47.375","-123.008","05/09/2015","03:17","503.8","2","3.19","417.7","2","2.93","1013.9","21.3","99.11","-999.000","-999.000","505.4","418.9","-999.0","-999.0","-999.0","-999.0","-999.0","-999.0"
"TWANOH_123W_47N","47.375","-123.008","05/09/2015","06:17","501.4","2","2.33","436.2","2","2.04","1015.4","18.6","99.23","-999.000","-999.000","502.5","437.1","-999.0","-999.0","-999.0","-999.0","-999.0","-999.0"
"TWANOH_123W_47N","47.375","-123.008","05/09/2015","09:17","511.0","2","2.52","457.6","2","2.25","1016.7","16.5","99.08","-999.000","-999.000","512.3","458.6","-999.0","-999.0","-999.0","-999.0","-999.0","-999.0"
"TWANOH_123W_47N","47.375","-123.008","05/09/2015","12:17","619.6","2","2.37","458.4","2","2.19","1017.8","14.8","98.32","-999.000","-999.000","621.1","459.4","-999.0","-999.0","-999.0","-999.0","-999.0","-999.0"
"TWANOH_123W_47N","47.375","-123.008","05/09/2015","15:17","523.6","2","3.28","474.8","2","3.11","1018.6","13.8","98.43","-999.000","-999.000","525.3","476.3","-999.0","-999.0","-999.0","-999.0","-999.0","-999.0"
"TWANOH_123W_47N","47.375","-123.008","05/09/2015","18:17","530.2","2","3.42","434.4","2","3.27","1018.1","14.6","98.71","-999.000","-999.000","532.0","435.8","-999.0","-999.0","-999.0","-999.0","-999.0","-999.0"
"TWANOH_123W_47N","47.375","-123.008","05/09/2015","21:17","601.7","2","3.37","414.0","2","3.20","1017.1","17.4","98.78","-999.000","-999.000","603.7","415.3","-999.0","-999.0","-999.0","-999.0","-999.0","-999.0"
"TWANOH_123W_47N","47.375","-123.008","05/10/2015","00:17","632.4","2","3.47","412.5","2","3.13","1014.8","22.8","98.69","-999.000","-999.000","634.6","413.8","-999.0","-999.0","-999.0","-999.0","-999.0","-999.0"
"TWANOH_123W_47N","47.375","-123.008","05/10/2015","03:17","579.1","2","3.13","420.8","2","2.79","1014.9","23.1","98.70","-999.000","-999.000","580.9","421.9","-999.0","-999.0","-999.0","-999.0","-999.0","-999.0"
"TWANOH_123W_47N","47.375","-123.008","05/10/2015","06:17","550.7","2","2.80","438.4","2","2.40","1015.7","20.0","98.65","-999.000","-999.000","552.3","439.5","-999.0","-999.0","-999.0","-999.0","-999.0","-999.0"
"TWANOH_123W_47N","47.375","-123.008","05/10/2015","09:17","587.5","2","2.82","425.1","2","2.54","1016.4","18.1","98.46","-999.000","-999.000","589.2","426.2","-999.0","-999.0","-999.0","-999.0","-999.0","-999.0"
"TWANOH_123W_47N","47.375","-123.008","05/10/2015","12:17","616.5","2","2.59","424.3","2","2.38","1016.3","16.5","98.08","-999.000","-999.000","618.1","425.3","-999.0","-999.0","-999.0","-999.0","-999.0","-999.0"
"TWANOH_123W_47N","47.375","-123.008","05/10/2015","15:17","550.6","2","3.07","418.8","2","2.93","1017.6","15.4","98.23","-999.000","-999.000","552.3","420.0","-999.0","-999.0","-999.0","-999.0","-999.0","-999.0"
"TWANOH_123W_47N","47.375","-123.008","05/10/2015","18:17","550.1","2","3.71","413.0","2","3.37","1017.3","15.4","98.32","-999.000","-999.000","552.1","414.4","-999.0","-999.0","-999.0","-999.0","-999.0","-999.0"
"TWANOH_123W_47N","47.375","-123.008","05/10/2015","21:17","567.0","2","3.97","400.5","2","3.76","1016.0","16.9","98.46","-999.000","-999.000","569.3","402.0","-999.0","-999.0","-999.0","-999.0","-999.0","-999.0"
"TWANOH_123W_47N","47.375","-123.008","05/11/2015","00:17","524.8","2","4.26","400.9","2","3.80","1015.1","18.2","98.71","-999.000","-999.000","527.0","402.4","-999.0","-999.0","-999.0","-999.0","-999.0","-999.0"
"TWANOH_123W_47N","47.375","-123.008","05/11/2015","03:17","447.0","2","3.37","408.8","2","3.07","1015.8","17.2","99.54","-999.000","-999.000","448.5","410.0","-999.0","-999.0","-999.0","-999.0","-999.0","-999.0"
"TWANOH_123W_47N","47.375","-123.008","05/11/2015","06:17","459.0","2","2.90","419.8","2","2.77","1016.3","15.9","100.14","-999.000","-999.000","460.4","420.9","-999.0","-999.0","-999.0","-999.0","-999.0","-999.0"
"TWANOH_123W_47N","47.375","-123.008","05/11/2015","09:17","482.3","2","2.89","419.1","2","2.75","1016.2","15.0","100.17","-999.000","-999.000","483.7","420.2","-999.0","-999.0","-999.0","-999.0","-999.0","-999.0"
"TWANOH_123W_47N","47.375","-123.008","05/11/2015","12:17","486.7","2","2.89","426.3","2","2.75","1016.3","14.6","100.15","-999.000","-999.000","488.1","427.5","-999.0","-999.0","-999.0","-999.0","-999.0","-999.0"
"TWANOH_123W_47N","47.375","-123.008","05/11/2015","15:17","486.1","2","2.90","421.2","2","2.80","1016.1","14.4","100.00","-999.000","-999.000","487.5","422.4","-999.0","-999.0","-999.0","-999.0","-999.0","-999.0"
"TWANOH_123W_47N","47.375","-123.008","05/11/2015","18:17","503.6","2","3.19","416.1","2","3.07","1015.7","14.6","99.88","-999.000","-999.000","505.2","417.3","-999.0","-999.0","-999.0","-999.0","-999.0","-999.0"
"TWANOH_123W_47N","47.375","-123.008","05/11/2015","21:17","518.5","2","3.64","409.1","2","3.43","1014.2","15.0","99.75","-999.000","-999.000","520.4","410.5","-999.0","-999.0","-999.0","-999.0","-999.0","-999.0"
"TWANOH_123W_47N","47.375","-123.008","05/12/2015","00:17","585.6","2","3.49","402.6","2","3.15","1013.1","15.9","99.29","-999.000","-999.000","587.6","403.9","-999.0","-999.0","-999.0","-999.0","-999.0","-999.0"
"TWANOH_123W_47N","47.375","-123.008","05/12/2015","03:17","544.3","2","3.32","405.2","2","3.02","1011.8","16.0","99.20","-999.000","-999.000","546.1","406.4","-999.0","-999.0","-999.0","-999.0","-999.0","-999.0"
"TWANOH_123W_47N","47.375","-123.008","05/12/2015","06:17","545.8","2","3.10","413.2","2","2.89","1010.7","15.5","99.04","-999.000","-999.000","547.5","414.4","-999.0","-999.0","-999.0","-999.0","-999.0","-999.0"
"TWANOH_123W_47N","47.375","-123.008","05/12/2015","09:17","513.8","2","3.00","420.8","2","2.82","1010.2","14.8","99.03","-999.000","-999.000","515.3","422.0","-999.0","-999.0","-999.0","-999.0","-999.0","-999.0"
"TWANOH_123W_47N","47.375","-123.008","05/12/2015","12:17","510.4","2","2.98","427.5","2","2.83","1009.9","14.4","99.13","-999.000","-999.000","511.9","428.7","-999.0","-999.0","-999.0","-999.0","-999.0","-999.0"
"TWANOH_123W_47N","47.375","-123.008","05/12/2015","15:17","653.8","2","3.05","425.2","2","2.92","1010.0","14.2","98.23","-999.000","-999.000","655.8","426.5","-999.0","-999.0","-999.0","-999.0","-999.0","-999.0"
"TWANOH_123W_47N","47.375","-123.008","05/12/2015","18:17","577.2","2","3.52","416.9","2","3.41","1009.5","14.6","98.25","-999.000","-999.000","579.3","418.4","-999.0","-999.0","-999.0","-999.0","-999.0","-999.0"
"TWANOH_123W_47N","47.375","-123.008","05/12/2015","21:17","508.1","2","3.60","412.9","2","3.50","1009.1","15.8","98.68","-999.000","-999.000","509.9","414.4","-999.0","-999.0","-999.0","-999.0","-999.0","-999.0"
"TWANOH_123W_47N","47.375","-123.008","05/13/2015","00:17","553.4","2","3.68","404.7","2","3.54","1008.8","17.4","98.68","-999.000","-999.000","555.5","406.1","-999.0","-999.0","-999.0","-999.0","-999.0","-999.0"
"TWANOH_123W_47N","47.375","-123.008","05/13/2015","03:17","531.1","2","2.99","405.8","2","2.67","1008.7","17.2","98.81","-999.000","-999.000","532.7","406.9","-999.0","-999.0","-999.0","-999.0","-999.0","-999.0"
"TWANOH_123W_47N","47.375","-123.008","05/13/2015","06:17","515.7","2","3.22","411.6","2","2.96","1009.8","16.1","99.00","-999.000","-999.000","517.3","412.8","-999.0","-999.0","-999.0","-999.0","-999.0","-999.0"
"TWANOH_123W_47N","47.375","-123.008","05/13/2015","09:17","571.1","2","2.96","415.1","2","2.86","1009.4","15.0","98.69","-999.000","-999.000","572.8","416.2","-999.0","-999.0","-999.0","-999.0","-999.0","-999.0"
"TWANOH_123W_47N","47.375","-123.008","05/13/2015","12:17","588.5","2","2.95","418.1","2","2.84","1009.4","14.4","98.47","-999.000","-999.000","590.2","419.3","-999.0","-999.0","-999.0","-999.0","-999.0","-999.0"
"TWANOH_123W_47N","47.375","-123.008","05/13/2015","15:17","598.0","2","2.91","416.5","2","2.82","1010.2","14.0","98.23","-999.000","-999.000","599.7","417.7","-999.0","-999.0","-999.0","-999.0","-999.0","-999.0"
"TWANOH_123W_47N","47.375","-123.008","05/13/2015","18:17","655.8","2","3.17","412.0","2","3.04","1010.8","14.0","97.63","-999.000","-999.000","657.9","413.2","-999.0","-999.0","-999.0","-999.0","-999.0","-999.0"
"TWANOH_123W_47N","47.375","-123.008","05/13/2015","21:17","601.4","2","3.13","404.9","2","2.97","1011.1","14.3","97.41","-999.000","-999.000","603.3","406.1","-999.0","-999.0","-999.0","-999.0","-999.0","-999.0"
"TWANOH_123W_47N","47.375","-123.008","05/14/2015","00:17","563.4","2","2.97","403.2","2","2.87","1011.5","14.4","97.51","-999.000","-999.000","565.1","404.4","-999.0","-999.0","-999.0","-999.0","-999.0","-999.0"
"TWANOH_123W_47N","47.375","-123.008","05/14/2015","03:17","525.6","2","2.80","403.8","2","2.73","1012.0","14.1","97.82","-999.000","-999.000","527.1","404.9","-999.0","-999.0","-999.0","-999.0","-999.0","-999.0"
"TWANOH_123W_47N","47.375","-123.008","05/14/2015","06:17","516.0","2","2.81","414.5","2","2.74","1012.5","13.8","97.97","-999.000","-999.000","517.4","415.6","-999.0","-999.0","-999.0","-999.0","-999.0","-999.0"
"TWANOH_123W_47N","47.375","-123.008","05/14/2015","09:17","500.8","2","2.74","420.4","2","2.68","1012.2","13.6","98.19","-999.000","-999.000","502.1","421.5","-999.0","-999.0","-999.0","-999.0","-999.0","-999.0"
"TWANOH_123W_47N","47.375","-123.008","05/14/2015","12:17","490.2","2","2.73","425.7","2","2.68","1012.3","13.4","98.40","-999.000","-999.000","491.5","426.8","-999.0","-999.0","-999.0","-999.0","-999.0","-999.0"
"TWANOH_123W_47N","47.375","-123.008","05/14/2015","15:17","501.8","2","3.00","419.1","2","2.95","1013.0","13.4","98.41","-999.000","-999.000","503.3","420.3","-999.0","-999.0","-999.0","-999.0","-999.0","-999.0"
"TWANOH_123W_47N","47.375","-123.008","05/14/2015","18:17","497.6","2","3.37","411.5","2","3.31","1012.2","14.5","98.74","-999.000","-999.000","499.2","412.8","-999.0","-999.0","-999.0","-999.0","-999.0","-999.0"
"TWANOH_123W_47N","47.375","-123.008","05/14/2015","21:17","588.0","2","3.16","406.8","2","3.06","1010.6","15.5","98.56","-999.000","-999.000","589.9","408.0","-999.0","-999.0","-999.0","-999.0","-999.0","-999.0"
"TWANOH_123W_47N","47.375","-123.008","05/15/2015","00:17","506.0","2","2.95","403.9","2","2.74","1009.2","18.9","99.20","-999.000","-999.000","507.5","405.0","-999.0","-999.0","-999.0","-999.0","-999.0","-999.0"
"TWANOH_123W_47N","47.375","-123.008","05/15/2015","03:17","525.7","2","3.32","403.1","2","3.12","1009.0","19.6","99.53","-999.000","-999.000","527.4","404.4","-999.0","-999.0","-999.0","-999.0","-999.0","-999.0"
"TWANOH_123W_47N","47.375","-123.008","05/15/2015","06:17","522.8","2","2.40","419.9","2","2.22","1010.2","17.6","99.63","-999.000","-999.000","524.0","420.8","-999.0","-999.0","-999.0","-999.0","-999.0","-999.0"
"TWANOH_123W_47N","47.375","-123.008","05/15/2015","09:17","518.4","2","2.22","430.5","2","2.07","1009.8","15.8","99.47","-999.000","-999.000","519.5","431.4","-999.0","-999.0","-999.0","-999.0","-999.0","-999.0"
"TWANOH_123W_47N","47.375","-123.008","05/15/2015","12:17","498.9","2","2.44","427.5","2","2.37","1010.4","14.5","99.60","-999.000","-999.000","500.1","428.5","-999.0","-999.0","-999.0","-999.0","-999.0","-999.0"
"TWANOH_123W_47N","47.375","-123.008","05/15/2015","15:17","601.6","2","2.82","422.7","2","2.76","1011.6","13.8","99.18","-999.000","-999.000","603.3","423.8","-999.0","-999.0","-999.0","-999.0","-999.0","-999.0"
"TWANOH_123W_47N","47.375","-123.008","05/15/2015","18:17","515.4","2","3.44","407.6","2","3.22","1011.4","14.4","99.40","-999.000","-999.000","517.2","409.0","-999.0","-999.0","-999.0","-999.0","-999.0","-999.0"
"TWANOH_123W_47N","47.375","-123.008","05/15/2015","21:17","555.1","2","3.56","403.6","2","3.41","1010.4","15.9","99.40","-999.000","-999.000","557.1","405.0","-999.0","-999.0","-999.0","-999.0","-999.0","-999.0"
"TWANOH_123W_47N","47.375","-123.008","05/16/2015","00:17","780.2","2","3.67","400.0","2","3.27","1010.4","17.1","97.84","-999.000","-999.000","783.0","401.4","-999.0","-999.0","-999.0","-999.0","-999.0","-999.0"
"TWANOH_123W_47N","47.375","-123.008","05/16/2015","03:17","697.7","2","3.39","406.2","2","3.11","1011.6","16.5","97.31","-999.000","-999.000","700.1","407.5","-999.0","-999.0","-999.0","-999.0","-999.0","-999.0"
"TWANOH_123W_47N","47.375","-123.008","05/16/2015","06:17","854.7","2","3.08","413.1","2","2.93","1012.3","15.4","95.93","-999.000","-999.000","857.4","414.3","-999.0","-999.0","-999.0","-999.0","-999.0","-999.0"
"TWANOH_123W_47N","47.375","-123.008","05/16/2015","09:17","754.9","2","3.02","416.7","2","2.87","1012.6","14.6","95.41","-999.000","-999.000","757.2","417.9","-999.0","-999.0","-999.0","-999.0","-999.0","-999.0"
"TWANOH_123W_47N","47.375","-123.008","05/16/2015","12:17","529.1","2","2.91","420.6","2","2.80","1013.3","14.3","96.29","-999.000","-999.000","530.6","421.8","-999.0","-999.0","-999.0","-999.0","-999.0","-999.0"
"TWANOH_123W_47N","47.375","-123.008","05/16/2015","15:17","540.7","2","2.89","420.0","2","2.82","1014.3","14.0","96.79","-999.000","-999.000","542.2","421.2","-999.0","-999.0","-999.0","-999.0","-999.0","-999.0"
"TWANOH_123W_47N","47.375","-123.008","05/16/2015","18:17","498.6","2","3.37","410.5","2","3.26","1014.7","14.2","97.49","-999.000","-999.000","500.3","411.9","-999.0","-999.0","-999.0","-999.0","-999.0","-999.0"
"TWANOH_123W_47N","47.375","-123.008","05/16/2015","21:17","577.0","2","3.49","406.0","2","3.31","1014.6","15.5","97.79","-999.000","-999.000","579.0","407.3","-999.0","-999.0","-999.0","-999.0","-999.0","-999.0"
"TWANOH_123W_47N","47.375","-123.008","05/17/2015","00:17","397.0","2","3.63","399.3","2","3.23","1014.5","16.4","99.43","-999.000","-999.000","398.4","400.6","-999.0","-999.0","-999.0","-999.0","-999.0","-999.0"
"TWANOH_123W_47N","47.375","-123.008","05/17/2015","03:17","571.1","2","3.39","403.8","2","3.10","1015.4","16.4","99.34","-999.000","-999.000","573.0","405.0","-999.0","-999.0","-999.0","-999.0","-999.0","-999.0"
"TWANOH_123W_47N","47.375","-123.008","05/17/2015","06:17","500.9","2","3.15","411.1","2","2.90","1016.6","15.7","99.66","-999.000","-999.000","502.4","412.3","-999.0","-999.0","-999.0","-999.0","-999.0","-999.0"
"TWANOH_123W_47N","47.375","-123.008","05/17/2015","09:17","494.6","2","2.90","423.3","2","2.74","1016.5","14.7","99.85","-999.000","-999.000","496.0","424.4","-999.0","-999.0","-999.0","-999.0","-999.0","-999.0"
"TWANOH_123W_47N","47.375","-123.008","05/17/2015","12:17","433.7","2","2.86","425.5","2","2.72","1016.9","14.1","100.26","-999.000","-999.000","434.9","426.7","-999.0","-999.0","-999.0","-999.0","-999.0","-999.0"
"TWANOH_123W_47N","47.375","-123.008","05/17/2015","15:17","408.5","2","2.98","425.8","2","2.85","1018.0","14.0","100.70","-999.000","-999.000","409.7","427.0","-999.0","-999.0","-999.0","-999.0","-999.0","-999.0"
"TWANOH_123W_47N","47.375","-123.008","05/17/2015","18:17","462.7","2","3.46","415.8","2","3.28","1018.2","14.8","100.86","-999.000","-999.000","464.3","417.1","-999.0","-999.0","-999.0","-999.0","-999.0","-999.0"
"TWANOH_123W_47N","47.375","-123.008","05/17/2015","21:17","471.0","2","3.38","408.0","2","3.23","1017.2","17.5","101.36","-999.000","-999.000","472.6","409.3","-999.0","-999.0","-999.0","-999.0","-999.0","-999.0"
"TWANOH_123W_47N","47.375","-123.008","05/18/2015","00:17","453.3","2","3.16","401.7","2","2.88","1016.0","21.4","101.93","-999.000","-999.000","454.7","402.8","-999.0","-999.0","-999.0","-999.0","-999.0","-999.0"
"TWANOH_123W_47N","47.375","-123.008","05/18/2015","03:17","437.2","2","3.21","409.9","2","2.94","1015.8","22.0","102.36","-999.000","-999.000","438.6","411.1","-999.0","-999.0","-999.0","-999.0","-999.0","-999.0"
"TWANOH_123W_47N","47.375","-123.008","05/18/2015","06:17","420.3","2","2.88","415.1","2","2.50","1016.9","19.6","102.75","-999.000","-999.000","421.5","416.1","-999.0","-999.0","-999.0","-999.0","-999.0","-999.0"
"TWANOH_123W_47N","47.375","-123.008","05/18/2015","09:17","431.6","2","3.53","424.9","2","3.24","1016.7","18.0","102.79","-999.000","-999.000","433.1","426.3","-999.0","-999.0","-999.0","-999.0","-999.0","-999.0"
"TWANOH_123W_47N","47.375","-123.008","05/18/2015","12:17","419.3","2","3.25","440.3","2","3.08","1017.1","16.5","102.81","-999.000","-999.000","420.7","441.6","-999.0","-999.0","-999.0","-999.0","-999.0","-999.0"
"TWANOH_123W_47N","47.375","-123.008","05/18/2015","15:17","455.4","2","3.86","442.1","2","3.80","1018.1","15.6","102.65","-999.000","-999.000","457.2","443.8","-999.0","-999.0","-999.0","-999.0","-999.0","-999.0"
"TWANOH_123W_47N","47.375","-123.008","05/18/2015","18:17","500.4","2","3.92","414.9","2","3.83","1017.3","16.1","102.42","-999.000","-999.000","502.3","416.5","-999.0","-999.0","-999.0","-999.0","-999.0","-999.0"
"TWANOH_123W_47N","47.375","-123.008","05/18/2015","21:17","446.0","2","4.03","406.3","2","3.90","1015.5","18.2","102.90","-999.000","-999.000","447.8","407.9","-999.0","-999.0","-999.0","-999.0","-999.0","-999.0"
"TWANOH_123W_47N","47.375","-123.008","05/19/2015","00:17","480.7","2","3.28","403.7","2","3.06","1014.0","21.2","103.01","-999.000","-999.000","482.3","405.0","-999.0","-999.0","-999.0","-999.0","-999.0","-999.0"
"TWANOH_123W_47N","47.375","-123.008","05/19/2015","03:17","369.2","2","3.35","397.6","2","3.08","1015.0","21.1","104.13","-999.000","-999.000","370.4","398.8","-999.0","-999.0","-999.0","-999.0","-999.0","-999.0"
"TWANOH_123W_47N","47.375","-123.008","05/19/2015","06:17","455.3","2","2.28","407.8","2","1.98","1017.2","19.3","103.79","-999.000","-999.000","456.3","408.6","-999.0","-999.0","-999.0","-999.0","-999.0","-999.0"
"TWANOH_123W_47N","47.375","-123.008","05/19/2015","09:17","484.5","2","3.08","411.4","2","2.93","1017.4","17.5","103.17","-999.000","-999.000","486.0","412.6","-999.0","-999.0","-999.0","-999.0","-999.0","-999.0"
"TWANOH_123W_47N","47.375","-123.008","05/19/2015","12:17","437.9","2","3.08","415.5","2","2.98","1017.8","16.3","103.03","-999.000","-999.000","439.2","416.7","-999.0","-999.0","-999.0","-999.0","-999.0","-999.0"
"TWANOH_123W_47N","47.375","-123.008","05/19/2015","15:17","421.1","2","3.28","414.6","2","3.18","1019.0","15.7","103.01","-999.000","-999.000","422.4","415.9","-999.0","-999.0","-999.0","-999.0","-999.0","-999.0"
"TWANOH_123W_47N","47.375","-123.008","05/19/2015","18:17","480.6","2","3.89","406.2","2","3.69","1019.3","15.8","102.72","-999.000","-999.000","482.4","407.7","-999.0","-999.0","-999.0","-999.0","-999.0","-999.0"
"TWANOH_123W_47N","47.375","-123.008","05/19/2015","21:17","412.9","2","4.04","398.5","2","3.91","1017.4","17.3","103.25","-999.000","-999.000","414.6","400.0","-999.0","-999.0","-999.0","-999.0","-999.0","-999.0"
"TWANOH_123W_47N","47.375","-123.008","05/20/2015","00:17","441.6","2","4.27","393.2","2","4.09","1015.9","19.2","103.43","-999.000","-999.000","443.5","394.9","-999.0","-999.0","-999.0","-999.0","-999.0","-999.0"
"TWANOH_123W_47N","47.375","-123.008","05/20/2015","03:17","392.0","2","3.28","397.1","2","2.86","1015.4","19.3","103.80","-999.000","-999.000","393.3","398.2","-999.0","-999.0","-999.0","-999.0","-999.0","-999.0"
"TWANOH_123W_47N","47.375","-123.008","05/20/2015","06:17","461.8","2","3.45","408.3","2","3.23","1016.1","17.2","103.48","-999.000","-999.000","463.4","409.7","-999.0","-999.0","-999.0","-999.0","-999.0","-999.0"
"TWANOH_123W_47N","47.375","-123.008","05/20/2015","09:17","517.6","2","3.20","409.1","2","3.10","1016.5","16.0","102.89","-999.000","-999.000","519.2","410.4","-999.0","-999.0","-999.0","-999.0","-999.0","-999.0"
"TWANOH_123W_47N","47.375","-123.008","05/20/2015","12:17","460.1","2","3.12","413.3","2","3.02","1015.9","15.3","102.73","-999.000","-999.000","461.5","414.5","-999.0","-999.0","-999.0","-999.0","-999.0","-999.0"
"TWANOH_123W_47N","47.375","-123.008","05/20/2015","15:17","400.5","2","3.27","414.6","2","3.16","1015.8","14.9","102.87","-999.000","-999.000","401.8","415.9","-999.0","-999.0","-999.0","-999.0","-999.0","-999.0"
"TWANOH_123W_47N","47.375","-123.008","05/20/2015","18:17","408.5","2","3.80","409.5","2","3.66","1015.3","15.4","103.17","-999.000","-999.000","410.1","411.1","-999.0","-999.0","-999.0","-999.0","-999.0","-999.0"
"TWANOH_123W_47N","47.375","-123.008","05/20/2015","21:17","436.4","2","3.85","403.6","2","3.69","1013.1","17.8","103.20","-999.000","-999.000","438.1","405.1","-999.0","-999.0","-999.0","-999.0","-999.0","-999.0"
"TWANOH_123W_47N","47.375","-123.008","05/21/2015","00:17","461.6","2","3.96","393.6","2","3.71","1009.9","21.5","103.20","-999.000","-999.000","463.4","395.1","-999.0","-999.0","-999.0","-999.0","-999.0","-999.0"
"TWANOH_123W_47N","47.375","-123.008","05/21/2015","03:17","412.7","2","3.39","412.7","2","3.05","1009.7","23.0","103.61","-999.000","-999.000","414.1","414.0","-999.0","-999.0","-999.0","-999.0","-999.0","-999.0"
"TWANOH_123W_47N","47.375","-123.008","05/21/2015","06:17","414.8","2","4.13","409.0","2","3.65","1010.8","20.5","103.61","-999.000","-999.000","416.5","410.5","-999.0","-999.0","-999.0","-999.0","-999.0","-999.0"
"TWANOH_123W_47N","47.375","-123.008","05/21/2015","09:17","428.9","2","3.91","429.4","2","3.61","1010.7","18.5","103.51","-999.000","-999.000","430.6","430.9","-999.0","-999.0","-999.0","-999.0","-999.0","-999.0"
"TWANOH_123W_47N","47.375","-123.008","05/21/2015","12:17","427.9","2","3.45","427.5","2","3.24","1010.7","16.8","103.38","-999.000","-999.000","429.4","428.9","-999.0","-999.0","-999.0","-999.0","-999.0","-999.0"
"TWANOH_123W_47N","47.375","-123.008","05/21/2015","15:17","424.4","2","4.05","427.4","2","3.88","1011.1","16.0","103.31","-999.000","-999.000","426.1","429.1","-999.0","-999.0","-999.0","-999.0","-999.0","-999.0"
"TWANOH_123W_47N","47.375","-123.008","05/21/2015","18:17","443.4","2","4.27","417.9","2","3.95","1010.6","17.1","103.23","-999.000","-999.000","445.3","419.6","-999.0","-999.0","-999.0","-999.0","-999.0","-999.0"
"TWANOH_123W_47N","47.375","-123.008","05/21/2015","21:17","490.0","2","4.56","398.6","2","4.40","1009.6","19.7","103.14","-999.000","-999.000","492.2","400.3","-999.0","-999.0","-999.0","-999.0","-999.0","-999.0"
"TWANOH_123W_47N","47.375","-123.008","05/22/2015","00:17","495.7","2","3.55","392.2","2","3.34","1008.2","21.2","102.80","-999.000","-999.000","497.5","393.5","-999.0","-999.0","-999.0","-999.0","-999.0","-999.0"
"TWANOH_123W_47N","47.375","-123.008","05/22/2015","03:17","561.9","2","2.95","396.2","2","2.56","1008.9","20.9","101.89","-999.000","-999.000","563.5","397.2","-999.0","-999.0","-999.0","-999.0","-999.0","-999.0"
"TWANOH_123W_47N","47.375","-123.008","05/22/2015","06:17","615.8","2","3.32","409.2","2","3.14","1011.0","18.8","100.70","-999.000","-999.000","617.8","410.5","-999.0","-999.0","-999.0","-999.0","-999.0","-999.0"
"TWANOH_123W_47N","47.375","-123.008","05/22/2015","09:17","679.5","2","3.23","411.1","2","3.18","1011.9","17.1","99.57","-999.000","-999.000","681.7","412.4","-999.0","-999.0","-999.0","-999.0","-999.0","-999.0"
"TWANOH_123W_47N","47.375","-123.008","05/22/2015","12:17","670.2","2","3.17","412.5","2","3.11","1012.9","15.9","98.58","-999.000","-999.000","672.3","413.8","-999.0","-999.0","-999.0","-999.0","-999.0","-999.0"
"TWANOH_123W_47N","47.375","-123.008","05/22/2015","15:17","737.3","2","3.35","410.3","2","3.26","1013.8","15.4","97.45","-999.000","-999.000","739.8","411.7","-999.0","-999.0","-999.0","-999.0","-999.0","-999.0"
"TWANOH_123W_47N","47.375","-123.008","05/22/2015","18:17","592.9","2","3.51","406.9","2","3.36","1014.6","15.5","97.44","-999.000","-999.000","595.0","408.2","-999.0","-999.0","-999.0","-999.0","-999.0","-999.0"
"TWANOH_123W_47N","47.375","-123.008","05/22/2015","21:17","582.7","2","3.56","401.6","2","3.41","1015.3","15.6","97.48","-999.000","-999.000","584.7","403.0","-999.0","-999.0","-999.0","-999.0","-999.0","-999.0"
"TWANOH_123W_47N","47.375","-123.008","05/23/2015","00:17","580.1","2","3.75","399.1","2","3.54","1015.5","15.9","97.63","-999.000","-999.000","582.3","400.5","-999.0","-999.0","-999.0","-999.0","-999.0","-999.0"
"TWANOH_123W_47N","47.375","-123.008","05/23/2015","03:17","627.1","2","3.43","405.4","2","3.26","1015.7","15.9","97.28","-999.000","-999.000","629.2","406.7","-999.0","-999.0","-999.0","-999.0","-999.0","-999.0"
"TWANOH_123W_47N","47.375","-123.008","05/23/2015","06:17","752.4","2","3.29","409.9","2","3.16","1017.0","15.5","96.42","-999.000","-999.000","754.9","411.2","-999.0","-999.0","-999.0","-999.0","-999.0","-999.0"
"TWANOH_123W_47N","47.375","-123.008","05/23/2015","09:17","588.1","2","3.25","413.0","2","3.12","1017.9","15.2","96.64","-999.000","-999.000","590.0","414.3","-999.0","-999.0","-999.0","-999.0","-999.0","-999.0"
"TWANOH_123W_47N","47.375","-123.008","05/23/2015","12:17","603.7","2","3.16","414.7","2","3.07","1018.8","15.0","96.69","-999.000","-999.000","605.6","415.9","-999.0","-999.0","-999.0","-999.0","-999.0","-999.0"
"TWANOH_123W_47N","47.375","-123.008","05/23/2015","15:17","641.2","2","3.27","412.1","2","3.18","1020.0","14.9","96.49","-999.000","-999.000","643.3","413.4","-999.0","-999.0","-999.0","-999.0","-999.0","-999.0"
"TWANOH_123W_47N","47.375","-123.008","05/23/2015","18:17","507.9","2","3.48","407.1","2","3.34","1020.6","15.1","97.15","-999.000","-999.000","509.7","408.4","-999.0","-999.0","-999.0","-999.0","-999.0","-999.0"
"TWANOH_123W_47N","47.375","-123.008","05/23/2015","21:17","482.5","2","3.84","403.3","2","3.65","1021.4","15.8","97.82","-999.000","-999.000","484.4","404.8","-999.0","-999.0","-999.0","-999.0","-999.0","-999.0"
"TWANOH_123W_47N","47.375","-123.008","05/24/2015","00:17","541.2","2","3.74","396.6","2","3.45","1020.4","16.9","97.90","-999.000","-999.000","543.2","398.0","-999.0","-999.0","-999.0","-999.0","-999.0","-999.0"
"TWANOH_123W_47N","47.375","-123.008","05/24/2015","03:17","537.6","2","3.53","399.9","2","3.31","1020.2","16.8","98.09","-999.000","-999.000","539.5","401.2","-999.0","-999.0","-999.0","-999.0","-999.0","-999.0"
"TWANOH_123W_47N","47.375","-123.008","05/24/2015","06:17","477.0","2","3.28","410.7","2","3.10","1020.6","16.3","98.49","-999.000","-999.000","478.6","412.0","-999.0","-999.0","-999.0","-999.0","-999.0","-999.0"
"TWANOH_123W_47N","47.375","-123.008","05/24/2015","09:17","497.8","2","3.15","415.2","2","3.01","1020.9","15.5","98.64","-999.000","-999.000","499.4","416.5","-999.0","-999.0","-999.0","-999.0","-999.0","-999.0"
"TWANOH_123W_47N","47.375","-123.008","05/24/2015","12:17","549.2","2","3.10","419.0","2","3.00","1020.1","15.0","98.39","-999.000","-999.000","550.9","420.2","-999.0","-999.0","-999.0","-999.0","-999.0","-999.0"
"TWANOH_123W_47N","47.375","-123.008","05/24/2015","15:17","526.8","2","3.16","409.5","2","3.04","1020.2","14.7","98.20","-999.000","-999.000","528.5","410.7","-999.0","-999.0","-999.0","-999.0","-999.0","-999.0"
"TWANOH_123W_47N","47.375","-123.008","05/24/2015","18:17","531.9","2","3.67","405.7","2","3.48","1019.4","15.1","98.30","-999.000","-999.000","533.9","407.1","-999.0","-999.0","-999.0","-999.0","-999.0","-999.0"
"TWANOH_123W_47N","47.375","-123.008","05/24/2015","21:17","551.2","2","3.88","398.2","2","3.51","1017.9","16.3","98.30","-999.000","-999.000","553.4","399.6","-999.0","-999.0","-999.0","-999.0","-999.0","-999.0"
"TWANOH_123W_47N","47.375","-123.008","05/25/2015","00:17","517.2","2","4.06","393.3","2","3.86","1016.2","17.0","98.55","-999.000","-999.000","519.4","394.8","-999.0","-999.0","-999.0","-999.0","-999.0","-999.0"
"TWANOH_123W_47N","47.375","-123.008","05/25/2015","03:17","516.3","2","3.56","402.3","2","3.25","1015.6","17.0","98.68","-999.000","-999.000","518.1","403.6","-999.0","-999.0","-999.0","-999.0","-999.0","-999.0"
"TWANOH_123W_47N","47.375","-123.008","05/25/2015","06:17","675.2","2","3.24","411.3","2","3.04","1015.6","16.2","97.94","-999.000","-999.000","677.4","412.5","-999.0","-999.0","-999.0","-999.0","-999.0","-999.0"
"TWANOH_123W_47N","47.375","-123.008","05/25/2015","09:17","564.5","2","3.18","415.3","2","3.04","1015.1","15.5","98.02","-999.000","-999.000","566.3","416.5","-999.0","-999.0","-999.0","-999.0","-999.0","-999.0"
"TWANOH_123W_47N","47.375","-123.008","05/25/2015","12:17","678.0","2","3.09","415.1","2","2.96","1015.1","15.0","97.41","-999.000","-999.000","680.1","416.3","-999.0","-999.0","-999.0","-999.0","-999.0","-999.0"
"TWANOH_123W_47N","47.375","-123.008","05/25/2015","15:17","628.5","2","3.27","408.9","2","3.13","1015.4","14.6","97.23","-999.000","-999.000","630.6","410.1","-999.0","-999.0","-999.0","-999.0","-999.0","-999.0"
"TWANOH_123W_47N","47.375","-123.008","05/25/2015","18:17","583.8","2","3.75","401.5","2","3.52","1015.4","15.2","97.39","-999.000","-999.000","586.0","403.0","-999.0","-999.0","-999.0","-999.0","-999.0","-999.0"
"TWANOH_123W_47N","47.375","-123.008","05/25/2015","21:17","581.2","2","3.87","398.8","2","3.55","1015.7","16.0","97.45","-999.000","-999.000","583.5","400.3","-999.0","-999.0","-999.0","-999.0","-999.0","-999.0"
"TWANOH_123W_47N","47.375","-123.008","05/26/2015","00:17","518.3","2","3.78","399.5","2","3.42","1015.1","16.5","97.84","-999.000","-999.000","520.3","400.9","-999.0","-999.0","-999.0","-999.0","-999.0","-999.0"
"TWANOH_123W_47N","47.375","-123.008","05/26/2015","03:17","531.0","2","3.48","404.9","2","3.22","1015.3","16.5","98.05","-999.000","-999.000","532.8","406.2","-999.0","-999.0","-999.0","-999.0","-999.0","-999.0"
"TWANOH_123W_47N","47.375","-123.008","05/26/2015","06:17","686.1","2","3.29","412.3","2","3.10","1015.8","15.8","97.27","-999.000","-999.000","688.4","413.6","-999.0","-999.0","-999.0","-999.0","-999.0","-999.0"
"TWANOH_123W_47N","47.375","-123.008","05/26/2015","09:17","501.9","2","3.20","415.6","2","3.05","1015.9","15.1","97.81","-999.000","-999.000","503.5","416.8","-999.0","-999.0","-999.0","-999.0","-999.0","-999.0"
"TWANOH_123W_47N","47.375","-123.008","05/26/2015","12:17","552.2","2","3.09","418.4","2","2.99","1016.5","14.7","97.73","-999.000","-999.000","554.0","419.6","-999.0","-999.0","-999.0","-999.0","-999.0","-999.0"
"TWANOH_123W_47N","47.375","-123.008","05/26/2015","15:17","598.8","2","3.31","417.3","2","3.19","1017.2","14.6","97.66","-999.000","-999.000","600.8","418.6","-999.0","-999.0","-999.0","-999.0","-999.0","-999.0"
"TWANOH_123W_47N","47.375","-123.008","05/26/2015","18:17","516.8","2","3.69","406.6","2","3.60","1016.7","15.7","98.23","-999.000","-999.000","518.7","408.0","-999.0","-999.0","-999.0","-999.0","-999.0","-999.0"
"TWANOH_123W_47N","47.375","-123.008","05/26/2015","21:17","503.0","2","3.13","400.4","2","2.96","1016.3","18.3","98.70","-999.000","-999.000","504.6","401.5","-999.0","-999.0","-999.0","-999.0","-999.0","-999.0"
"TWANOH_123W_47N","47.375","-123.008","05/27/2015","00:17","533.3","2","3.13","397.2","2","2.91","1015.4","20.2","98.87","-999.000","-999.000","535.0","398.3","-999.0","-999.0","-999.0","-999.0","-999.0","-999.0"
"TWANOH_123W_47N","47.375","-123.008","05/27/2015","03:17","601.4","2","3.54","409.8","2","3.31","1015.2","20.9","98.74","-999.000","-999.000","603.5","411.2","-999.0","-999.0","-999.0","-999.0","-999.0","-999.0"
"TWANOH_123W_47N","47.375","-123.008","05/27/2015","06:17","629.0","2","2.69","425.3","2","2.50","1015.6","19.3","98.16","-999.000","-999.000","630.7","426.3","-999.0","-999.0","-999.0","-999.0","-999.0","-999.0"
"TWANOH_123W_47N","47.375","-123.008","05/27/2015","09:17","487.5","2","2.47","424.3","2","2.29","1016.3","17.6","98.56","-999.000","-999.000","488.7","425.3","-999.0","-999.0","-999.0","-999.0","-999.0","-999.0"
"TWANOH_123W_47N","47.375","-123.008","05/27/2015","12:17","464.5","2","2.91","433.8","2","2.77","1016.9","16.4","98.87","-999.000","-999.000","465.8","435.0","-999.0","-999.0","-999.0","-999.0","-999.0","-999.0"
"TWANOH_123W_47N","47.375","-123.008","05/27/2015","15:17","564.3","2","3.61","421.3","2","3.46","1017.8","15.6","98.57","-999.000","-999.000","566.3","422.8","-999.0","-999.0","-999.0","-999.0","-999.0","-999.0"
"TWANOH_123W_47N","47.375","-123.008","05/27/2015","18:17","493.1","2","3.72","417.4","2","3.47","1017.1","16.3","98.95","-999.000","-999.000","494.9","418.9","-999.0","-999.0","-999.0","-999.0","-999.0","-999.0"
"TWANOH_123W_47N","47.375","-123.008","05/27/2015","21:17","514.0","2","4.00","401.9","2","3.83","1016.0","18.8","99.44","-999.000","-999.000","516.1","403.4","-999.0","-999.0","-999.0","-999.0","-999.0","-999.0"
"TWANOH_123W_47N","47.375","-123.008","05/28/2015","00:17","515.3","2","3.24","391.9","2","2.94","1014.4","21.8","99.90","-999.000","-999.000","517.0","393.0","-999.0","-999.0","-999.0","-999.0","-999.0","-999.0"
"TWANOH_123W_47N","47.375","-123.008","05/28/2015","03:17","627.8","2","3.69","399.7","2","3.39","1014.8","24.0","99.32","-999.000","-999.000","630.1","401.0","-999.0","-999.0","-999.0","-999.0","-999.0","-999.0"
"TWANOH_123W_47N","47.375","-123.008","05/28/2015","06:17","547.5","2","2.67","415.9","2","2.38","1016.0","21.2","99.27","-999.000","-999.000","548.9","416.9","-999.0","-999.0","-999.0","-999.0","-999.0","-999.0"
"TWANOH_123W_47N","47.375","-123.008","05/28/2015","09:17","523.9","2","2.55","422.8","2","2.31","1016.2","18.7","99.23","-999.000","-999.000","525.2","423.8","-999.0","-999.0","-999.0","-999.0","-999.0","-999.0"
"TWANOH_123W_47N","47.375","-123.008","05/28/2015","12:17","622.9","2","2.66","426.1","2","2.52","1017.4","16.8","98.74","-999.000","-999.000","624.6","427.2","-999.0","-999.0","-999.0","-999.0","-999.0","-999.0"
"TWANOH_123W_47N","47.375","-123.008","05/28/2015","15:17","636.1","2","3.88","426.3","2","3.72","1018.4","16.0","98.26","-999.000","-999.000","638.5","427.9","-999.0","-999.0","-999.0","-999.0","-999.0","-999.0"
"TWANOH_123W_47N","47.375","-123.008","05/28/2015","18:17","581.3","2","4.01","411.2","2","3.69","1017.4","16.9","98.44","-999.000","-999.000","583.7","412.8","-999.0","-999.0","-999.0","-999.0","-999.0","-999.0"
"TWANOH_123W_47N","47.375","-123.008","05/28/2015","21:17","544.5","2","4.25","401.4","2","4.08","1015.4","19.6","99.14","-999.000","-999.000","546.8","403.0","-999.0","-999.0","-999.0","-999.0","-999.0","-999.0"
"TWANOH_123W_47N","47.375","-123.008","05/29/2015","00:17","521.2","2","3.89","398.0","2","3.55","1013.5","24.4","100.26","-999.000","-999.000","523.2","399.4","-999.0","-999.0","-999.0","-999.0","-999.0","-999.0"
"TWANOH_123W_47N","47.375","-123.008","05/29/2015","03:17","556.5","2","4.01","409.3","2","3.52","1013.9","25.8","100.68","-999.000","-999.000","558.7","410.7","-999.0","-999.0","-999.0","-999.0","-999.0","-999.0"
"TWANOH_123W_47N","47.375","-123.008","05/29/2015","06:17","534.4","2","3.27","411.7","2","2.89","1014.4","23.0","100.63","-999.000","-999.000","536.2","412.8","-999.0","-999.0","-999.0","-999.0","-999.0","-999.0"
"TWANOH_123W_47N","47.375","-123.008","05/29/2015","09:17","577.0","2","3.79","421.4","2","3.42","1014.4","20.2","100.28","-999.000","-999.000","579.2","422.8","-999.0","-999.0","-999.0","-999.0","-999.0","-999.0"
"TWANOH_123W_47N","47.375","-123.008","05/29/2015","12:17","590.5","2","3.45","422.9","2","3.32","1015.1","17.9","99.91","-999.000","-999.000","592.6","424.3","-999.0","-999.0","-999.0","-999.0","-999.0","-999.0"
"TWANOH_123W_47N","47.375","-123.008","05/29/2015","15:17","605.0","2","4.16","420.2","2","3.99","1015.3","16.8","99.54","-999.000","-999.000","607.5","421.9","-999.0","-999.0","-999.0","-999.0","-999.0","-999.0"
"TWANOH_123W_47N","47.375","-123.008","05/29/2015","18:17","554.6","2","4.71","407.5","2","4.44","1014.2","17.3","99.79","-999.000","-999.000","557.2","409.3","-999.0","-999.0","-999.0","-999.0","-999.0","-999.0"
"TWANOH_123W_47N","47.375","-123.008","05/29/2015","21:17","601.2","2","4.81","394.6","2","4.60","1012.5","19.2","99.92","-999.000","-999.000","604.1","396.4","-999.0","-999.0","-999.0","-999.0","-999.0","-999.0"
"TWANOH_123W_47N","47.375","-123.008","05/30/2015","00:17","629.4","2","5.17","395.8","2","5.00","1010.4","21.3","99.95","-999.000","-999.000","632.7","397.8","-999.0","-999.0","-999.0","-999.0","-999.0","-999.0"
"TWANOH_123W_47N","47.375","-123.008","05/30/2015","03:17","537.9","2","2.68","401.4","2","2.13","1011.2","21.3","100.48","-999.000","-999.000","539.3","402.2","-999.0","-999.0","-999.0","-999.0","-999.0","-999.0"
"TWANOH_123W_47N","47.375","-123.008","05/30/2015","06:17","414.8","2","3.32","411.0","2","3.09","1012.8","18.7","101.85","-999.000","-999.000","416.2","412.3","-999.0","-999.0","-999.0","-999.0","-999.0","-999.0"
"TWANOH_123W_47N","47.375","-123.008","05/30/2015","09:17","441.4","2","3.19","415.1","2","3.06","1012.7","16.6","102.28","-999.000","-999.000","442.8","416.4","-999.0","-999.0","-999.0","-999.0","-999.0","-999.0"
"TWANOH_123W_47N","47.375","-123.008","05/30/2015","12:17","406.6","2","3.16","414.1","2","3.07","1013.1","15.6","102.97","-999.000","-999.000","407.8","415.3","-999.0","-999.0","-999.0","-999.0","-999.0","-999.0"
"TWANOH_123W_47N","47.375","-123.008","05/30/2015","15:17","509.4","2","3.31","414.1","2","3.21","1014.6","15.2","102.50","-999.000","-999.000","511.0","415.5","-999.0","-999.0","-999.0","-999.0","-999.0","-999.0"
"TWANOH_123W_47N","47.375","-123.008","05/30/2015","18:17","468.5","2","3.74","409.0","2","3.49","1014.6","15.4","102.63","-999.000","-999.000","470.2","410.4","-999.0","-999.0","-999.0","-999.0","-999.0","-999.0"
"TWANOH_123W_47N","47.375","-123.008","05/30/2015","21:17","478.9","2","4.29","399.4","2","3.82","1013.1","17.1","102.85","-999.000","-999.000","480.9","400.9","-999.0","-999.0","-999.0","-999.0","-999.0","-999.0"
"TWANOH_123W_47N","47.375","-123.008","05/31/2015","00:17","434.4","2","4.73","396.7","2","4.57","1011.3","20.0","103.48","-999.000","-999.000","436.4","398.5","-999.0","-999.0","-999.0","-999.0","-999.0","-999.0"
"TWANOH_123W_47N","47.375","-123.008","05/31/2015","03:17","415.4","2","3.22","400.3","2","2.78","1011.1","20.9","103.77","-999.000","-999.000","416.7","401.5","-999.0","-999.0","-999.0","-999.0","-999.0","-999.0"
"TWANOH_123W_47N","47.375","-123.008","05/31/2015","06:17","472.2","2","3.11","411.8","2","2.69","1012.4","18.9","103.46","-999.000","-999.000","473.7","412.9","-999.0","-999.0","-999.0","-999.0","-999.0","-999.0"
"TWANOH_123W_47N","47.375","-123.008","05/31/2015","09:17","501.7","2","3.34","423.0","2","3.03","1012.3","16.8","103.11","-999.000","-999.000","503.4","424.2","-999.0","-999.0","-999.0","-999.0","-999.0","-999.0"
"TWANOH_123W_47N","47.375","-123.008","05/31/2015","12:17","429.9","2","3.19","430.7","2","2.95","1011.5","15.6","103.12","-999.000","-999.000","431.2","432.0","-999.0","-999.0","-999.0","-999.0","-999.0","-999.0"
"TWANOH_123W_47N","47.375","-123.008","05/31/2015","15:17","465.0","2","4.05","431.0","2","3.86","1011.5","15.2","102.92","-999.000","-999.000","466.9","432.7","-999.0","-999.0","-999.0","-999.0","-999.0","-999.0"
"TWANOH_123W_47N","47.375","-123.008","05/31/2015","18:17","481.0","2","4.36","417.4","2","4.10","1010.8","16.6","102.70","-999.000","-999.000","483.1","419.1","-999.0","-999.0","-999.0","-999.0","-999.0","-999.0"
"TWANOH_123W_47N","47.375","-123.008","05/31/2015","21:17","507.1","2","4.47","411.6","2","4.34","1009.2","18.8","102.55","-999.000","-999.000","509.4","413.4","-999.0","-999.0","-999.0","-999.0","-999.0","-999.0"
"TWANOH_123W_47N","47.375","-123.008","06/01/2015","00:17","490.6","2","3.33","392.9","2","3.10","1007.3","21.0","102.62","-999.000","-999.000","492.2","394.1","-999.0","-999.0","-999.0","-999.0","-999.0","-999.0"
"TWANOH_123W_47N","47.375","-123.008","06/01/2015","03:17","465.1","2","3.15","399.0","2","2.88","1006.8","21.9","102.71","-999.000","-999.000","466.6","400.1","-999.0","-999.0","-999.0","-999.0","-999.0","-999.0"
"TWANOH_123W_47N","47.375","-123.008","06/01/2015","06:17","456.9","2","2.60","421.6","2","2.29","1007.4","20.3","102.70","-999.000","-999.000","458.1","422.6","-999.0","-999.0","-999.0","-999.0","-999.0","-999.0"
"TWANOH_123W_47N","47.375","-123.008","06/01/2015","09:17","489.2","2","3.96","425.6","2","3.71","1008.5","18.8","102.42","-999.000","-999.000","491.1","427.2","-999.0","-999.0","-999.0","-999.0","-999.0","-999.0"
"TWANOH_123W_47N","47.375","-123.008","06/01/2015","12:17","478.0","2","3.48","408.0","2","3.40","1010.1","17.2","102.28","-999.000","-999.000","479.7","409.4","-999.0","-999.0","-999.0","-999.0","-999.0","-999.0"
"TWANOH_123W_47N","47.375","-123.008","06/01/2015","15:17","447.9","2","3.90","404.6","2","3.67","1010.7","16.5","102.59","-999.000","-999.000","449.7","406.1","-999.0","-999.0","-999.0","-999.0","-999.0","-999.0"
"TWANOH_123W_47N","47.375","-123.008","06/01/2015","18:17","419.6","2","3.58","404.4","2","3.52","1012.2","16.4","103.01","-999.000","-999.000","421.1","405.8","-999.0","-999.0","-999.0","-999.0","-999.0","-999.0"
"TWANOH_123W_47N","47.375","-123.008","06/01/2015","21:17","373.8","2","3.99","403.0","2","3.82","1012.4","16.2","103.36","-999.000","-999.000","375.3","404.5","-999.0","-999.0","-999.0","-999.0","-999.0","-999.0"
"TWANOH_123W_47N","47.375","-123.008","06/02/2015","00:17","494.1","2","3.73","403.3","2","3.62","1012.0","16.3","102.52","-999.000","-999.000","495.9","404.8","-999.0","-999.0","-999.0","-999.0","-999.0","-999.0"
"TWANOH_123W_47N","47.375","-123.008","06/02/2015","03:17","426.5","2","3.82","404.5","2","3.64","1012.2","16.4","102.82","-999.000","-999.000","428.1","406.0","-999.0","-999.0","-999.0","-999.0","-999.0","-999.0"
"TWANOH_123W_47N","47.375","-123.008","06/02/2015","06:17","429.2","2","3.65","409.5","2","3.51","1012.7","16.2","102.68","-999.000","-999.000","430.7","411.0","-999.0","-999.0","-999.0","-999.0","-999.0","-999.0"
"TWANOH_123W_47N","47.375","-123.008","06/02/2015","09:17","436.8","2","3.52","414.2","2","3.44","1012.9","15.9","102.63","-999.000","-999.000","438.3","415.6","-999.0","-999.0","-999.0","-999.0","-999.0","-999.0"
"TWANOH_123W_47N","47.375","-123.008","06/02/2015","12:17","398.4","2","3.47","413.0","2","3.42","1013.3","15.6","102.98","-999.000","-999.000","399.8","414.4","-999.0","-999.0","-999.0","-999.0","-999.0","-999.0"
"TWANOH_123W_47N","47.375","-123.008","06/02/2015","15:17","404.6","2","3.64","408.1","2","3.53","1014.6","15.6","102.97","-999.000","-999.000","406.0","409.5","-999.0","-999.0","-999.0","-999.0","-999.0","-999.0"
"TWANOH_123W_47N","47.375","-123.008","06/02/2015","18:17","416.5","2","3.71","402.5","2","3.50","1015.4","15.8","102.94","-999.000","-999.000","418.0","403.9","-999.0","-999.0","-999.0","-999.0","-999.0","-999.0"
"TWANOH_123W_47N","47.375","-123.008","06/02/2015","21:17","417.7","2","3.93","400.9","2","3.64","1015.4","15.9","102.98","-999.000","-999.000","419.3","402.4","-999.0","-999.0","-999.0","-999.0","-999.0","-999.0"
"TWANOH_123W_47N","47.375","-123.008","06/03/2015","00:17","408.3","2","3.79","401.5","2","3.50","1015.2","15.9","103.28","-999.000","-999.000","409.9","402.9","-999.0","-999.0","-999.0","-999.0","-999.0","-999.0"
"TWANOH_123W_47N","47.375","-123.008","06/03/2015","03:17","404.7","2","3.55","403.9","2","3.32","1016.2","16.1","103.30","-999.000","-999.000","406.1","405.2","-999.0","-999.0","-999.0","-999.0","-999.0","-999.0"
"TWANOH_123W_47N","47.375","-123.008","06/03/2015","06:17","394.3","2","3.27","411.2","2","3.16","1017.0","15.7","103.29","-999.000","-999.000","395.6","412.5","-999.0","-999.0","-999.0","-999.0","-999.0","-999.0"
"TWANOH_123W_47N","47.375","-123.008","06/03/2015","09:17","482.7","2","3.17","415.2","2","3.10","1016.9","15.2","102.53","-999.000","-999.000","484.2","416.5","-999.0","-999.0","-999.0","-999.0","-999.0","-999.0"
"TWANOH_123W_47N","47.375","-123.008","06/03/2015","12:17","407.2","2","3.14","418.2","2","3.08","1016.6","14.9","102.67","-999.000","-999.000","408.5","419.5","-999.0","-999.0","-999.0","-999.0","-999.0","-999.0"
"TWANOH_123W_47N","47.375","-123.008","06/03/2015","15:17","402.4","2","3.32","420.4","2","3.24","1017.5","14.8","102.61","-999.000","-999.000","403.7","421.8","-999.0","-999.0","-999.0","-999.0","-999.0","-999.0"
"TWANOH_123W_47N","47.375","-123.008","06/03/2015","18:17","424.0","2","3.87","418.2","2","3.77","1017.9","15.4","102.43","-999.000","-999.000","425.7","419.8","-999.0","-999.0","-999.0","-999.0","-999.0","-999.0"
"TWANOH_123W_47N","47.375","-123.008","06/03/2015","21:17","450.2","2","3.98","409.2","2","3.85","1016.9","18.0","102.36","-999.000","-999.000","452.0","410.8","-999.0","-999.0","-999.0","-999.0","-999.0","-999.0"
"TWANOH_123W_47N","47.375","-123.008","06/04/2015","00:17","451.9","2","2.86","399.4","2","2.62","1016.4","18.9","102.20","-999.000","-999.000","453.2","400.4","-999.0","-999.0","-999.0","-999.0","-999.0","-999.0"
"TWANOH_123W_47N","47.375","-123.008","06/04/2015","03:17","433.2","2","3.24","401.8","2","2.87","1016.3","18.9","102.03","-999.000","-999.000","434.6","402.9","-999.0","-999.0","-999.0","-999.0","-999.0","-999.0"
"TWANOH_123W_47N","47.375","-123.008","06/04/2015","06:17","422.9","2","3.76","413.9","2","3.49","1017.0","18.0","101.84","-999.000","-999.000","424.5","415.3","-999.0","-999.0","-999.0","-999.0","-999.0","-999.0"
"TWANOH_123W_47N","47.375","-123.008","06/04/2015","09:17","480.1","2","3.46","419.9","2","3.29","1017.8","17.1","101.17","-999.000","-999.000","481.8","421.3","-999.0","-999.0","-999.0","-999.0","-999.0","-999.0"
"TWANOH_123W_47N","47.375","-123.008","06/04/2015","12:17","462.8","2","3.23","429.1","2","3.10","1018.1","16.1","100.61","-999.000","-999.000","464.3","430.4","-999.0","-999.0","-999.0","-999.0","-999.0","-999.0"
"TWANOH_123W_47N","47.375","-123.008","06/04/2015","15:17","437.3","2","4.01","422.0","2","3.79","1019.4","15.7","100.42","-999.000","-999.000","439.0","423.6","-999.0","-999.0","-999.0","-999.0","-999.0","-999.0"
"TWANOH_123W_47N","47.375","-123.008","06/04/2015","18:17","463.6","2","4.08","412.8","2","3.99","1019.7","16.5","100.39","-999.000","-999.000","465.5","414.5","-999.0","-999.0","-999.0","-999.0","-999.0","-999.0"
"TWANOH_123W_47N","47.375","-123.008","06/04/2015","21:17","496.8","2","3.63","403.0","2","3.47","1018.7","19.0","100.24","-999.000","-999.000","498.6","404.4","-999.0","-999.0","-999.0","-999.0","-999.0","-999.0"
"TWANOH_123W_47N","47.375","-123.008","06/05/2015","00:17","505.8","2","3.43","401.3","2","3.11","1017.8","21.3","100.21","-999.000","-999.000","507.5","402.6","-999.0","-999.0","-999.0","-999.0","-999.0","-999.0"
"TWANOH_123W_47N","47.375","-123.008","06/05/2015","03:17","513.5","2","3.90","404.5","2","3.35","1017.8","21.4","100.12","-999.000","-999.000","515.5","405.9","-999.0","-999.0","-999.0","-999.0","-999.0","-999.0"
"TWANOH_123W_47N","47.375","-123.008","06/05/2015","06:17","463.7","2","4.05","421.5","2","3.66","1019.0","19.9","100.25","-999.000","-999.000","465.6","423.0","-999.0","-999.0","-999.0","-999.0","-999.0","-999.0"
"TWANOH_123W_47N","47.375","-123.008","06/05/2015","09:17","460.2","2","3.79","435.2","2","3.52","1019.2","18.1","100.28","-999.000","-999.000","462.0","436.7","-999.0","-999.0","-999.0","-999.0","-999.0","-999.0"
"TWANOH_123W_47N","47.375","-123.008","06/05/2015","12:17","447.5","2","3.48","456.0","2","3.29","1019.6","16.7","100.19","-999.000","-999.000","449.1","457.5","-999.0","-999.0","-999.0","-999.0","-999.0","-999.0"
"TWANOH_123W_47N","47.375","-123.008","06/05/2015","15:17","444.9","2","4.28","444.5","2","4.20","1019.7","15.9","100.18","-999.000","-999.000","446.9","446.4","-999.0","-999.0","-999.0","-999.0","-999.0","-999.0"
"TWANOH_123W_47N","47.375","-123.008","06/05/2015","18:17","466.7","2","4.29","414.5","2","4.22","1018.9","16.7","100.18","-999.000","-999.000","468.7","416.3","-999.0","-999.0","-999.0","-999.0","-999.0","-999.0"
"TWANOH_123W_47N","47.375","-123.008","06/05/2015","21:17","540.5","2","4.12","404.6","2","3.97","1016.9","19.0","99.97","-999.000","-999.000","542.8","406.2","-999.0","-999.0","-999.0","-999.0","-999.0","-999.0"
"TWANOH_123W_47N","47.375","-123.008","06/06/2015","00:17","530.5","2","3.49","400.3","2","3.16","1015.1","23.0","100.22","-999.000","-999.000","532.4","401.5","-999.0","-999.0","-999.0","-999.0","-999.0","-999.0"
"TWANOH_123W_47N","47.375","-123.008","06/06/2015","03:17","473.4","2","3.62","405.5","2","3.23","1014.6","24.3","100.93","-999.000","-999.000","475.1","406.8","-999.0","-999.0","-999.0","-999.0","-999.0","-999.0"
"TWANOH_123W_47N","47.375","-123.008","06/06/2015","06:17","456.8","2","2.56","437.3","2","2.28","1015.3","21.9","101.10","-999.000","-999.000","458.0","438.3","-999.0","-999.0","-999.0","-999.0","-999.0","-999.0"
"TWANOH_123W_47N","47.375","-123.008","06/06/2015","09:17","457.4","2","3.08","456.4","2","2.81","1016.1","19.8","101.00","-999.000","-999.000","458.8","457.7","-999.0","-999.0","-999.0","-999.0","-999.0","-999.0"
"TWANOH_123W_47N","47.375","-123.008","06/06/2015","12:17","514.5","2","3.50","472.7","2","3.30","1016.3","18.2","100.37","-999.000","-999.000","516.3","474.3","-999.0","-999.0","-999.0","-999.0","-999.0","-999.0"
"TWANOH_123W_47N","47.375","-123.008","06/06/2015","15:17","473.4","2","4.71","466.8","2","4.55","1016.7","17.3","100.49","-999.000","-999.000","475.6","468.9","-999.0","-999.0","-999.0","-999.0","-999.0","-999.0"
"TWANOH_123W_47N","47.375","-123.008","06/06/2015","18:17","469.3","2","4.87","423.0","2","4.79","1015.9","18.0","100.63","-999.000","-999.000","471.6","425.1","-999.0","-999.0","-999.0","-999.0","-999.0","-999.0"
"TWANOH_123W_47N","47.375","-123.008","06/06/2015","21:17","558.3","2","4.71","408.7","2","4.46","1014.8","21.2","100.43","-999.000","-999.000","560.9","410.6","-999.0","-999.0","-999.0","-999.0","-999.0","-999.0"
"TWANOH_123W_47N","47.375","-123.008","06/07/2015","00:17","532.9","2","3.93","403.1","2","3.53","1012.9","25.7","100.96","-999.000","-999.000","535.0","404.5","-999.0","-999.0","-999.0","-999.0","-999.0","-999.0"
"TWANOH_123W_47N","47.375","-123.008","06/07/2015","03:17","477.1","2","4.25","421.2","2","3.66","1013.2","26.9","101.68","-999.000","-999.000","479.2","422.8","-999.0","-999.0","-999.0","-999.0","-999.0","-999.0"
"TWANOH_123W_47N","47.375","-123.008","06/07/2015","06:17","439.6","2","3.35","432.5","2","2.95","1014.1","24.5","102.29","-999.000","-999.000","441.1","433.8","-999.0","-999.0","-999.0","-999.0","-999.0","-999.0"
"TWANOH_123W_47N","47.375","-123.008","06/07/2015","09:17","479.4","2","4.31","443.9","2","4.01","1014.8","22.2","102.13","-999.000","-999.000","481.5","445.7","-999.0","-999.0","-999.0","-999.0","-999.0","-999.0"
"TWANOH_123W_47N","47.375","-123.008","06/07/2015","12:17","497.4","2","4.49","453.8","2","4.31","1015.8","20.5","101.90","-999.000","-999.000","499.6","455.8","-999.0","-999.0","-999.0","-999.0","-999.0","-999.0"
"TWANOH_123W_47N","47.375","-123.008","06/07/2015","15:17","515.0","2","5.54","468.1","2","5.40","1016.3","19.4","101.70","-999.000","-999.000","517.8","470.6","-999.0","-999.0","-999.0","-999.0","-999.0","-999.0"
"TWANOH_123W_47N","47.375","-123.008","06/07/2015","18:17","435.0","2","5.83","430.0","2","5.48","1015.9","19.8","102.54","-999.000","-999.000","437.5","432.4","-999.0","-999.0","-999.0","-999.0","-999.0","-999.0"
"TWANOH_123W_47N","47.375","-123.008","06/07/2015","21:17","592.1","2","5.80","407.0","2","5.63","1014.9","21.5","102.31","-999.000","-999.000","595.5","409.3","-999.0","-999.0","-999.0","-999.0","-999.0","-999.0"
"TWANOH_123W_47N","47.375","-123.008","06/08/2015","00:17","458.9","2","4.14","407.7","2","3.75","1013.6","25.1","103.30","-999.000","-999.000","460.8","409.2","-999.0","-999.0","-999.0","-999.0","-999.0","-999.0"
"TWANOH_123W_47N","47.375","-123.008","06/08/2015","03:17","476.0","2","4.22","429.0","2","3.68","1013.3","27.4","103.63","-999.000","-999.000","478.0","430.5","-999.0","-999.0","-999.0","-999.0","-999.0","-999.0"
"TWANOH_123W_47N","47.375","-123.008","06/08/2015","06:17","446.5","2","2.93","449.5","2","2.56","1013.9","25.0","103.75","-999.000","-999.000","447.8","450.6","-999.0","-999.0","-999.0","-999.0","-999.0","-999.0"
"TWANOH_123W_47N","47.375","-123.008","06/08/2015","09:17","476.7","2","4.27","446.9","2","3.88","1014.9","22.7","103.37","-999.000","-999.000","478.7","448.7","-999.0","-999.0","-999.0","-999.0","-999.0","-999.0"
"TWANOH_123W_47N","47.375","-123.008","06/08/2015","12:17","464.6","2","4.52","456.4","2","4.28","1015.2","20.7","103.35","-999.000","-999.000","466.7","458.3","-999.0","-999.0","-999.0","-999.0","-999.0","-999.0"
"TWANOH_123W_47N","47.375","-123.008","06/08/2015","15:17","475.8","2","5.75","456.4","2","5.52","1015.4","19.6","103.20","-999.000","-999.000","478.5","459.0","-999.0","-999.0","-999.0","-999.0","-999.0","-999.0"
"TWANOH_123W_47N","47.375","-123.008","06/08/2015","18:17","469.6","2","6.03","435.5","2","5.59","1014.5","20.0","103.44","-999.000","-999.000","472.5","438.0","-999.0","-999.0","-999.0","-999.0","-999.0","-999.0"
"TWANOH_123W_47N","47.375","-123.008","06/08/2015","21:17","470.9","2","6.25","415.4","2","6.08","1013.5","22.0","103.97","-999.000","-999.000","473.9","418.0","-999.0","-999.0","-999.0","-999.0","-999.0","-999.0"
"TWANOH_123W_47N","47.375","-123.008","06/09/2015","00:17","533.1","2","4.43","416.3","2","4.02","1011.5","25.9","104.19","-999.000","-999.000","535.4","417.9","-999.0","-999.0","-999.0","-999.0","-999.0","-999.0"
"TWANOH_123W_47N","47.375","-123.008","06/09/2015","03:17","564.4","2","4.17","407.8","2","3.59","1011.1","28.2","103.61","-999.000","-999.000","566.8","409.3","-999.0","-999.0","-999.0","-999.0","-999.0","-999.0"
"TWANOH_123W_47N","47.375","-123.008","06/09/2015","06:17","471.2","2","2.96","437.3","2","2.37","1012.5","25.8","103.62","-999.000","-999.000","472.6","438.3","-999.0","-999.0","-999.0","-999.0","-999.0","-999.0"
"TWANOH_123W_47N","47.375","-123.008","06/09/2015","09:17","482.0","2","4.73","433.8","2","4.13","1012.9","23.1","103.46","-999.000","-999.000","484.3","435.6","-999.0","-999.0","-999.0","-999.0","-999.0","-999.0"
"TWANOH_123W_47N","47.375","-123.008","06/09/2015","12:17","490.7","2","4.75","444.3","2","4.34","1013.7","20.9","103.37","-999.000","-999.000","493.1","446.2","-999.0","-999.0","-999.0","-999.0","-999.0","-999.0"
"TWANOH_123W_47N","47.375","-123.008","06/09/2015","15:17","500.6","2","5.91","442.6","2","5.52","1014.1","19.7","103.07","-999.000","-999.000","503.6","445.1","-999.0","-999.0","-999.0","-999.0","-999.0","-999.0"
"TWANOH_123W_47N","47.375","-123.008","06/09/2015","18:17","456.7","2","6.33","418.6","2","5.37","1013.3","20.2","103.59","-999.000","-999.000","459.6","420.9","-999.0","-999.0","-999.0","-999.0","-999.0","-999.0"
"TWANOH_123W_47N","47.375","-123.008","06/09/2015","21:17","459.4","2","6.49","406.7","2","6.27","1011.5","22.7","104.32","-999.000","-999.000","462.4","409.2","-999.0","-999.0","-999.0","-999.0","-999.0","-999.0"
"TWANOH_123W_47N","47.375","-123.008","06/10/2015","00:17","491.7","2","6.00","399.0","2","5.46","1009.7","26.2","104.71","-999.000","-999.000","494.7","401.2","-999.0","-999.0","-999.0","-999.0","-999.0","-999.0"
"TWANOH_123W_47N","47.375","-123.008","06/10/2015","03:17","437.5","2","4.15","401.4","2","2.47","1009.5","26.3","105.31","-999.000","-999.000","439.3","402.4","-999.0","-999.0","-999.0","-999.0","-999.0","-999.0"
"TWANOH_123W_47N","47.375","-123.008","06/10/2015","06:17","486.6","2","4.81","410.1","2","3.85","1011.4","23.5","105.24","-999.000","-999.000","488.9","411.7","-999.0","-999.0","-999.0","-999.0","-999.0","-999.0"
"TWANOH_123W_47N","47.375","-123.008","06/10/2015","09:17","452.7","2","3.70","414.4","2","3.51","1012.6","19.9","105.34","-999.000","-999.000","454.4","415.8","-999.0","-999.0","-999.0","-999.0","-999.0","-999.0"
"TWANOH_123W_47N","47.375","-123.008","06/10/2015","12:17","524.1","2","3.65","416.1","2","3.55","1013.8","17.8","104.48","-999.000","-999.000","526.0","417.6","-999.0","-999.0","-999.0","-999.0","-999.0","-999.0"
"TWANOH_123W_47N","47.375","-123.008","06/10/2015","15:17","437.6","2","4.66","412.7","2","4.36","1014.4","17.2","104.58","-999.000","-999.000","439.6","414.6","-999.0","-999.0","-999.0","-999.0","-999.0","-999.0"
"TWANOH_123W_47N","47.375","-123.008","06/10/2015","18:17","520.1","2","5.07","399.7","2","4.40","1014.4","18.0","104.45","-999.000","-999.000","522.8","401.5","-999.0","-999.0","-999.0","-999.0","-999.0","-999.0"
"TWANOH_123W_47N","47.375","-123.008","06/10/2015","21:17","396.8","2","5.98","396.2","2","5.06","1013.6","19.9","105.39","-999.000","-999.000","399.2","398.3","-999.0","-999.0","-999.0","-999.0","-999.0","-999.0"
"TWANOH_123W_47N","47.375","-123.008","06/11/2015","00:17","451.4","2","6.44","394.6","2","6.26","1012.7","22.2","105.47","-999.000","-999.000","454.3","397.0","-999.0","-999.0","-999.0","-999.0","-999.0","-999.0"
"TWANOH_123W_47N","47.375","-123.008","06/11/2015","03:17","398.5","2","3.78","400.3","2","2.88","1013.2","22.5","106.08","-999.000","-999.000","400.0","401.5","-999.0","-999.0","-999.0","-999.0","-999.0","-999.0"
"TWANOH_123W_47N","47.375","-123.008","06/11/2015","06:17","347.0","2","4.15","409.6","2","3.70","1014.9","20.5","106.93","-999.000","-999.000","348.4","411.1","-999.0","-999.0","-999.0","-999.0","-999.0","-999.0"
"TWANOH_123W_47N","47.375","-123.008","06/11/2015","09:17","337.2","2","3.65","416.1","2","3.45","1016.7","18.3","107.29","-999.000","-999.000","338.4","417.5","-999.0","-999.0","-999.0","-999.0","-999.0","-999.0"
"TWANOH_123W_47N","47.375","-123.008","06/11/2015","12:17","390.1","2","3.55","419.7","2","3.41","1018.2","16.9","106.82","-999.000","-999.000","391.4","421.1","-999.0","-999.0","-999.0","-999.0","-999.0","-999.0"
"TWANOH_123W_47N","47.375","-123.008","06/11/2015","15:17","385.5","2","4.10","417.6","2","3.93","1020.1","16.5","106.53","-999.000","-999.000","387.1","419.2","-999.0","-999.0","-999.0","-999.0","-999.0","-999.0"
"TWANOH_123W_47N","47.375","-123.008","06/11/2015","18:17","453.3","2","5.05","406.5","2","4.72","1019.9","17.4","105.79","-999.000","-999.000","455.6","408.4","-999.0","-999.0","-999.0","-999.0","-999.0","-999.0"
"TWANOH_123W_47N","47.375","-123.008","06/11/2015","21:17","389.2","2","5.13","398.1","2","4.55","1018.1","20.0","106.09","-999.000","-999.000","391.3","399.9","-999.0","-999.0","-999.0","-999.0","-999.0","-999.0"
"TWANOH_123W_47N","47.375","-123.008","06/12/2015","00:17","394.9","2","6.08","397.5","2","5.81","1016.3","23.3","106.32","-999.000","-999.000","397.3","399.9","-999.0","-999.0","-999.0","-999.0","-999.0","-999.0"
"TWANOH_123W_47N","47.375","-123.008","06/12/2015","03:17","407.4","2","3.56","400.5","2","2.64","1016.0","23.9","106.08","-999.000","-999.000","408.9","401.6","-999.0","-999.0","-999.0","-999.0","-999.0","-999.0"
"TWANOH_123W_47N","47.375","-123.008","06/12/2015","06:17","458.1","2","4.31","412.7","2","3.76","1017.6","21.6","105.29","-999.000","-999.000","460.0","414.3","-999.0","-999.0","-999.0","-999.0","-999.0","-999.0"
"TWANOH_123W_47N","47.375","-123.008","06/12/2015","09:17","367.0","2","4.01","417.0","2","3.55","1019.1","19.2","105.46","-999.000","-999.000","368.4","418.5","-999.0","-999.0","-999.0","-999.0","-999.0","-999.0"
"TWANOH_123W_47N","47.375","-123.008","06/12/2015","12:17","366.8","2","3.93","425.2","2","3.52","1020.3","17.9","105.44","-999.000","-999.000","368.2","426.7","-999.0","-999.0","-999.0","-999.0","-999.0","-999.0"
"TWANOH_123W_47N","47.375","-123.008","06/12/2015","15:17","392.1","2","4.61","420.8","2","4.10","1021.7","17.4","105.11","-999.000","-999.000","393.9","422.5","-999.0","-999.0","-999.0","-999.0","-999.0","-999.0"
"TWANOH_123W_47N","47.375","-123.008","06/12/2015","18:17","390.6","2","4.84","407.6","2","4.16","1021.1","18.3","104.99","-999.000","-999.000","392.5","409.3","-999.0","-999.0","-999.0","-999.0","-999.0","-999.0"
"TWANOH_123W_47N","47.375","-123.008","06/12/2015","21:17","382.4","2","5.21","401.8","2","4.42","1020.0","19.7","105.07","-999.000","-999.000","384.4","403.6","-999.0","-999.0","-999.0","-999.0","-999.0","-999.0"
"TWANOH_123W_47N","47.375","-123.008","06/13/2015","00:17","368.5","2","5.55","402.2","2","4.57","1019.4","21.3","105.26","-999.000","-999.000","370.6","404.1","-999.0","-999.0","-999.0","-999.0","-999.0","-999.0"
"TWANOH_123W_47N","47.375","-123.008","06/13/2015","03:17","378.5","2","5.12","404.6","2","4.31","1019.2","20.9","105.11","-999.000","-999.000","380.5","406.3","-999.0","-999.0","-999.0","-999.0","-999.0","-999.0"
"TWANOH_123W_47N","47.375","-123.008","06/13/2015","06:17","388.0","2","4.22","409.4","2","3.66","1019.2","19.3","104.75","-999.000","-999.000","389.7","410.9","-999.0","-999.0","-999.0","-999.0","-999.0","-999.0"
"TWANOH_123W_47N","47.375","-123.008","06/13/2015","09:17","435.9","2","3.43","416.9","2","3.10","1019.2","17.6","104.28","-999.000","-999.000","437.3","418.2","-999.0","-999.0","-999.0","-999.0","-999.0","-999.0"
"TWANOH_123W_47N","47.375","-123.008","06/13/2015","12:17","380.0","2","3.05","420.6","2","2.97","1019.3","16.1","104.27","-999.000","-999.000","381.2","421.8","-999.0","-999.0","-999.0","-999.0","-999.0","-999.0"
"TWANOH_123W_47N","47.375","-123.008","06/13/2015","15:17","395.9","2","3.58","415.3","2","3.48","1019.7","15.6","103.89","-999.000","-999.000","397.4","416.7","-999.0","-999.0","-999.0","-999.0","-999.0","-999.0"
"TWANOH_123W_47N","47.375","-123.008","06/13/2015","18:17","410.9","2","4.53","410.0","2","4.13","1018.5","16.6","103.76","-999.000","-999.000","412.7","411.7","-999.0","-999.0","-999.0","-999.0","-999.0","-999.0"
"TWANOH_123W_47N","47.375","-123.008","06/13/2015","21:17","422.1","2","4.95","399.3","2","4.72","1016.3","19.0","103.84","-999.000","-999.000","424.2","401.2","-999.0","-999.0","-999.0","-999.0","-999.0","-999.0"
"TWANOH_123W_47N","47.375","-123.008","06/14/2015","00:17","406.4","2","5.68","395.4","2","5.36","1014.6","23.8","104.39","-999.000","-999.000","408.8","397.6","-999.0","-999.0","-999.0","-999.0","-999.0","-999.0"
"TWANOH_123W_47N","47.375","-123.008","06/14/2015","03:17","436.1","2","3.19","401.2","2","2.58","1015.0","24.2","104.00","-999.000","-999.000","437.5","402.2","-999.0","-999.0","-999.0","-999.0","-999.0","-999.0"
"TWANOH_123W_47N","47.375","-123.008","06/14/2015","06:17","390.6","2","2.83","419.1","2","2.16","1015.6","21.2","103.90","-999.000","-999.000","391.7","420.0","-999.0","-999.0","-999.0","-999.0","-999.0","-999.0"
"TWANOH_123W_47N","47.375","-123.008","06/14/2015","09:17","366.7","2","3.62","425.3","2","3.20","1015.8","18.6","104.01","-999.000","-999.000","368.1","426.7","-999.0","-999.0","-999.0","-999.0","-999.0","-999.0"
"TWANOH_123W_47N","47.375","-123.008","06/14/2015","12:17","372.4","2","3.25","432.0","2","2.98","1016.3","16.7","103.97","-999.000","-999.000","373.6","433.3","-999.0","-999.0","-999.0","-999.0","-999.0","-999.0"
"TWANOH_123W_47N","47.375","-123.008","06/14/2015","15:17","375.2","2","4.59","431.6","2","4.38","1017.0","16.0","103.83","-999.000","-999.000","376.9","433.5","-999.0","-999.0","-999.0","-999.0","-999.0","-999.0"
"TWANOH_123W_47N","47.375","-123.008","06/14/2015","18:17","388.3","2","5.05","413.7","2","4.58","1015.6","17.3","103.88","-999.000","-999.000","390.2","415.6","-999.0","-999.0","-999.0","-999.0","-999.0","-999.0"
"TWANOH_123W_47N","47.375","-123.008","06/14/2015","21:17","440.6","2","5.30","403.9","2","5.17","1013.3","19.6","103.74","-999.000","-999.000","442.9","406.0","-999.0","-999.0","-999.0","-999.0","-999.0","-999.0"
"TWANOH_123W_47N","47.375","-123.008","06/15/2015","00:17","459.5","2","4.01","402.2","2","3.75","1011.1","22.3","103.80","-999.000","-999.000","461.4","403.7","-999.0","-999.0","-999.0","-999.0","-999.0","-999.0"
"TWANOH_123W_47N","47.375","-123.008","06/15/2015","03:17","430.8","2","3.98","408.5","2","3.44","1011.3","25.3","103.73","-999.000","-999.000","432.6","409.9","-999.0","-999.0","-999.0","-999.0","-999.0","-999.0"
"TWANOH_123W_47N","47.375","-123.008","06/15/2015","06:17","404.6","2","2.33","420.3","2","1.54","1012.4","23.3","103.49","-999.000","-999.000","405.6","420.9","-999.0","-999.0","-999.0","-999.0","-999.0","-999.0"
"TWANOH_123W_47N","47.375","-123.008","06/15/2015","09:17","429.8","2","4.72","445.5","2","4.29","1012.8","21.1","103.11","-999.000","-999.000","431.8","447.5","-999.0","-999.0","-999.0","-999.0","-999.0","-999.0"
"TWANOH_123W_47N","47.375","-123.008","06/15/2015","12:17","394.5","2","4.28","450.6","2","3.93","1013.1","19.4","103.15","-999.000","-999.000","396.2","452.4","-999.0","-999.0","-999.0","-999.0","-999.0","-999.0"
"TWANOH_123W_47N","47.375","-123.008","06/15/2015","15:17","393.4","2","5.60","447.5","2","5.13","1013.7","18.3","103.15","-999.000","-999.000","395.6","449.8","-999.0","-999.0","-999.0","-999.0","-999.0","-999.0"
"TWANOH_123W_47N","47.375","-123.008","06/15/2015","18:17","434.8","2","5.68","417.6","2","5.08","1012.5","19.4","102.84","-999.000","-999.000","437.2","419.7","-999.0","-999.0","-999.0","-999.0","-999.0","-999.0"
"TWANOH_123W_47N","47.375","-123.008","06/15/2015","21:17","439.7","2","6.04","407.7","2","5.89","1010.7","21.0","103.11","-999.000","-999.000","442.4","410.1","-999.0","-999.0","-999.0","-999.0","-999.0","-999.0"
"TWANOH_123W_47N","47.375","-123.008","06/16/2015","00:17","453.6","2","4.21","396.0","2","3.87","1009.4","24.8","103.28","-999.000","-999.000","455.5","397.5","-999.0","-999.0","-999.0","-999.0","-999.0","-999.0"
"TWANOH_123W_47N","47.375","-123.008","06/16/2015","03:17","453.4","2","4.07","400.1","2","3.12","1010.9","25.7","103.28","-999.000","-999.000","455.3","401.3","-999.0","-999.0","-999.0","-999.0","-999.0","-999.0"
"TWANOH_123W_47N","47.375","-123.008","06/16/2015","06:17","452.1","2","4.10","408.5","2","3.69","1013.5","23.1","103.10","-999.000","-999.000","453.9","410.0","-999.0","-999.0","-999.0","-999.0","-999.0","-999.0"
"TWANOH_123W_47N","47.375","-123.008","06/16/2015","09:17","431.1","2","3.79","413.1","2","3.70","1015.5","19.9","103.15","-999.000","-999.000","432.7","414.6","-999.0","-999.0","-999.0","-999.0","-999.0","-999.0"
"TWANOH_123W_47N","47.375","-123.008","06/16/2015","12:17","409.5","2","3.82","411.7","2","3.71","1017.2","17.8","103.14","-999.000","-999.000","411.0","413.3","-999.0","-999.0","-999.0","-999.0","-999.0","-999.0"
"TWANOH_123W_47N","47.375","-123.008","06/16/2015","15:17","429.2","2","4.19","410.2","2","3.92","1018.8","17.1","102.96","-999.000","-999.000","431.0","411.8","-999.0","-999.0","-999.0","-999.0","-999.0","-999.0"
"TWANOH_123W_47N","47.375","-123.008","06/16/2015","18:17","462.6","2","4.99","402.8","2","4.43","1019.3","17.4","102.54","-999.000","-999.000","464.9","404.6","-999.0","-999.0","-999.0","-999.0","-999.0","-999.0"
"TWANOH_123W_47N","47.375","-123.008","06/16/2015","21:17","456.6","2","5.28","396.4","2","4.59","1017.6","19.6","102.46","-999.000","-999.000","459.0","398.2","-999.0","-999.0","-999.0","-999.0","-999.0","-999.0"
"TWANOH_123W_47N","47.375","-123.008","06/17/2015","00:17","454.4","2","6.19","392.9","2","5.95","1015.9","23.1","102.60","-999.000","-999.000","457.2","395.3","-999.0","-999.0","-999.0","-999.0","-999.0","-999.0"
"TWANOH_123W_47N","47.375","-123.008","06/17/2015","03:17","425.0","2","2.61","396.7","2","1.74","1016.0","23.1","102.49","-999.000","-999.000","426.1","397.4","-999.0","-999.0","-999.0","-999.0","-999.0","-999.0"
"TWANOH_123W_47N","47.375","-123.008","06/17/2015","06:17","419.5","2","4.39","404.1","2","3.78","1017.1","20.8","102.51","-999.000","-999.000","421.3","405.6","-999.0","-999.0","-999.0","-999.0","-999.0","-999.0"
"TWANOH_123W_47N","47.375","-123.008","06/17/2015","09:17","430.5","2","3.82","413.1","2","3.40","1017.7","18.6","102.32","-999.000","-999.000","432.1","414.5","-999.0","-999.0","-999.0","-999.0","-999.0","-999.0"
"TWANOH_123W_47N","47.375","-123.008","06/17/2015","12:17","413.4","2","3.44","416.6","2","3.21","1018.2","16.9","102.30","-999.000","-999.000","414.8","417.9","-999.0","-999.0","-999.0","-999.0","-999.0","-999.0"
"TWANOH_123W_47N","47.375","-123.008","06/17/2015","15:17","406.4","2","4.59","411.9","2","4.30","1018.9","16.1","102.39","-999.000","-999.000","408.3","413.7","-999.0","-999.0","-999.0","-999.0","-999.0","-999.0"
"TWANOH_123W_47N","47.375","-123.008","06/17/2015","18:17","430.8","2","4.88","405.2","2","4.31","1018.4","17.2","102.35","-999.000","-999.000","432.9","407.0","-999.0","-999.0","-999.0","-999.0","-999.0","-999.0"
"TWANOH_123W_47N","47.375","-123.008","06/17/2015","21:17","447.2","2","5.12","399.8","2","4.43","1016.7","19.8","102.23","-999.000","-999.000","449.5","401.6","-999.0","-999.0","-999.0","-999.0","-999.0","-999.0"
"TWANOH_123W_47N","47.375","-123.008","06/18/2015","00:17","450.6","2","6.09","395.7","2","5.80","1014.6","23.7","102.51","-999.000","-999.000","453.3","398.0","-999.0","-999.0","-999.0","-999.0","-999.0","-999.0"
"TWANOH_123W_47N","47.375","-123.008","06/18/2015","03:17","421.7","2","3.75","400.8","2","3.11","1013.8","25.9","102.62","-999.000","-999.000","423.3","402.1","-999.0","-999.0","-999.0","-999.0","-999.0","-999.0"
"TWANOH_123W_47N","47.375","-123.008","06/18/2015","06:17","422.0","2","5.03","410.8","2","4.04","1014.3","23.2","102.55","-999.000","-999.000","424.2","412.5","-999.0","-999.0","-999.0","-999.0","-999.0","-999.0"
"TWANOH_123W_47N","47.375","-123.008","06/18/2015","09:17","419.2","2","5.41","416.0","2","4.56","1013.9","21.2","102.45","-999.000","-999.000","421.4","417.9","-999.0","-999.0","-999.0","-999.0","-999.0","-999.0"
"TWANOH_123W_47N","47.375","-123.008","06/18/2015","12:17","418.6","2","4.96","429.0","2","4.38","1014.1","19.9","102.42","-999.000","-999.000","420.7","430.9","-999.0","-999.0","-999.0","-999.0","-999.0","-999.0"
"TWANOH_123W_47N","47.375","-123.008","06/18/2015","15:17","415.5","2","5.57","421.9","2","4.97","1015.1","19.0","102.37","-999.000","-999.000","417.8","424.0","-999.0","-999.0","-999.0","-999.0","-999.0","-999.0"
"TWANOH_123W_47N","47.375","-123.008","06/18/2015","18:17","428.6","2","6.05","405.5","2","5.34","1014.9","19.5","102.30","-999.000","-999.000","431.2","407.6","-999.0","-999.0","-999.0","-999.0","-999.0","-999.0"
"TWANOH_123W_47N","47.375","-123.008","06/18/2015","21:17","445.8","2","6.17","398.8","2","6.01","1013.5","21.0","102.43","-999.000","-999.000","448.5","401.2","-999.0","-999.0","-999.0","-999.0","-999.0","-999.0"
"TWANOH_123W_47N","47.375","-123.008","06/19/2015","00:17","456.2","2","6.02","398.4","2","5.39","1012.5","22.9","102.14","-999.000","-999.000","459.0","400.6","-999.0","-999.0","-999.0","-999.0","-999.0","-999.0"
"TWANOH_123W_47N","47.375","-123.008","06/19/2015","03:17","442.5","2","5.35","401.7","2","4.75","1013.5","21.5","102.07","-999.000","-999.000","444.9","403.6","-999.0","-999.0","-999.0","-999.0","-999.0","-999.0"
"TWANOH_123W_47N","47.375","-123.008","06/19/2015","06:17","446.0","2","4.83","413.3","2","4.46","1016.0","20.2","101.94","-999.000","-999.000","448.1","415.1","-999.0","-999.0","-999.0","-999.0","-999.0","-999.0"
"TWANOH_123W_47N","47.375","-123.008","06/19/2015","09:17","419.9","2","4.35","422.7","2","4.13","1017.1","18.9","102.08","-999.000","-999.000","421.8","424.5","-999.0","-999.0","-999.0","-999.0","-999.0","-999.0"
"TWANOH_123W_47N","47.375","-123.008","06/19/2015","12:17","409.2","2","4.41","420.3","2","4.20","1017.6","18.2","102.10","-999.000","-999.000","411.0","422.1","-999.0","-999.0","-999.0","-999.0","-999.0","-999.0"
"TWANOH_123W_47N","47.375","-123.008","06/19/2015","15:17","411.1","2","5.38","414.4","2","5.04","1018.9","18.0","102.15","-999.000","-999.000","413.3","416.5","-999.0","-999.0","-999.0","-999.0","-999.0","-999.0"
"TWANOH_123W_47N","47.375","-123.008","06/19/2015","18:17","435.9","2","5.51","405.6","2","4.86","1019.4","19.2","102.14","-999.000","-999.000","438.3","407.5","-999.0","-999.0","-999.0","-999.0","-999.0","-999.0"
"TWANOH_123W_47N","47.375","-123.008","06/19/2015","21:17","432.2","2","5.82","397.9","2","4.80","1018.7","20.9","102.02","-999.000","-999.000","434.7","399.8","-999.0","-999.0","-999.0","-999.0","-999.0","-999.0"
"TWANOH_123W_47N","47.375","-123.008","06/20/2015","00:17","449.8","2","6.32","398.0","2","5.73","1018.2","23.6","101.96","-999.000","-999.000","452.6","400.3","-999.0","-999.0","-999.0","-999.0","-999.0","-999.0"
"TWANOH_123W_47N","47.375","-123.008","06/20/2015","03:17","416.9","2","6.47","396.2","2","5.17","1018.3","23.2","101.94","-999.000","-999.000","419.6","398.2","-999.0","-999.0","-999.0","-999.0","-999.0","-999.0"
"TWANOH_123W_47N","47.375","-123.008","06/20/2015","06:17","408.4","2","4.31","410.1","2","3.75","1019.4","20.9","102.00","-999.000","-999.000","410.2","411.6","-999.0","-999.0","-999.0","-999.0","-999.0","-999.0"
"TWANOH_123W_47N","47.375","-123.008","06/20/2015","09:17","418.1","2","3.89","419.4","2","3.52","1019.4","18.5","101.88","-999.000","-999.000","419.7","420.9","-999.0","-999.0","-999.0","-999.0","-999.0","-999.0"
"TWANOH_123W_47N","47.375","-123.008","06/20/2015","12:17","430.9","2","3.77","426.9","2","3.50","1018.7","17.2","101.97","-999.000","-999.000","432.5","428.4","-999.0","-999.0","-999.0","-999.0","-999.0","-999.0"
"TWANOH_123W_47N","47.375","-123.008","06/20/2015","15:17","427.2","2","5.09","421.5","2","4.74","1019.0","16.7","102.13","-999.000","-999.000","429.3","423.5","-999.0","-999.0","-999.0","-999.0","-999.0","-999.0"
"TWANOH_123W_47N","47.375","-123.008","06/20/2015","18:17","423.8","2","5.37","405.1","2","4.62","1017.9","17.9","102.32","-999.000","-999.000","426.1","406.9","-999.0","-999.0","-999.0","-999.0","-999.0","-999.0"
"TWANOH_123W_47N","47.375","-123.008","06/20/2015","21:17","436.7","2","5.53","399.7","2","5.21","1016.2","20.4","102.68","-999.000","-999.000","439.2","401.8","-999.0","-999.0","-999.0","-999.0","-999.0","-999.0"
"TWANOH_123W_47N","47.375","-123.008","06/21/2015","00:17","448.7","2","6.05","395.9","2","5.57","1014.2","24.6","102.67","-999.000","-999.000","451.4","398.1","-999.0","-999.0","-999.0","-999.0","-999.0","-999.0"
"TWANOH_123W_47N","47.375","-123.008","06/21/2015","03:17","418.7","2","3.31","398.6","2","2.15","1013.1","25.5","102.69","-999.000","-999.000","420.1","399.5","-999.0","-999.0","-999.0","-999.0","-999.0","-999.0"
"TWANOH_123W_47N","47.375","-123.008","06/21/2015","06:17","421.0","2","4.87","406.1","2","4.09","1012.7","22.6","102.48","-999.000","-999.000","423.1","407.8","-999.0","-999.0","-999.0","-999.0","-999.0","-999.0"
"TWANOH_123W_47N","47.375","-123.008","06/21/2015","09:17","420.8","2","4.73","412.8","2","3.95","1012.0","20.3","102.36","-999.000","-999.000","422.8","414.4","-999.0","-999.0","-999.0","-999.0","-999.0","-999.0"
"TWANOH_123W_47N","47.375","-123.008","06/21/2015","12:17","438.5","2","4.50","419.0","2","3.88","1011.7","19.0","101.98","-999.000","-999.000","440.5","420.7","-999.0","-999.0","-999.0","-999.0","-999.0","-999.0"
"TWANOH_123W_47N","47.375","-123.008","06/21/2015","15:17","417.6","2","5.32","415.2","2","4.85","1011.6","18.4","101.92","-999.000","-999.000","419.8","417.2","-999.0","-999.0","-999.0","-999.0","-999.0","-999.0"
"TWANOH_123W_47N","47.375","-123.008","06/21/2015","18:17","435.2","2","5.99","402.0","2","5.11","1011.3","19.5","101.91","-999.000","-999.000","437.8","404.0","-999.0","-999.0","-999.0","-999.0","-999.0","-999.0"
"TWANOH_123W_47N","47.375","-123.008","06/21/2015","21:17","476.0","2","6.12","396.8","2","5.59","1011.3","21.7","101.88","-999.000","-999.000","478.9","399.0","-999.0","-999.0","-999.0","-999.0","-999.0","-999.0"
"TWANOH_123W_47N","47.375","-123.008","06/22/2015","00:17","475.9","2","6.43","395.1","2","5.66","1010.9","26.1","101.85","-999.000","-999.000","479.0","397.3","-999.0","-999.0","-999.0","-999.0","-999.0","-999.0"
"TWANOH_123W_47N","47.375","-123.008","06/22/2015","03:17","456.9","2","6.17","398.7","2","4.45","1012.1","25.9","101.60","-999.000","-999.000","459.8","400.5","-999.0","-999.0","-999.0","-999.0","-999.0","-999.0"
"TWANOH_123W_47N","47.375","-123.008","06/22/2015","06:17","432.8","2","5.19","410.2","2","4.43","1014.0","23.5","101.87","-999.000","-999.000","435.0","412.0","-999.0","-999.0","-999.0","-999.0","-999.0","-999.0"
"TWANOH_123W_47N","47.375","-123.008","06/22/2015","09:17","441.1","2","4.27","415.8","2","4.03","1015.9","20.4","101.76","-999.000","-999.000","443.0","417.4","-999.0","-999.0","-999.0","-999.0","-999.0","-999.0"
"TWANOH_123W_47N","47.375","-123.008","06/22/2015","12:17","428.0","2","4.31","411.0","2","4.09","1016.9","18.4","101.61","-999.000","-999.000","429.9","412.7","-999.0","-999.0","-999.0","-999.0","-999.0","-999.0"
"TWANOH_123W_47N","47.375","-123.008","06/22/2015","15:17","436.4","2","5.10","404.6","2","4.66","1018.3","18.0","101.55","-999.000","-999.000","438.6","406.5","-999.0","-999.0","-999.0","-999.0","-999.0","-999.0"
"TWANOH_123W_47N","47.375","-123.008","06/22/2015","18:17","449.8","2","5.74","397.0","2","5.01","1018.0","18.7","101.57","-999.000","-999.000","452.3","399.0","-999.0","-999.0","-999.0","-999.0","-999.0","-999.0"
"TWANOH_123W_47N","47.375","-123.008","06/22/2015","21:17","450.4","2","6.35","391.2","2","6.10","1017.5","20.4","101.62","-999.000","-999.000","453.2","393.6","-999.0","-999.0","-999.0","-999.0","-999.0","-999.0"
"TWANOH_123W_47N","47.375","-123.008","06/23/2015","00:17","443.6","2","6.66","391.5","2","6.46","1016.4","22.5","101.82","-999.000","-999.000","446.5","394.0","-999.0","-999.0","-999.0","-999.0","-999.0","-999.0"
"TWANOH_123W_47N","47.375","-123.008","06/23/2015","03:17","438.3","2","3.54","396.7","2","2.25","1016.6","23.2","101.62","-999.000","-999.000","439.8","397.5","-999.0","-999.0","-999.0","-999.0","-999.0","-999.0"
"TWANOH_123W_47N","47.375","-123.008","06/23/2015","06:17","408.3","2","4.65","404.9","2","4.07","1018.3","21.2","101.95","-999.000","-999.000","410.2","406.6","-999.0","-999.0","-999.0","-999.0","-999.0","-999.0"
"TWANOH_123W_47N","47.375","-123.008","06/23/2015","09:17","407.9","2","3.95","413.0","2","3.60","1019.2","18.9","102.14","-999.000","-999.000","409.5","414.5","-999.0","-999.0","-999.0","-999.0","-999.0","-999.0"
"TWANOH_123W_47N","47.375","-123.008","06/23/2015","12:17","419.8","2","3.55","426.7","2","3.30","1020.2","17.2","101.93","-999.000","-999.000","421.3","428.1","-999.0","-999.0","-999.0","-999.0","-999.0","-999.0"
"TWANOH_123W_47N","47.375","-123.008","06/23/2015","15:17","415.1","2","5.08","426.6","2","4.88","1020.5","16.5","101.97","-999.000","-999.000","417.2","428.7","-999.0","-999.0","-999.0","-999.0","-999.0","-999.0"
"TWANOH_123W_47N","47.375","-123.008","06/23/2015","18:17","423.7","2","4.98","406.6","2","4.47","1019.6","17.9","101.96","-999.000","-999.000","425.8","408.5","-999.0","-999.0","-999.0","-999.0","-999.0","-999.0"
"TWANOH_123W_47N","47.375","-123.008","06/23/2015","21:17","435.9","2","5.63","400.1","2","4.97","1018.2","20.4","102.11","-999.000","-999.000","438.3","402.1","-999.0","-999.0","-999.0","-999.0","-999.0","-999.0"
"TWANOH_123W_47N","47.375","-123.008","06/24/2015","00:17","454.0","2","6.41","397.3","2","6.09","1015.8","24.5","102.29","-999.000","-999.000","457.0","399.8","-999.0","-999.0","-999.0","-999.0","-999.0","-999.0"
"TWANOH_123W_47N","47.375","-123.008","06/24/2015","03:17","456.6","2","3.73","400.2","2","2.66","1015.3","25.7","102.03","-999.000","-999.000","458.3","401.3","-999.0","-999.0","-999.0","-999.0","-999.0","-999.0"
"TWANOH_123W_47N","47.375","-123.008","06/24/2015","06:17","441.1","2","5.88","416.4","2","5.03","1016.2","23.5","101.97","-999.000","-999.000","443.7","418.5","-999.0","-999.0","-999.0","-999.0","-999.0","-999.0"
"TWANOH_123W_47N","47.375","-123.008","06/24/2015","09:17","440.8","2","5.68","422.6","2","4.88","1016.3","21.8","101.88","-999.000","-999.000","443.3","424.6","-999.0","-999.0","-999.0","-999.0","-999.0","-999.0"
"TWANOH_123W_47N","47.375","-123.008","06/24/2015","12:17","439.9","2","5.29","442.5","2","4.80","1016.7","20.6","101.85","-999.000","-999.000","442.3","444.6","-999.0","-999.0","-999.0","-999.0","-999.0","-999.0"
"TWANOH_123W_47N","47.375","-123.008","06/24/2015","15:17","445.0","2","6.13","434.5","2","5.56","1017.3","19.7","101.70","-999.000","-999.000","447.7","436.9","-999.0","-999.0","-999.0","-999.0","-999.0","-999.0"
"TWANOH_123W_47N","47.375","-123.008","06/24/2015","18:17","454.6","2","6.60","417.1","2","5.87","1017.2","20.6","101.68","-999.000","-999.000","457.7","419.6","-999.0","-999.0","-999.0","-999.0","-999.0","-999.0"
"TWANOH_123W_47N","47.375","-123.008","06/24/2015","21:17","459.0","2","6.69","401.2","2","5.89","1018.2","21.5","101.75","-999.000","-999.000","462.1","403.6","-999.0","-999.0","-999.0","-999.0","-999.0","-999.0"
"TWANOH_123W_47N","47.375","-123.008","06/25/2015","00:17","487.6","2","6.83","396.4","2","6.54","1017.1","24.7","102.03","-999.000","-999.000","491.0","399.0","-999.0","-999.0","-999.0","-999.0","-999.0","-999.0"
"TWANOH_123W_47N","47.375","-123.008","06/25/2015","03:17","476.5","2","4.42","405.5","2","3.64","1016.6","27.2","101.84","-999.000","-999.000","478.6","407.0","-999.0","-999.0","-999.0","-999.0","-999.0","-999.0"
"TWANOH_123W_47N","47.375","-123.008","06/25/2015","06:17","462.7","2","3.53","405.0","2","2.93","1017.6","24.6","101.81","-999.000","-999.000","464.4","406.2","-999.0","-999.0","-999.0","-999.0","-999.0","-999.0"
"TWANOH_123W_47N","47.375","-123.008","06/25/2015","09:17","431.5","2","5.46","416.0","2","5.08","1018.0","22.1","101.75","-999.000","-999.000","433.8","418.1","-999.0","-999.0","-999.0","-999.0","-999.0","-999.0"
"TWANOH_123W_47N","47.375","-123.008","06/25/2015","12:17","442.0","2","5.27","429.9","2","5.01","1019.2","20.5","101.72","-999.000","-999.000","444.3","432.1","-999.0","-999.0","-999.0","-999.0","-999.0","-999.0"
"TWANOH_123W_47N","47.375","-123.008","06/25/2015","15:17","468.1","2","6.62","443.3","2","6.37","1020.0","19.9","101.38","-999.000","-999.000","471.2","446.2","-999.0","-999.0","-999.0","-999.0","-999.0","-999.0"
"TWANOH_123W_47N","47.375","-123.008","06/25/2015","18:17","472.1","2","6.78","407.6","2","6.67","1019.6","20.9","101.35","-999.000","-999.000","475.3","410.3","-999.0","-999.0","-999.0","-999.0","-999.0","-999.0"
"TWANOH_123W_47N","47.375","-123.008","06/25/2015","21:17","461.1","2","6.61","400.8","2","6.12","1017.9","23.6","101.54","-999.000","-999.000","464.2","403.3","-999.0","-999.0","-999.0","-999.0","-999.0","-999.0"
"TWANOH_123W_47N","47.375","-123.008","06/26/2015","00:17","494.9","2","7.51","398.6","2","7.08","1016.5","27.4","101.71","-999.000","-999.000","498.7","401.4","-999.0","-999.0","-999.0","-999.0","-999.0","-999.0"
"TWANOH_123W_47N","47.375","-123.008","06/26/2015","03:17","471.2","2","4.37","404.3","2","3.12","1016.8","28.8","101.66","-999.000","-999.000","473.3","405.6","-999.0","-999.0","-999.0","-999.0","-999.0","-999.0"
"TWANOH_123W_47N","47.375","-123.008","06/26/2015","06:17","446.3","2","6.80","424.1","2","5.99","1017.3","26.3","101.94","-999.000","-999.000","449.3","426.6","-999.0","-999.0","-999.0","-999.0","-999.0","-999.0"
"TWANOH_123W_47N","47.375","-123.008","06/26/2015","09:17","457.3","2","6.63","436.0","2","6.07","1017.5","24.2","102.04","-999.000","-999.000","460.3","438.7","-999.0","-999.0","-999.0","-999.0","-999.0","-999.0"
"TWANOH_123W_47N","47.375","-123.008","06/26/2015","12:17","476.2","2","5.98","447.1","2","5.56","1018.0","22.5","101.77","-999.000","-999.000","479.1","449.6","-999.0","-999.0","-999.0","-999.0","-999.0","-999.0"
"TWANOH_123W_47N","47.375","-123.008","06/26/2015","15:17","472.8","2","7.57","455.1","2","7.10","1018.6","21.6","101.61","-999.000","-999.000","476.4","458.3","-999.0","-999.0","-999.0","-999.0","-999.0","-999.0"
"TWANOH_123W_47N","47.375","-123.008","06/26/2015","18:17","479.4","2","7.41","421.3","2","6.58","1017.0","22.4","101.52","-999.000","-999.000","483.0","424.1","-999.0","-999.0","-999.0","-999.0","-999.0","-999.0"
"TWANOH_123W_47N","47.375","-123.008","06/26/2015","21:17","490.3","2","8.02","408.5","2","7.80","1015.5","24.3","101.92","-999.000","-999.000","494.2","411.7","-999.0","-999.0","-999.0","-999.0","-999.0","-999.0"
"TWANOH_123W_47N","47.375","-123.008","06/27/2015","00:17","504.3","2","6.71","399.3","2","6.07","1013.5","28.0","102.09","-999.000","-999.000","507.7","401.7","-999.0","-999.0","-999.0","-999.0","-999.0","-999.0"
"TWANOH_123W_47N","47.375","-123.008","06/27/2015","03:17","499.8","2","7.34","412.7","2","5.96","1012.1","29.6","102.09","-999.000","-999.000","503.5","415.1","-999.0","-999.0","-999.0","-999.0","-999.0","-999.0"
"TWANOH_123W_47N","47.375","-123.008","06/27/2015","06:17","517.2","2","7.53","429.9","2","6.87","1013.0","27.5","102.06","-999.000","-999.000","521.1","432.8","-999.0","-999.0","-999.0","-999.0","-999.0","-999.0"
"TWANOH_123W_47N","47.375","-123.008","06/27/2015","09:17","504.7","2","7.36","435.5","2","6.71","1013.4","25.0","101.97","-999.000","-999.000","508.4","438.4","-999.0","-999.0","-999.0","-999.0","-999.0","-999.0"
"TWANOH_123W_47N","47.375","-123.008","06/27/2015","12:17","505.5","2","6.52","430.0","2","6.04","1013.7","23.2","101.73","-999.000","-999.000","508.9","432.6","-999.0","-999.0","-999.0","-999.0","-999.0","-999.0"
"TWANOH_123W_47N","47.375","-123.008","06/27/2015","15:17","506.9","2","7.91","438.5","2","7.33","1015.2","22.2","101.44","-999.000","-999.000","510.9","441.7","-999.0","-999.0","-999.0","-999.0","-999.0","-999.0"
"TWANOH_123W_47N","47.375","-123.008","06/27/2015","18:17","504.2","2","8.13","409.1","2","7.30","1013.2","23.0","101.43","-999.000","-999.000","508.3","412.1","-999.0","-999.0","-999.0","-999.0","-999.0","-999.0"
"TWANOH_123W_47N","47.375","-123.008","06/27/2015","21:17","534.6","2","8.81","406.1","2","8.57","1012.0","24.8","101.36","-999.000","-999.000","539.3","409.6","-999.0","-999.0","-999.0","-999.0","-999.0","-999.0"
"TWANOH_123W_47N","47.375","-123.008","06/28/2015","00:17","552.2","2","8.38","399.7","2","8.00","1010.9","28.1","101.39","-999.000","-999.000","556.9","402.9","-999.0","-999.0","-999.0","-999.0","-999.0","-999.0"
"TWANOH_123W_47N","47.375","-123.008","06/28/2015","03:17","518.5","2","4.90","427.4","2","3.51","1010.3","29.4","101.46","-999.000","-999.000","521.1","428.9","-999.0","-999.0","-999.0","-999.0","-999.0","-999.0"
"TWANOH_123W_47N","47.375","-123.008","06/28/2015","06:17","518.7","2","7.78","436.4","2","6.78","1011.3","27.5","101.48","-999.000","-999.000","522.8","439.4","-999.0","-999.0","-999.0","-999.0","-999.0","-999.0"
"TWANOH_123W_47N","47.375","-123.008","06/28/2015","09:17","534.2","2","7.67","449.0","2","6.90","1012.0","25.3","101.15","-999.000","-999.000","538.4","452.1","-999.0","-999.0","-999.0","-999.0","-999.0","-999.0"
"TWANOH_123W_47N","47.375","-123.008","06/28/2015","12:17","512.4","2","7.20","456.6","2","6.65","1011.6","23.9","101.19","-999.000","-999.000","516.1","459.6","-999.0","-999.0","-999.0","-999.0","-999.0","-999.0"
"TWANOH_123W_47N","47.375","-123.008","06/28/2015","15:17","499.2","2","8.17","479.6","2","7.71","1012.4","23.2","101.24","-999.000","-999.000","503.3","483.4","-999.0","-999.0","-999.0","-999.0","-999.0","-999.0"
"TWANOH_123W_47N","47.375","-123.008","06/28/2015","18:17","498.6","2","7.81","417.9","2","7.02","1014.5","23.4","101.26","-999.000","-999.000","502.5","420.8","-999.0","-999.0","-999.0","-999.0","-999.0","-999.0"
"TWANOH_123W_47N","47.375","-123.008","06/28/2015","21:17","517.9","2","8.48","416.3","2","7.53","1013.6","23.3","101.18","-999.000","-999.000","522.4","419.4","-999.0","-999.0","-999.0","-999.0","-999.0","-999.0"
"TWANOH_123W_47N","47.375","-123.008","06/29/2015","00:17","491.2","2","8.31","397.1","2","7.36","1013.2","24.2","101.26","-999.000","-999.000","495.3","400.1","-999.0","-999.0","-999.0","-999.0","-999.0","-999.0"
"TWANOH_123W_47N","47.375","-123.008","06/29/2015","03:17","475.5","2","8.23","403.1","2","7.57","1012.0","24.4","101.62","-999.000","-999.000","479.5","406.2","-999.0","-999.0","-999.0","-999.0","-999.0","-999.0"
"TWANOH_123W_47N","47.375","-123.008","06/29/2015","06:17","468.5","2","7.35","418.6","2","6.76","1012.9","24.0","101.72","-999.000","-999.000","471.9","421.5","-999.0","-999.0","-999.0","-999.0","-999.0","-999.0"
"TWANOH_123W_47N","47.375","-123.008","06/29/2015","09:17","502.1","2","7.21","420.2","2","6.80","1011.8","23.0","101.39","-999.000","-999.000","505.7","423.0","-999.0","-999.0","-999.0","-999.0","-999.0","-999.0"
"TWANOH_123W_47N","47.375","-123.008","06/29/2015","12:17","469.9","2","6.31","424.8","2","6.03","1013.1","22.3","101.46","-999.000","-999.000","472.9","427.3","-999.0","-999.0","-999.0","-999.0","-999.0","-999.0"
"TWANOH_123W_47N","47.375","-123.008","06/29/2015","15:17","444.2","2","6.60","413.5","2","6.34","1014.8","21.0","101.77","-999.000","-999.000","447.1","416.1","-999.0","-999.0","-999.0","-999.0","-999.0","-999.0"
"TWANOH_123W_47N","47.375","-123.008","06/29/2015","18:17","443.0","2","6.97","400.1","2","6.42","1015.3","21.2","102.10","-999.000","-999.000","446.1","402.6","-999.0","-999.0","-999.0","-999.0","-999.0","-999.0"
"TWANOH_123W_47N","47.375","-123.008","06/29/2015","21:17","456.8","2","7.96","395.3","2","7.18","1014.9","22.0","102.46","-999.000","-999.000","460.4","398.1","-999.0","-999.0","-999.0","-999.0","-999.0","-999.0"
"TWANOH_123W_47N","47.375","-123.008","06/30/2015","00:17","424.4","2","8.69","391.8","2","8.51","1013.7","24.8","103.48","-999.000","-999.000","428.1","395.1","-999.0","-999.0","-999.0","-999.0","-999.0","-999.0"
"TWANOH_123W_47N","47.375","-123.008","06/30/2015","03:17","423.2","2","3.95","394.3","2","2.69","1014.4","26.1","103.71","-999.000","-999.000","424.9","395.4","-999.0","-999.0","-999.0","-999.0","-999.0","-999.0"
"TWANOH_123W_47N","47.375","-123.008","06/30/2015","06:17","450.3","2","6.44","405.1","2","6.05","1016.1","23.6","103.39","-999.000","-999.000","453.2","407.6","-999.0","-999.0","-999.0","-999.0","-999.0","-999.0"
"TWANOH_123W_47N","47.375","-123.008","06/30/2015","09:17","403.3","2","5.95","410.7","2","5.79","1017.2","21.6","103.65","-999.000","-999.000","405.7","413.1","-999.0","-999.0","-999.0","-999.0","-999.0","-999.0"
"TWANOH_123W_47N","47.375","-123.008","06/30/2015","12:17","405.9","2","5.82","414.5","2","5.71","1018.2","20.7","103.61","-999.000","-999.000","408.3","416.9","-999.0","-999.0","-999.0","-999.0","-999.0","-999.0"
"TWANOH_123W_47N","47.375","-123.008","06/30/2015","15:17","413.2","2","6.12","413.6","2","5.91","1019.1","20.2","103.50","-999.000","-999.000","415.7","416.0","-999.0","-999.0","-999.0","-999.0","-999.0","-999.0"
"TWANOH_123W_47N","47.375","-123.008","06/30/2015","18:17","420.9","2","7.29","406.2","2","6.75","1019.2","20.9","103.38","-999.000","-999.000","424.0","408.9","-999.0","-999.0","-999.0","-999.0","-999.0","-999.0"
"TWANOH_123W_47N","47.375","-123.008","06/30/2015","21:17","436.7","2","7.77","397.3","2","7.67","1017.1","22.6","103.61","-999.000","-999.000","440.1","400.4","-999.0","-999.0","-999.0","-999.0","-999.0","-999.0"
"TWANOH_123W_47N","47.375","-123.008","07/01/2015","00:17","407.2","2","6.99","393.7","2","6.59","1014.8","27.2","104.33","-999.000","-999.000","410.0","396.3","-999.0","-999.0","-999.0","-999.0","-999.0","-999.0"
"TWANOH_123W_47N","47.375","-123.008","07/01/2015","03:17","420.5","2","4.72","395.8","2","3.88","1014.4","29.9","104.37","-999.000","-999.000","422.5","397.3","-999.0","-999.0","-999.0","-999.0","-999.0","-999.0"
"TWANOH_123W_47N","47.375","-123.008","07/01/2015","06:17","428.0","2","3.22","407.7","2","2.39","1016.1","26.9","104.18","-999.000","-999.000","429.4","408.7","-999.0","-999.0","-999.0","-999.0","-999.0","-999.0"
"TWANOH_123W_47N","47.375","-123.008","07/01/2015","09:17","385.2","2","4.92","421.0","2","4.29","1016.2","24.0","104.45","-999.000","-999.000","387.1","422.8","-999.0","-999.0","-999.0","-999.0","-999.0","-999.0"
"TWANOH_123W_47N","47.375","-123.008","07/01/2015","12:17","387.7","2","5.26","429.7","2","4.83","1016.3","21.8","104.46","-999.000","-999.000","389.7","431.8","-999.0","-999.0","-999.0","-999.0","-999.0","-999.0"
"TWANOH_123W_47N","47.375","-123.008","07/01/2015","15:17","396.9","2","7.35","432.7","2","6.87","1016.8","20.9","104.49","-999.000","-999.000","399.9","435.7","-999.0","-999.0","-999.0","-999.0","-999.0","-999.0"
"TWANOH_123W_47N","47.375","-123.008","07/01/2015","18:17","416.2","2","7.66","414.7","2","6.81","1015.8","22.0","104.39","-999.000","-999.000","419.4","417.5","-999.0","-999.0","-999.0","-999.0","-999.0","-999.0"
"TWANOH_123W_47N","47.375","-123.008","07/01/2015","21:17","423.8","2","8.36","400.4","2","8.18","1013.5","23.9","104.59","-999.000","-999.000","427.3","403.7","-999.0","-999.0","-999.0","-999.0","-999.0","-999.0"
"TWANOH_123W_47N","47.375","-123.008","07/02/2015","00:17","460.0","2","6.85","404.3","2","6.51","1011.8","26.7","104.78","-999.000","-999.000","463.1","407.0","-999.0","-999.0","-999.0","-999.0","-999.0","-999.0"
"TWANOH_123W_47N","47.375","-123.008","07/02/2015","03:17","410.8","2","4.48","407.3","2","3.56","1012.1","29.2","105.15","-999.000","-999.000","412.6","408.7","-999.0","-999.0","-999.0","-999.0","-999.0","-999.0"
"TWANOH_123W_47N","47.375","-123.008","07/02/2015","06:17","424.1","2","2.59","427.6","2","1.63","1013.2","27.2","105.02","-999.000","-999.000","425.2","428.3","-999.0","-999.0","-999.0","-999.0","-999.0","-999.0"
"TWANOH_123W_47N","47.375","-123.008","07/02/2015","09:17","411.5","2","7.24","446.0","2","6.59","1013.5","25.0","105.07","-999.000","-999.000","414.5","448.9","-999.0","-999.0","-999.0","-999.0","-999.0","-999.0"
"TWANOH_123W_47N","47.375","-123.008","07/02/2015","12:17","412.1","2","6.67","461.8","2","6.27","1014.4","23.3","105.03","-999.000","-999.000","414.8","464.7","-999.0","-999.0","-999.0","-999.0","-999.0","-999.0"
"TWANOH_123W_47N","47.375","-123.008","07/02/2015","15:17","408.8","2","8.02","462.9","2","7.50","1015.6","22.3","104.99","-999.000","-999.000","412.1","466.4","-999.0","-999.0","-999.0","-999.0","-999.0","-999.0"
"TWANOH_123W_47N","47.375","-123.008","07/02/2015","18:17","434.8","2","8.56","425.9","2","7.75","1015.2","22.8","104.94","-999.000","-999.000","438.6","429.2","-999.0","-999.0","-999.0","-999.0","-999.0","-999.0"
